degree distribution (probability density function of the degree in logarithmic bins) 
10.4596	0.121235
12.4614	0.0757152
14.8904	0.0651442
17.9292	0.0391876
20.9309	0.023931
24.4025	0.0208728
28.4186	0.0121882
33.4165	0.0114993
39.3095	0.00673987
45.8752	0.0052805
50	0.000498228

degree distribution (degree-occurrences) 
10	0.1144
11	0.0973
12	0.08365
13	0.07165
14	0.0606
15	0.05295
16	0.0434
17	0.04125
18	0.03625
19	0.0334
20	0.0292
21	0.02665
22	0.0237
23	0.02305
24	0.02095
25	0.01915
26	0.01835
27	0.0154
28	0.01435
29	0.0135
30	0.01265
31	0.01095
32	0.01095
33	0.01045
34	0.0104
35	0.00935
36	0.00985
37	0.00775
38	0.0083
39	0.00745
40	0.00715
41	0.00615
42	0.00585
43	0.0059
44	0.0056
45	0.0063
46	0.00595
47	0.00565
48	0.0049
49	0.00495
50	0.00435


--------------------------------------
community distribution (size-occurrences)
10	0.0544135
11	0.0640871
12	0.0459492
13	0.0519952
14	0.0302297
15	0.0459492
16	0.0411125
17	0.0374849
18	0.0278114
19	0.0435308
20	0.0290206
21	0.0217654
22	0.0326481
23	0.0217654
24	0.0229746
25	0.0290206
26	0.0217654
27	0.0229746
28	0.0217654
29	0.025393
30	0.0290206
31	0.0133011
32	0.0181378
33	0.0133011
34	0.0157195
35	0.0241838
36	0.0181378
37	0.0108827
38	0.0181378
39	0.0169287
40	0.0145103
41	0.00967352
42	0.0169287
43	0.0145103
44	0.0108827
45	0.0120919
46	0.0120919
47	0.00967352
48	0.0133011
49	0.0120919
50	0.00483676


--------------------------------------
mixing parameter
0.363636	0.0005
0.384615	0.0004
0.4	0.0016
0.416078	0.00125
0.42782	0.0015
0.439773	0.001
0.454549	0.0479
0.46538	0.0826
0.479138	0.0796
0.499525	0.54165
0.511979	0.02195
0.520942	0.0814
0.534526	0.0833
0.545468	0.0493
0.560595	0.0009
0.572296	0.0013
0.584252	0.0016
0.6	0.00135
0.615385	0.00015
0.636364	0.00075

--------------------------------------
