1	133 
2	52 
3	187 
4	164 
5	66 
6	17 
7	134 
8	142 
9	55 
10	177 
11	93 
12	121 
13	138 
14	74 
15	19 
16	14 
17	192 
18	53 
19	173 
20	100 
21	33 
22	120 
23	191 
24	4 
25	83 
26	167 
27	117 
28	55 
29	45 
30	64 
31	158 
32	40 
33	53 
34	80 
35	45 
36	184 
37	134 
38	72 
39	142 
40	139 
41	29 
42	206 
43	2 
44	186 
45	130 
46	58 
47	87 
48	91 
49	136 
50	124 
51	192 
52	145 
53	88 
54	158 
55	169 
56	147 
57	63 
58	120 
59	197 
60	75 
61	143 
62	13 
63	177 
64	196 
65	12 
66	42 
67	3 
68	83 
69	50 
70	121 
71	93 
72	31 
73	181 
74	48 
75	43 
76	14 
77	35 
78	164 
79	2 
80	35 
81	23 
82	118 
83	108 
84	147 
85	87 
86	158 
87	166 
88	12 
89	103 
90	165 
91	76 
92	108 
93	171 
94	78 
95	142 
96	77 
97	33 
98	63 
99	90 
100	204 
101	186 
102	72 
103	23 
104	6 
105	59 
106	94 
107	121 
108	7 
109	138 
110	198 
111	171 
112	199 
113	28 
114	51 
115	164 
116	103 
117	199 
118	204 
119	122 
120	150 
121	26 
122	206 
123	99 
124	158 
125	57 
126	203 
127	19 
128	84 
129	180 
130	146 
131	150 
132	150 
133	31 
134	145 
135	137 
136	99 
137	3 
138	25 
139	81 
140	137 
141	79 
142	101 
143	165 
144	41 
145	130 
146	53 
147	148 
148	177 
149	60 
150	136 
151	134 
152	148 
153	136 
154	77 
155	68 
156	28 
157	161 
158	194 
159	130 
160	22 
161	106 
162	16 
163	50 
164	61 
165	203 
166	91 
167	34 
168	39 
169	81 
170	66 
171	80 
172	114 
173	120 
174	36 
175	92 
176	106 
177	15 
178	106 
179	187 
180	116 
181	5 
182	23 
183	52 
184	185 
185	121 
186	37 
187	20 
188	32 
189	20 
190	93 
191	76 
192	2 
193	105 
194	174 
195	155 
196	205 
197	185 
198	36 
199	179 
200	79 
201	157 
202	14 
203	99 
204	68 
205	38 
206	157 
207	102 
208	140 
209	149 
210	80 
211	166 
212	131 
213	164 
214	59 
215	155 
216	83 
217	63 
218	62 
219	164 
220	1 
221	58 
222	22 
223	70 
224	63 
225	204 
226	134 
227	197 
228	191 
229	9 
230	58 
231	166 
232	126 
233	77 
234	69 
235	115 
236	139 
237	148 
238	164 
239	155 
240	10 
241	26 
242	23 
243	152 
244	180 
245	111 
246	150 
247	42 
248	142 
249	88 
250	146 
251	59 
252	176 
253	176 
254	186 
255	136 
256	110 
257	47 
258	143 
259	108 
260	50 
261	41 
262	156 
263	175 
264	74 
265	132 
266	205 
267	43 
268	9 
269	102 
270	158 
271	25 
272	86 
273	130 
274	40 
275	176 
276	139 
277	54 
278	21 
279	8 
280	5 
281	180 
282	173 
283	183 
284	59 
285	204 
286	121 
287	125 
288	69 
289	37 
290	206 
291	49 
292	105 
293	177 
294	189 
295	34 
296	55 
297	120 
298	46 
299	101 
300	127 
301	12 
302	148 
303	45 
304	80 
305	3 
306	139 
307	197 
308	95 
309	73 
310	21 
311	28 
312	2 
313	98 
314	178 
315	158 
316	115 
317	27 
318	194 
319	1 
320	193 
321	90 
322	32 
323	133 
324	171 
325	142 
326	98 
327	166 
328	20 
329	193 
330	161 
331	116 
332	30 
333	24 
334	53 
335	16 
336	62 
337	23 
338	39 
339	188 
340	38 
341	76 
342	143 
343	10 
344	28 
345	142 
346	6 
347	167 
348	8 
349	116 
350	3 
351	95 
352	168 
353	203 
354	47 
355	183 
356	145 
357	62 
358	25 
359	125 
360	88 
361	102 
362	36 
363	149 
364	121 
365	159 
366	32 
367	153 
368	67 
369	67 
370	68 
371	123 
372	150 
373	77 
374	85 
375	181 
376	83 
377	158 
378	123 
379	174 
380	169 
381	89 
382	70 
383	38 
384	203 
385	194 
386	35 
387	52 
388	34 
389	66 
390	72 
391	88 
392	183 
393	158 
394	48 
395	168 
396	199 
397	147 
398	25 
399	152 
400	34 
401	18 
402	60 
403	52 
404	46 
405	133 
406	121 
407	170 
408	107 
409	188 
410	2 
411	131 
412	14 
413	32 
414	121 
415	33 
416	189 
417	97 
418	181 
419	188 
420	82 
421	17 
422	93 
423	58 
424	6 
425	143 
426	69 
427	103 
428	10 
429	201 
430	114 
431	50 
432	95 
433	196 
434	176 
435	48 
436	23 
437	192 
438	63 
439	76 
440	61 
441	168 
442	68 
443	108 
444	139 
445	116 
446	201 
447	25 
448	131 
449	87 
450	5 
451	146 
452	199 
453	153 
454	188 
455	197 
456	44 
457	199 
458	46 
459	124 
460	108 
461	100 
462	51 
463	150 
464	163 
465	146 
466	204 
467	87 
468	67 
469	37 
470	97 
471	46 
472	175 
473	8 
474	98 
475	53 
476	130 
477	170 
478	117 
479	15 
480	76 
481	46 
482	21 
483	50 
484	77 
485	160 
486	185 
487	37 
488	197 
489	8 
490	102 
491	49 
492	160 
493	140 
494	9 
495	116 
496	45 
497	192 
498	185 
499	95 
500	49 
501	152 
502	204 
503	88 
504	150 
505	126 
506	2 
507	39 
508	160 
509	155 
510	132 
511	2 
512	85 
513	85 
514	171 
515	149 
516	191 
517	2 
518	69 
519	204 
520	52 
521	78 
522	6 
523	107 
524	83 
525	11 
526	72 
527	82 
528	61 
529	31 
530	4 
531	153 
532	108 
533	143 
534	120 
535	35 
536	110 
537	22 
538	131 
539	186 
540	28 
541	197 
542	167 
543	49 
544	119 
545	127 
546	128 
547	122 
548	197 
549	151 
550	160 
551	173 
552	145 
553	21 
554	184 
555	90 
556	197 
557	125 
558	157 
559	142 
560	76 
561	156 
562	74 
563	182 
564	78 
565	168 
566	26 
567	187 
568	139 
569	8 
570	79 
571	128 
572	89 
573	198 
574	13 
575	106 
576	100 
577	16 
578	159 
579	23 
580	130 
581	69 
582	168 
583	153 
584	87 
585	147 
586	104 
587	131 
588	143 
589	199 
590	163 
591	34 
592	101 
593	36 
594	177 
595	60 
596	133 
597	10 
598	111 
599	184 
600	91 
601	201 
602	171 
603	57 
604	204 
605	123 
606	142 
607	150 
608	197 
609	37 
610	179 
611	161 
612	96 
613	155 
614	76 
615	176 
616	32 
617	25 
618	6 
619	8 
620	119 
621	175 
622	122 
623	97 
624	104 
625	204 
626	108 
627	161 
628	106 
629	121 
630	61 
631	27 
632	141 
633	188 
634	192 
635	203 
636	37 
637	107 
638	200 
639	111 
640	154 
641	188 
642	82 
643	151 
644	107 
645	142 
646	155 
647	203 
648	20 
649	165 
650	188 
651	47 
652	156 
653	39 
654	88 
655	206 
656	89 
657	80 
658	115 
659	4 
660	101 
661	124 
662	137 
663	10 
664	67 
665	204 
666	157 
667	41 
668	143 
669	21 
670	11 
671	123 
672	140 
673	158 
674	67 
675	44 
676	29 
677	205 
678	175 
679	123 
680	13 
681	96 
682	88 
683	50 
684	70 
685	5 
686	59 
687	106 
688	155 
689	197 
690	97 
691	47 
692	193 
693	117 
694	32 
695	140 
696	39 
697	74 
698	155 
699	33 
700	108 
701	196 
702	145 
703	131 
704	143 
705	148 
706	3 
707	40 
708	160 
709	203 
710	137 
711	31 
712	100 
713	118 
714	192 
715	63 
716	203 
717	52 
718	132 
719	21 
720	179 
721	165 
722	196 
723	23 
724	176 
725	146 
726	202 
727	43 
728	122 
729	32 
730	3 
731	37 
732	77 
733	125 
734	130 
735	168 
736	76 
737	84 
738	160 
739	170 
740	113 
741	26 
742	135 
743	68 
744	188 
745	71 
746	200 
747	142 
748	28 
749	53 
750	159 
751	151 
752	111 
753	29 
754	82 
755	114 
756	26 
757	59 
758	142 
759	89 
760	107 
761	4 
762	198 
763	145 
764	197 
765	17 
766	18 
767	68 
768	198 
769	24 
770	87 
771	50 
772	86 
773	59 
774	109 
775	65 
776	76 
777	162 
778	1 
779	89 
780	4 
781	134 
782	158 
783	203 
784	91 
785	84 
786	121 
787	206 
788	19 
789	69 
790	182 
791	180 
792	202 
793	127 
794	206 
795	199 
796	111 
797	177 
798	55 
799	37 
800	107 
801	71 
802	92 
803	19 
804	150 
805	126 
806	26 
807	158 
808	3 
809	108 
810	14 
811	150 
812	46 
813	3 
814	160 
815	2 
816	74 
817	26 
818	1 
819	66 
820	2 
821	28 
822	188 
823	30 
824	14 
825	21 
826	60 
827	29 
828	198 
829	108 
830	73 
831	195 
832	7 
833	174 
834	82 
835	188 
836	87 
837	122 
838	147 
839	79 
840	49 
841	53 
842	102 
843	68 
844	18 
845	138 
846	16 
847	67 
848	120 
849	191 
850	45 
851	15 
852	90 
853	84 
854	16 
855	123 
856	164 
857	198 
858	13 
859	34 
860	17 
861	170 
862	125 
863	196 
864	71 
865	124 
866	94 
867	14 
868	35 
869	26 
870	31 
871	127 
872	149 
873	167 
874	138 
875	30 
876	65 
877	98 
878	205 
879	156 
880	156 
881	86 
882	57 
883	107 
884	158 
885	206 
886	144 
887	189 
888	164 
889	196 
890	15 
891	186 
892	172 
893	109 
894	130 
895	148 
896	152 
897	139 
898	124 
899	175 
900	9 
901	75 
902	21 
903	186 
904	188 
905	120 
906	133 
907	128 
908	3 
909	75 
910	78 
911	150 
912	31 
913	76 
914	164 
915	50 
916	13 
917	32 
918	200 
919	136 
920	145 
921	10 
922	12 
923	77 
924	171 
925	91 
926	13 
927	68 
928	204 
929	78 
930	121 
931	206 
932	64 
933	164 
934	82 
935	198 
936	40 
937	179 
938	138 
939	169 
940	132 
941	120 
942	15 
943	118 
944	53 
945	163 
946	169 
947	40 
948	145 
949	136 
950	112 
951	176 
952	144 
953	11 
954	178 
955	128 
956	82 
957	56 
958	199 
959	145 
960	15 
961	206 
962	186 
963	6 
964	50 
965	165 
966	73 
967	179 
968	5 
969	42 
970	197 
971	180 
972	8 
973	6 
974	139 
975	168 
976	136 
977	185 
978	130 
979	89 
980	151 
981	108 
982	65 
983	185 
984	183 
985	100 
986	154 
987	180 
988	127 
989	162 
990	153 
991	93 
992	26 
993	85 
994	142 
995	50 
996	34 
997	82 
998	202 
999	161 
1000	13 
1001	19 
1002	60 
1003	52 
1004	65 
1005	131 
1006	41 
1007	171 
1008	32 
1009	204 
1010	69 
1011	51 
1012	169 
1013	158 
1014	50 
1015	133 
1016	149 
1017	105 
1018	23 
1019	159 
1020	180 
1021	77 
1022	38 
1023	205 
1024	83 
1025	50 
1026	161 
1027	93 
1028	131 
1029	83 
1030	172 
1031	53 
1032	137 
1033	87 
1034	66 
1035	156 
1036	178 
1037	69 
1038	49 
1039	128 
1040	144 
1041	19 
1042	160 
1043	108 
1044	5 
1045	60 
1046	148 
1047	188 
1048	22 
1049	138 
1050	181 
1051	83 
1052	150 
1053	146 
1054	10 
1055	164 
1056	174 
1057	64 
1058	35 
1059	100 
1060	63 
1061	173 
1062	152 
1063	121 
1064	160 
1065	66 
1066	152 
1067	113 
1068	127 
1069	121 
1070	13 
1071	27 
1072	69 
1073	118 
1074	164 
1075	45 
1076	180 
1077	22 
1078	135 
1079	31 
1080	121 
1081	34 
1082	60 
1083	85 
1084	35 
1085	43 
1086	69 
1087	190 
1088	183 
1089	104 
1090	17 
1091	126 
1092	109 
1093	40 
1094	191 
1095	101 
1096	203 
1097	76 
1098	135 
1099	37 
1100	11 
1101	144 
1102	161 
1103	60 
1104	60 
1105	162 
1106	23 
1107	177 
1108	206 
1109	59 
1110	196 
1111	164 
1112	61 
1113	192 
1114	8 
1115	71 
1116	133 
1117	74 
1118	55 
1119	82 
1120	114 
1121	20 
1122	204 
1123	136 
1124	161 
1125	161 
1126	139 
1127	61 
1128	142 
1129	150 
1130	181 
1131	44 
1132	145 
1133	53 
1134	23 
1135	181 
1136	53 
1137	203 
1138	88 
1139	154 
1140	169 
1141	37 
1142	148 
1143	205 
1144	37 
1145	122 
1146	98 
1147	145 
1148	132 
1149	196 
1150	64 
1151	41 
1152	125 
1153	1 
1154	153 
1155	62 
1156	75 
1157	6 
1158	204 
1159	196 
1160	148 
1161	113 
1162	59 
1163	48 
1164	29 
1165	92 
1166	22 
1167	89 
1168	196 
1169	31 
1170	36 
1171	116 
1172	150 
1173	42 
1174	101 
1175	114 
1176	53 
1177	123 
1178	79 
1179	7 
1180	196 
1181	157 
1182	23 
1183	76 
1184	93 
1185	150 
1186	39 
1187	80 
1188	196 
1189	106 
1190	169 
1191	1 
1192	97 
1193	6 
1194	35 
1195	53 
1196	123 
1197	164 
1198	130 
1199	172 
1200	15 
1201	206 
1202	128 
1203	91 
1204	190 
1205	90 
1206	94 
1207	58 
1208	161 
1209	78 
1210	184 
1211	148 
1212	93 
1213	163 
1214	32 
1215	43 
1216	43 
1217	108 
1218	191 
1219	40 
1220	12 
1221	203 
1222	72 
1223	101 
1224	152 
1225	118 
1226	95 
1227	29 
1228	90 
1229	202 
1230	21 
1231	181 
1232	88 
1233	68 
1234	80 
1235	98 
1236	94 
1237	84 
1238	17 
1239	64 
1240	60 
1241	200 
1242	119 
1243	168 
1244	199 
1245	187 
1246	199 
1247	174 
1248	148 
1249	99 
1250	139 
1251	181 
1252	105 
1253	171 
1254	205 
1255	165 
1256	69 
1257	153 
1258	6 
1259	31 
1260	26 
1261	74 
1262	131 
1263	80 
1264	155 
1265	33 
1266	109 
1267	123 
1268	3 
1269	2 
1270	20 
1271	86 
1272	69 
1273	126 
1274	68 
1275	95 
1276	146 
1277	158 
1278	73 
1279	135 
1280	56 
1281	59 
1282	148 
1283	170 
1284	149 
1285	193 
1286	51 
1287	21 
1288	130 
1289	35 
1290	146 
1291	23 
1292	175 
1293	23 
1294	120 
1295	111 
1296	120 
1297	176 
1298	44 
1299	81 
1300	39 
1301	75 
1302	145 
1303	44 
1304	204 
1305	60 
1306	165 
1307	29 
1308	105 
1309	127 
1310	143 
1311	190 
1312	40 
1313	79 
1314	3 
1315	195 
1316	168 
1317	26 
1318	28 
1319	71 
1320	20 
1321	85 
1322	134 
1323	108 
1324	186 
1325	191 
1326	106 
1327	96 
1328	194 
1329	55 
1330	109 
1331	175 
1332	142 
1333	129 
1334	191 
1335	92 
1336	166 
1337	178 
1338	7 
1339	206 
1340	70 
1341	16 
1342	131 
1343	48 
1344	136 
1345	128 
1346	197 
1347	129 
1348	129 
1349	106 
1350	203 
1351	109 
1352	102 
1353	82 
1354	150 
1355	141 
1356	9 
1357	30 
1358	12 
1359	26 
1360	71 
1361	137 
1362	119 
1363	140 
1364	160 
1365	174 
1366	116 
1367	9 
1368	26 
1369	115 
1370	104 
1371	68 
1372	206 
1373	45 
1374	130 
1375	18 
1376	6 
1377	158 
1378	203 
1379	91 
1380	49 
1381	199 
1382	139 
1383	167 
1384	202 
1385	204 
1386	122 
1387	138 
1388	66 
1389	58 
1390	137 
1391	21 
1392	147 
1393	76 
1394	172 
1395	26 
1396	76 
1397	196 
1398	10 
1399	77 
1400	34 
1401	106 
1402	121 
1403	146 
1404	32 
1405	58 
1406	168 
1407	13 
1408	75 
1409	183 
1410	177 
1411	194 
1412	108 
1413	59 
1414	67 
1415	74 
1416	89 
1417	48 
1418	49 
1419	182 
1420	162 
1421	131 
1422	92 
1423	82 
1424	204 
1425	116 
1426	32 
1427	6 
1428	138 
1429	10 
1430	141 
1431	98 
1432	65 
1433	109 
1434	59 
1435	51 
1436	34 
1437	174 
1438	161 
1439	201 
1440	60 
1441	164 
1442	203 
1443	139 
1444	187 
1445	50 
1446	18 
1447	132 
1448	69 
1449	189 
1450	74 
1451	158 
1452	166 
1453	195 
1454	79 
1455	65 
1456	123 
1457	82 
1458	196 
1459	59 
1460	110 
1461	110 
1462	33 
1463	132 
1464	136 
1465	54 
1466	169 
1467	131 
1468	205 
1469	192 
1470	139 
1471	80 
1472	22 
1473	51 
1474	206 
1475	137 
1476	57 
1477	27 
1478	142 
1479	127 
1480	57 
1481	23 
1482	147 
1483	28 
1484	161 
1485	108 
1486	68 
1487	23 
1488	8 
1489	18 
1490	45 
1491	58 
1492	46 
1493	99 
1494	20 
1495	10 
1496	136 
1497	155 
1498	54 
1499	65 
1500	72 
1501	150 
1502	202 
1503	161 
1504	160 
1505	103 
1506	19 
1507	164 
1508	49 
1509	97 
1510	154 
1511	59 
1512	180 
1513	195 
1514	105 
1515	23 
1516	146 
1517	27 
1518	75 
1519	74 
1520	60 
1521	75 
1522	128 
1523	112 
1524	40 
1525	29 
1526	52 
1527	26 
1528	181 
1529	74 
1530	7 
1531	13 
1532	152 
1533	176 
1534	70 
1535	126 
1536	159 
1537	100 
1538	41 
1539	5 
1540	176 
1541	80 
1542	199 
1543	55 
1544	41 
1545	156 
1546	85 
1547	59 
1548	174 
1549	195 
1550	131 
1551	129 
1552	134 
1553	78 
1554	130 
1555	124 
1556	159 
1557	173 
1558	183 
1559	166 
1560	186 
1561	187 
1562	43 
1563	58 
1564	165 
1565	196 
1566	179 
1567	189 
1568	121 
1569	144 
1570	23 
1571	206 
1572	112 
1573	68 
1574	22 
1575	99 
1576	193 
1577	158 
1578	194 
1579	133 
1580	24 
1581	161 
1582	161 
1583	180 
1584	16 
1585	38 
1586	43 
1587	51 
1588	183 
1589	24 
1590	157 
1591	202 
1592	85 
1593	199 
1594	9 
1595	199 
1596	9 
1597	14 
1598	176 
1599	87 
1600	198 
1601	180 
1602	50 
1603	86 
1604	174 
1605	160 
1606	9 
1607	85 
1608	59 
1609	164 
1610	149 
1611	87 
1612	145 
1613	94 
1614	129 
1615	87 
1616	200 
1617	12 
1618	164 
1619	57 
1620	203 
1621	64 
1622	185 
1623	119 
1624	1 
1625	58 
1626	144 
1627	80 
1628	92 
1629	177 
1630	165 
1631	145 
1632	15 
1633	118 
1634	37 
1635	183 
1636	182 
1637	84 
1638	53 
1639	22 
1640	6 
1641	78 
1642	1 
1643	73 
1644	83 
1645	112 
1646	162 
1647	148 
1648	77 
1649	110 
1650	47 
1651	61 
1652	55 
1653	91 
1654	67 
1655	48 
1656	85 
1657	30 
1658	17 
1659	194 
1660	97 
1661	107 
1662	144 
1663	19 
1664	171 
1665	56 
1666	170 
1667	61 
1668	76 
1669	132 
1670	93 
1671	124 
1672	157 
1673	193 
1674	70 
1675	136 
1676	45 
1677	87 
1678	107 
1679	109 
1680	46 
1681	83 
1682	48 
1683	124 
1684	123 
1685	20 
1686	189 
1687	143 
1688	194 
1689	22 
1690	146 
1691	68 
1692	8 
1693	118 
1694	52 
1695	178 
1696	136 
1697	69 
1698	18 
1699	37 
1700	197 
1701	179 
1702	114 
1703	50 
1704	179 
1705	94 
1706	105 
1707	2 
1708	164 
1709	113 
1710	157 
1711	198 
1712	202 
1713	48 
1714	206 
1715	29 
1716	72 
1717	6 
1718	18 
1719	32 
1720	116 
1721	167 
1722	110 
1723	197 
1724	85 
1725	53 
1726	58 
1727	185 
1728	205 
1729	83 
1730	82 
1731	50 
1732	15 
1733	19 
1734	32 
1735	108 
1736	117 
1737	159 
1738	12 
1739	200 
1740	34 
1741	120 
1742	107 
1743	157 
1744	90 
1745	79 
1746	82 
1747	199 
1748	37 
1749	125 
1750	184 
1751	164 
1752	45 
1753	126 
1754	49 
1755	122 
1756	145 
1757	167 
1758	83 
1759	35 
1760	112 
1761	51 
1762	114 
1763	186 
1764	148 
1765	172 
1766	188 
1767	76 
1768	60 
1769	153 
1770	55 
1771	37 
1772	69 
1773	59 
1774	80 
1775	196 
1776	84 
1777	86 
1778	101 
1779	167 
1780	18 
1781	181 
1782	141 
1783	173 
1784	81 
1785	74 
1786	32 
1787	115 
1788	25 
1789	116 
1790	122 
1791	164 
1792	133 
1793	112 
1794	113 
1795	1 
1796	155 
1797	160 
1798	103 
1799	65 
1800	57 
1801	63 
1802	76 
1803	68 
1804	23 
1805	97 
1806	71 
1807	35 
1808	37 
1809	42 
1810	151 
1811	151 
1812	122 
1813	75 
1814	85 
1815	35 
1816	164 
1817	131 
1818	6 
1819	52 
1820	64 
1821	35 
1822	47 
1823	86 
1824	121 
1825	106 
1826	41 
1827	185 
1828	204 
1829	28 
1830	98 
1831	75 
1832	157 
1833	117 
1834	80 
1835	8 
1836	108 
1837	60 
1838	204 
1839	50 
1840	17 
1841	140 
1842	2 
1843	111 
1844	98 
1845	65 
1846	52 
1847	168 
1848	127 
1849	173 
1850	145 
1851	182 
1852	13 
1853	26 
1854	153 
1855	86 
1856	8 
1857	29 
1858	33 
1859	200 
1860	120 
1861	35 
1862	189 
1863	32 
1864	61 
1865	122 
1866	184 
1867	24 
1868	74 
1869	72 
1870	36 
1871	140 
1872	164 
1873	147 
1874	70 
1875	113 
1876	106 
1877	130 
1878	18 
1879	17 
1880	106 
1881	29 
1882	26 
1883	123 
1884	1 
1885	113 
1886	8 
1887	136 
1888	131 
1889	135 
1890	197 
1891	107 
1892	196 
1893	185 
1894	26 
1895	17 
1896	168 
1897	80 
1898	120 
1899	99 
1900	124 
1901	131 
1902	57 
1903	143 
1904	196 
1905	189 
1906	190 
1907	59 
1908	201 
1909	68 
1910	182 
1911	77 
1912	202 
1913	129 
1914	157 
1915	187 
1916	46 
1917	116 
1918	38 
1919	124 
1920	65 
1921	120 
1922	14 
1923	26 
1924	176 
1925	36 
1926	160 
1927	42 
1928	14 
1929	166 
1930	203 
1931	69 
1932	78 
1933	150 
1934	102 
1935	203 
1936	76 
1937	192 
1938	199 
1939	121 
1940	180 
1941	81 
1942	23 
1943	174 
1944	24 
1945	4 
1946	126 
1947	46 
1948	118 
1949	56 
1950	161 
1951	206 
1952	104 
1953	150 
1954	16 
1955	2 
1956	130 
1957	204 
1958	154 
1959	29 
1960	188 
1961	143 
1962	8 
1963	38 
1964	74 
1965	158 
1966	193 
1967	89 
1968	9 
1969	161 
1970	42 
1971	203 
1972	60 
1973	26 
1974	2 
1975	149 
1976	119 
1977	107 
1978	53 
1979	155 
1980	28 
1981	67 
1982	139 
1983	2 
1984	182 
1985	6 
1986	92 
1987	167 
1988	30 
1989	117 
1990	140 
1991	161 
1992	73 
1993	176 
1994	110 
1995	107 
1996	117 
1997	36 
1998	139 
1999	87 
2000	88 
2001	107 
2002	186 
2003	21 
2004	192 
2005	156 
2006	171 
2007	155 
2008	131 
2009	2 
2010	120 
2011	181 
2012	167 
2013	96 
2014	199 
2015	171 
2016	136 
2017	5 
2018	108 
2019	71 
2020	196 
2021	187 
2022	128 
2023	57 
2024	201 
2025	131 
2026	165 
2027	20 
2028	74 
2029	8 
2030	155 
2031	200 
2032	52 
2033	135 
2034	48 
2035	38 
2036	182 
2037	95 
2038	37 
2039	182 
2040	98 
2041	93 
2042	45 
2043	51 
2044	88 
2045	106 
2046	201 
2047	140 
2048	101 
2049	187 
2050	196 
2051	91 
2052	110 
2053	115 
2054	134 
2055	29 
2056	34 
2057	13 
2058	35 
2059	77 
2060	164 
2061	100 
2062	99 
2063	188 
2064	68 
2065	53 
2066	106 
2067	172 
2068	7 
2069	206 
2070	176 
2071	17 
2072	56 
2073	131 
2074	79 
2075	24 
2076	141 
2077	59 
2078	48 
2079	83 
2080	81 
2081	196 
2082	8 
2083	139 
2084	135 
2085	18 
2086	160 
2087	6 
2088	183 
2089	15 
2090	164 
2091	33 
2092	128 
2093	30 
2094	23 
2095	59 
2096	19 
2097	121 
2098	186 
2099	136 
2100	123 
2101	97 
2102	36 
2103	127 
2104	156 
2105	202 
2106	59 
2107	113 
2108	51 
2109	128 
2110	129 
2111	49 
2112	106 
2113	6 
2114	198 
2115	203 
2116	206 
2117	120 
2118	191 
2119	133 
2120	115 
2121	20 
2122	57 
2123	190 
2124	56 
2125	139 
2126	82 
2127	204 
2128	179 
2129	159 
2130	42 
2131	41 
2132	79 
2133	118 
2134	48 
2135	72 
2136	197 
2137	6 
2138	56 
2139	48 
2140	88 
2141	139 
2142	169 
2143	83 
2144	148 
2145	49 
2146	61 
2147	49 
2148	170 
2149	25 
2150	82 
2151	158 
2152	82 
2153	6 
2154	45 
2155	176 
2156	139 
2157	67 
2158	93 
2159	6 
2160	83 
2161	168 
2162	89 
2163	99 
2164	77 
2165	17 
2166	66 
2167	123 
2168	24 
2169	205 
2170	116 
2171	144 
2172	196 
2173	156 
2174	98 
2175	93 
2176	188 
2177	3 
2178	35 
2179	91 
2180	129 
2181	123 
2182	84 
2183	156 
2184	185 
2185	8 
2186	21 
2187	175 
2188	17 
2189	61 
2190	2 
2191	111 
2192	176 
2193	71 
2194	106 
2195	41 
2196	36 
2197	92 
2198	119 
2199	97 
2200	142 
2201	121 
2202	76 
2203	131 
2204	178 
2205	168 
2206	150 
2207	70 
2208	54 
2209	190 
2210	186 
2211	118 
2212	140 
2213	202 
2214	188 
2215	164 
2216	37 
2217	162 
2218	6 
2219	147 
2220	59 
2221	86 
2222	178 
2223	92 
2224	204 
2225	126 
2226	2 
2227	123 
2228	16 
2229	111 
2230	63 
2231	83 
2232	168 
2233	189 
2234	74 
2235	135 
2236	130 
2237	49 
2238	186 
2239	116 
2240	93 
2241	6 
2242	187 
2243	53 
2244	69 
2245	176 
2246	2 
2247	19 
2248	201 
2249	17 
2250	22 
2251	177 
2252	98 
2253	27 
2254	63 
2255	129 
2256	66 
2257	95 
2258	121 
2259	149 
2260	131 
2261	203 
2262	131 
2263	36 
2264	69 
2265	161 
2266	47 
2267	201 
2268	156 
2269	88 
2270	173 
2271	175 
2272	76 
2273	199 
2274	53 
2275	206 
2276	114 
2277	159 
2278	98 
2279	34 
2280	116 
2281	94 
2282	51 
2283	195 
2284	18 
2285	202 
2286	176 
2287	106 
2288	93 
2289	25 
2290	82 
2291	151 
2292	176 
2293	120 
2294	119 
2295	47 
2296	195 
2297	131 
2298	180 
2299	81 
2300	141 
2301	94 
2302	50 
2303	196 
2304	132 
2305	72 
2306	35 
2307	165 
2308	135 
2309	205 
2310	113 
2311	76 
2312	168 
2313	80 
2314	203 
2315	87 
2316	37 
2317	106 
2318	149 
2319	163 
2320	205 
2321	50 
2322	102 
2323	6 
2324	41 
2325	130 
2326	2 
2327	64 
2328	145 
2329	50 
2330	58 
2331	22 
2332	55 
2333	41 
2334	203 
2335	40 
2336	74 
2337	117 
2338	103 
2339	44 
2340	1 
2341	148 
2342	130 
2343	181 
2344	156 
2345	37 
2346	27 
2347	41 
2348	85 
2349	158 
2350	157 
2351	52 
2352	17 
2353	131 
2354	7 
2355	38 
2356	168 
2357	116 
2358	41 
2359	105 
2360	189 
2361	167 
2362	194 
2363	197 
2364	176 
2365	59 
2366	136 
2367	122 
2368	50 
2369	186 
2370	74 
2371	160 
2372	150 
2373	107 
2374	129 
2375	63 
2376	157 
2377	85 
2378	106 
2379	137 
2380	150 
2381	56 
2382	204 
2383	120 
2384	162 
2385	100 
2386	151 
2387	10 
2388	63 
2389	147 
2390	202 
2391	72 
2392	131 
2393	162 
2394	49 
2395	106 
2396	179 
2397	83 
2398	52 
2399	7 
2400	142 
2401	73 
2402	26 
2403	73 
2404	70 
2405	80 
2406	35 
2407	113 
2408	172 
2409	50 
2410	141 
2411	198 
2412	166 
2413	16 
2414	130 
2415	107 
2416	112 
2417	109 
2418	60 
2419	7 
2420	153 
2421	82 
2422	188 
2423	60 
2424	83 
2425	26 
2426	193 
2427	148 
2428	102 
2429	200 
2430	1 
2431	137 
2432	148 
2433	73 
2434	63 
2435	140 
2436	151 
2437	187 
2438	191 
2439	122 
2440	109 
2441	54 
2442	157 
2443	153 
2444	119 
2445	5 
2446	111 
2447	22 
2448	117 
2449	129 
2450	103 
2451	13 
2452	188 
2453	103 
2454	35 
2455	69 
2456	48 
2457	118 
2458	40 
2459	58 
2460	191 
2461	53 
2462	25 
2463	149 
2464	121 
2465	34 
2466	171 
2467	91 
2468	152 
2469	201 
2470	47 
2471	193 
2472	128 
2473	89 
2474	20 
2475	55 
2476	6 
2477	74 
2478	192 
2479	197 
2480	154 
2481	121 
2482	88 
2483	157 
2484	90 
2485	5 
2486	51 
2487	49 
2488	112 
2489	200 
2490	59 
2491	164 
2492	10 
2493	96 
2494	71 
2495	190 
2496	23 
2497	205 
2498	148 
2499	136 
2500	112 
2501	157 
2502	22 
2503	202 
2504	152 
2505	39 
2506	196 
2507	50 
2508	164 
2509	109 
2510	45 
2511	190 
2512	189 
2513	12 
2514	96 
2515	116 
2516	121 
2517	78 
2518	171 
2519	145 
2520	35 
2521	183 
2522	75 
2523	171 
2524	108 
2525	23 
2526	93 
2527	90 
2528	176 
2529	88 
2530	173 
2531	30 
2532	51 
2533	11 
2534	142 
2535	191 
2536	76 
2537	206 
2538	57 
2539	105 
2540	153 
2541	154 
2542	144 
2543	196 
2544	197 
2545	203 
2546	120 
2547	32 
2548	55 
2549	141 
2550	3 
2551	80 
2552	51 
2553	82 
2554	205 
2555	32 
2556	47 
2557	24 
2558	184 
2559	2 
2560	52 
2561	121 
2562	108 
2563	68 
2564	59 
2565	186 
2566	113 
2567	58 
2568	19 
2569	43 
2570	76 
2571	50 
2572	48 
2573	86 
2574	194 
2575	15 
2576	64 
2577	201 
2578	13 
2579	80 
2580	134 
2581	102 
2582	198 
2583	18 
2584	99 
2585	56 
2586	112 
2587	163 
2588	6 
2589	107 
2590	172 
2591	168 
2592	128 
2593	200 
2594	162 
2595	206 
2596	57 
2597	120 
2598	96 
2599	13 
2600	17 
2601	106 
2602	107 
2603	126 
2604	127 
2605	115 
2606	156 
2607	57 
2608	206 
2609	47 
2610	155 
2611	98 
2612	105 
2613	22 
2614	160 
2615	161 
2616	184 
2617	77 
2618	13 
2619	171 
2620	65 
2621	165 
2622	51 
2623	163 
2624	44 
2625	177 
2626	154 
2627	108 
2628	36 
2629	39 
2630	26 
2631	4 
2632	128 
2633	142 
2634	95 
2635	188 
2636	33 
2637	124 
2638	167 
2639	55 
2640	141 
2641	34 
2642	73 
2643	114 
2644	33 
2645	189 
2646	53 
2647	9 
2648	22 
2649	188 
2650	199 
2651	87 
2652	182 
2653	158 
2654	196 
2655	173 
2656	134 
2657	33 
2658	121 
2659	28 
2660	204 
2661	148 
2662	4 
2663	74 
2664	189 
2665	95 
2666	198 
2667	204 
2668	64 
2669	198 
2670	20 
2671	53 
2672	195 
2673	77 
2674	128 
2675	80 
2676	107 
2677	98 
2678	160 
2679	45 
2680	158 
2681	184 
2682	201 
2683	60 
2684	10 
2685	137 
2686	159 
2687	72 
2688	34 
2689	182 
2690	21 
2691	164 
2692	45 
2693	196 
2694	173 
2695	58 
2696	203 
2697	39 
2698	127 
2699	18 
2700	20 
2701	206 
2702	153 
2703	158 
2704	21 
2705	155 
2706	120 
2707	61 
2708	9 
2709	83 
2710	93 
2711	11 
2712	137 
2713	10 
2714	53 
2715	62 
2716	190 
2717	132 
2718	16 
2719	23 
2720	107 
2721	63 
2722	121 
2723	26 
2724	154 
2725	99 
2726	124 
2727	20 
2728	151 
2729	176 
2730	75 
2731	74 
2732	182 
2733	83 
2734	168 
2735	192 
2736	62 
2737	162 
2738	14 
2739	106 
2740	91 
2741	198 
2742	121 
2743	41 
2744	156 
2745	168 
2746	8 
2747	19 
2748	14 
2749	163 
2750	27 
2751	69 
2752	168 
2753	168 
2754	124 
2755	123 
2756	27 
2757	76 
2758	6 
2759	76 
2760	65 
2761	154 
2762	121 
2763	18 
2764	4 
2765	204 
2766	3 
2767	163 
2768	6 
2769	197 
2770	193 
2771	16 
2772	55 
2773	175 
2774	22 
2775	182 
2776	170 
2777	10 
2778	178 
2779	178 
2780	80 
2781	43 
2782	172 
2783	119 
2784	81 
2785	120 
2786	36 
2787	206 
2788	19 
2789	189 
2790	121 
2791	15 
2792	106 
2793	103 
2794	184 
2795	164 
2796	19 
2797	17 
2798	66 
2799	73 
2800	129 
2801	88 
2802	96 
2803	122 
2804	107 
2805	11 
2806	161 
2807	93 
2808	23 
2809	78 
2810	26 
2811	83 
2812	169 
2813	29 
2814	16 
2815	168 
2816	179 
2817	143 
2818	3 
2819	27 
2820	69 
2821	200 
2822	131 
2823	172 
2824	141 
2825	29 
2826	142 
2827	203 
2828	74 
2829	83 
2830	109 
2831	87 
2832	42 
2833	100 
2834	120 
2835	169 
2836	5 
2837	196 
2838	48 
2839	104 
2840	53 
2841	32 
2842	46 
2843	30 
2844	54 
2845	120 
2846	51 
2847	178 
2848	44 
2849	151 
2850	133 
2851	81 
2852	60 
2853	35 
2854	176 
2855	56 
2856	173 
2857	31 
2858	20 
2859	51 
2860	119 
2861	202 
2862	107 
2863	156 
2864	18 
2865	148 
2866	119 
2867	11 
2868	174 
2869	196 
2870	107 
2871	171 
2872	156 
2873	36 
2874	18 
2875	36 
2876	96 
2877	76 
2878	72 
2879	126 
2880	9 
2881	189 
2882	77 
2883	121 
2884	2 
2885	11 
2886	122 
2887	120 
2888	120 
2889	150 
2890	202 
2891	32 
2892	82 
2893	115 
2894	80 
2895	8 
2896	54 
2897	25 
2898	131 
2899	133 
2900	106 
2901	148 
2902	23 
2903	37 
2904	6 
2905	29 
2906	82 
2907	199 
2908	84 
2909	130 
2910	120 
2911	74 
2912	196 
2913	40 
2914	136 
2915	156 
2916	23 
2917	92 
2918	138 
2919	2 
2920	206 
2921	93 
2922	170 
2923	142 
2924	106 
2925	98 
2926	18 
2927	70 
2928	99 
2929	69 
2930	170 
2931	84 
2932	205 
2933	132 
2934	197 
2935	126 
2936	148 
2937	180 
2938	40 
2939	130 
2940	2 
2941	126 
2942	44 
2943	82 
2944	108 
2945	108 
2946	124 
2947	167 
2948	188 
2949	69 
2950	60 
2951	198 
2952	135 
2953	165 
2954	119 
2955	21 
2956	22 
2957	122 
2958	91 
2959	20 
2960	145 
2961	127 
2962	16 
2963	77 
2964	46 
2965	170 
2966	62 
2967	64 
2968	92 
2969	50 
2970	2 
2971	39 
2972	81 
2973	88 
2974	121 
2975	204 
2976	15 
2977	193 
2978	90 
2979	120 
2980	124 
2981	107 
2982	95 
2983	73 
2984	60 
2985	4 
2986	49 
2987	105 
2988	168 
2989	126 
2990	54 
2991	74 
2992	20 
2993	7 
2994	132 
2995	52 
2996	77 
2997	167 
2998	192 
2999	125 
3000	83 
3001	202 
3002	54 
3003	206 
3004	157 
3005	76 
3006	103 
3007	3 
3008	45 
3009	4 
3010	125 
3011	170 
3012	109 
3013	129 
3014	96 
3015	37 
3016	29 
3017	144 
3018	201 
3019	44 
3020	42 
3021	2 
3022	198 
3023	39 
3024	17 
3025	139 
3026	108 
3027	137 
3028	117 
3029	79 
3030	112 
3031	61 
3032	178 
3033	196 
3034	15 
3035	49 
3036	106 
3037	106 
3038	98 
3039	69 
3040	59 
3041	37 
3042	171 
3043	127 
3044	136 
3045	129 
3046	142 
3047	26 
3048	24 
3049	39 
3050	154 
3051	95 
3052	172 
3053	25 
3054	77 
3055	51 
3056	151 
3057	184 
3058	2 
3059	57 
3060	49 
3061	167 
3062	1 
3063	158 
3064	53 
3065	195 
3066	97 
3067	124 
3068	135 
3069	190 
3070	40 
3071	17 
3072	161 
3073	108 
3074	60 
3075	21 
3076	41 
3077	155 
3078	114 
3079	7 
3080	22 
3081	167 
3082	23 
3083	59 
3084	196 
3085	80 
3086	131 
3087	105 
3088	13 
3089	166 
3090	34 
3091	130 
3092	161 
3093	130 
3094	72 
3095	79 
3096	59 
3097	6 
3098	127 
3099	197 
3100	125 
3101	205 
3102	161 
3103	191 
3104	91 
3105	134 
3106	18 
3107	130 
3108	136 
3109	46 
3110	186 
3111	87 
3112	189 
3113	24 
3114	121 
3115	6 
3116	60 
3117	3 
3118	99 
3119	6 
3120	190 
3121	33 
3122	143 
3123	13 
3124	114 
3125	164 
3126	156 
3127	198 
3128	139 
3129	98 
3130	8 
3131	95 
3132	126 
3133	27 
3134	163 
3135	157 
3136	205 
3137	160 
3138	6 
3139	92 
3140	137 
3141	195 
3142	112 
3143	59 
3144	191 
3145	193 
3146	41 
3147	76 
3148	172 
3149	83 
3150	51 
3151	169 
3152	35 
3153	71 
3154	73 
3155	115 
3156	139 
3157	83 
3158	83 
3159	189 
3160	9 
3161	79 
3162	43 
3163	101 
3164	166 
3165	104 
3166	51 
3167	54 
3168	147 
3169	24 
3170	171 
3171	4 
3172	3 
3173	113 
3174	47 
3175	57 
3176	130 
3177	204 
3178	28 
3179	31 
3180	175 
3181	155 
3182	188 
3183	87 
3184	64 
3185	162 
3186	11 
3187	171 
3188	104 
3189	167 
3190	104 
3191	64 
3192	186 
3193	73 
3194	161 
3195	7 
3196	7 
3197	12 
3198	150 
3199	55 
3200	157 
3201	13 
3202	77 
3203	196 
3204	114 
3205	153 
3206	206 
3207	112 
3208	197 
3209	200 
3210	52 
3211	1 
3212	48 
3213	34 
3214	202 
3215	80 
3216	31 
3217	148 
3218	156 
3219	49 
3220	53 
3221	106 
3222	56 
3223	204 
3224	108 
3225	13 
3226	49 
3227	74 
3228	122 
3229	123 
3230	160 
3231	38 
3232	166 
3233	140 
3234	51 
3235	131 
3236	98 
3237	109 
3238	175 
3239	202 
3240	162 
3241	205 
3242	8 
3243	170 
3244	106 
3245	133 
3246	132 
3247	38 
3248	123 
3249	50 
3250	74 
3251	69 
3252	29 
3253	108 
3254	52 
3255	161 
3256	6 
3257	137 
3258	61 
3259	39 
3260	14 
3261	150 
3262	108 
3263	28 
3264	110 
3265	46 
3266	2 
3267	88 
3268	110 
3269	147 
3270	74 
3271	4 
3272	202 
3273	14 
3274	167 
3275	83 
3276	73 
3277	17 
3278	98 
3279	30 
3280	57 
3281	99 
3282	148 
3283	164 
3284	204 
3285	69 
3286	57 
3287	166 
3288	171 
3289	60 
3290	20 
3291	13 
3292	107 
3293	70 
3294	39 
3295	32 
3296	2 
3297	117 
3298	158 
3299	204 
3300	92 
3301	205 
3302	115 
3303	115 
3304	125 
3305	52 
3306	92 
3307	51 
3308	81 
3309	201 
3310	9 
3311	131 
3312	48 
3313	126 
3314	76 
3315	86 
3316	18 
3317	138 
3318	161 
3319	48 
3320	206 
3321	174 
3322	74 
3323	157 
3324	192 
3325	94 
3326	158 
3327	111 
3328	93 
3329	21 
3330	148 
3331	85 
3332	183 
3333	71 
3334	18 
3335	158 
3336	173 
3337	168 
3338	106 
3339	111 
3340	161 
3341	148 
3342	1 
3343	139 
3344	94 
3345	187 
3346	14 
3347	199 
3348	80 
3349	70 
3350	47 
3351	24 
3352	78 
3353	22 
3354	130 
3355	164 
3356	14 
3357	138 
3358	112 
3359	110 
3360	35 
3361	48 
3362	44 
3363	109 
3364	101 
3365	82 
3366	204 
3367	136 
3368	74 
3369	34 
3370	22 
3371	74 
3372	9 
3373	107 
3374	94 
3375	205 
3376	185 
3377	167 
3378	120 
3379	143 
3380	53 
3381	26 
3382	85 
3383	62 
3384	69 
3385	104 
3386	146 
3387	104 
3388	39 
3389	202 
3390	152 
3391	53 
3392	192 
3393	140 
3394	114 
3395	80 
3396	88 
3397	142 
3398	30 
3399	120 
3400	86 
3401	31 
3402	74 
3403	20 
3404	12 
3405	127 
3406	200 
3407	167 
3408	31 
3409	188 
3410	37 
3411	138 
3412	152 
3413	20 
3414	17 
3415	126 
3416	154 
3417	161 
3418	27 
3419	157 
3420	174 
3421	196 
3422	136 
3423	59 
3424	57 
3425	203 
3426	117 
3427	49 
3428	84 
3429	18 
3430	45 
3431	128 
3432	96 
3433	170 
3434	99 
3435	165 
3436	196 
3437	20 
3438	97 
3439	98 
3440	47 
3441	50 
3442	158 
3443	17 
3444	195 
3445	200 
3446	60 
3447	116 
3448	199 
3449	157 
3450	87 
3451	157 
3452	66 
3453	51 
3454	32 
3455	177 
3456	148 
3457	58 
3458	179 
3459	168 
3460	91 
3461	58 
3462	176 
3463	23 
3464	59 
3465	31 
3466	40 
3467	131 
3468	176 
3469	103 
3470	171 
3471	73 
3472	86 
3473	28 
3474	60 
3475	83 
3476	168 
3477	145 
3478	22 
3479	4 
3480	53 
3481	175 
3482	204 
3483	116 
3484	104 
3485	205 
3486	22 
3487	23 
3488	63 
3489	169 
3490	30 
3491	35 
3492	23 
3493	36 
3494	82 
3495	16 
3496	116 
3497	39 
3498	136 
3499	62 
3500	139 
3501	186 
3502	46 
3503	164 
3504	76 
3505	128 
3506	118 
3507	13 
3508	97 
3509	20 
3510	77 
3511	95 
3512	179 
3513	134 
3514	18 
3515	64 
3516	146 
3517	91 
3518	124 
3519	197 
3520	60 
3521	80 
3522	120 
3523	76 
3524	176 
3525	33 
3526	99 
3527	66 
3528	108 
3529	51 
3530	5 
3531	10 
3532	167 
3533	173 
3534	24 
3535	114 
3536	193 
3537	94 
3538	70 
3539	131 
3540	149 
3541	128 
3542	13 
3543	131 
3544	158 
3545	160 
3546	52 
3547	11 
3548	60 
3549	169 
3550	110 
3551	125 
3552	116 
3553	29 
3554	148 
3555	99 
3556	101 
3557	193 
3558	45 
3559	37 
3560	139 
3561	63 
3562	126 
3563	107 
3564	98 
3565	2 
3566	195 
3567	21 
3568	46 
3569	37 
3570	188 
3571	185 
3572	151 
3573	34 
3574	175 
3575	76 
3576	35 
3577	107 
3578	18 
3579	43 
3580	65 
3581	157 
3582	155 
3583	9 
3584	142 
3585	142 
3586	32 
3587	39 
3588	127 
3589	171 
3590	23 
3591	24 
3592	31 
3593	82 
3594	91 
3595	176 
3596	98 
3597	160 
3598	202 
3599	98 
3600	189 
3601	1 
3602	186 
3603	50 
3604	142 
3605	160 
3606	76 
3607	78 
3608	92 
3609	77 
3610	65 
3611	49 
3612	13 
3613	65 
3614	191 
3615	126 
3616	106 
3617	125 
3618	11 
3619	98 
3620	140 
3621	145 
3622	126 
3623	168 
3624	34 
3625	145 
3626	37 
3627	22 
3628	197 
3629	189 
3630	168 
3631	116 
3632	74 
3633	164 
3634	158 
3635	33 
3636	130 
3637	107 
3638	179 
3639	85 
3640	30 
3641	82 
3642	202 
3643	155 
3644	121 
3645	49 
3646	69 
3647	17 
3648	155 
3649	203 
3650	148 
3651	62 
3652	53 
3653	47 
3654	157 
3655	132 
3656	78 
3657	62 
3658	71 
3659	80 
3660	206 
3661	114 
3662	205 
3663	53 
3664	62 
3665	92 
3666	56 
3667	173 
3668	82 
3669	139 
3670	137 
3671	18 
3672	196 
3673	155 
3674	158 
3675	53 
3676	74 
3677	136 
3678	29 
3679	18 
3680	19 
3681	57 
3682	103 
3683	117 
3684	79 
3685	76 
3686	49 
3687	119 
3688	7 
3689	180 
3690	127 
3691	130 
3692	119 
3693	25 
3694	103 
3695	161 
3696	91 
3697	24 
3698	206 
3699	5 
3700	88 
3701	137 
3702	142 
3703	161 
3704	88 
3705	124 
3706	193 
3707	161 
3708	29 
3709	73 
3710	168 
3711	130 
3712	140 
3713	116 
3714	148 
3715	202 
3716	132 
3717	55 
3718	166 
3719	182 
3720	164 
3721	46 
3722	149 
3723	41 
3724	201 
3725	195 
3726	117 
3727	69 
3728	182 
3729	101 
3730	111 
3731	2 
3732	142 
3733	57 
3734	145 
3735	200 
3736	93 
3737	138 
3738	76 
3739	153 
3740	126 
3741	127 
3742	204 
3743	204 
3744	3 
3745	37 
3746	182 
3747	50 
3748	174 
3749	174 
3750	148 
3751	168 
3752	74 
3753	37 
3754	53 
3755	191 
3756	17 
3757	48 
3758	6 
3759	125 
3760	45 
3761	132 
3762	98 
3763	127 
3764	95 
3765	14 
3766	33 
3767	8 
3768	55 
3769	200 
3770	6 
3771	139 
3772	203 
3773	127 
3774	28 
3775	155 
3776	76 
3777	5 
3778	126 
3779	171 
3780	3 
3781	88 
3782	150 
3783	73 
3784	161 
3785	40 
3786	189 
3787	179 
3788	5 
3789	73 
3790	63 
3791	10 
3792	62 
3793	35 
3794	22 
3795	130 
3796	200 
3797	108 
3798	16 
3799	92 
3800	124 
3801	50 
3802	124 
3803	59 
3804	154 
3805	157 
3806	203 
3807	69 
3808	182 
3809	157 
3810	155 
3811	200 
3812	98 
3813	201 
3814	149 
3815	166 
3816	153 
3817	121 
3818	6 
3819	164 
3820	171 
3821	106 
3822	33 
3823	137 
3824	3 
3825	186 
3826	39 
3827	55 
3828	169 
3829	103 
3830	83 
3831	83 
3832	65 
3833	182 
3834	10 
3835	50 
3836	124 
3837	133 
3838	35 
3839	8 
3840	83 
3841	53 
3842	164 
3843	127 
3844	138 
3845	109 
3846	170 
3847	139 
3848	167 
3849	130 
3850	164 
3851	193 
3852	86 
3853	39 
3854	131 
3855	70 
3856	40 
3857	145 
3858	108 
3859	127 
3860	1 
3861	91 
3862	74 
3863	87 
3864	28 
3865	169 
3866	91 
3867	39 
3868	73 
3869	16 
3870	37 
3871	125 
3872	168 
3873	199 
3874	199 
3875	168 
3876	120 
3877	63 
3878	116 
3879	124 
3880	87 
3881	70 
3882	206 
3883	53 
3884	6 
3885	50 
3886	95 
3887	142 
3888	47 
3889	61 
3890	120 
3891	158 
3892	198 
3893	150 
3894	58 
3895	175 
3896	124 
3897	198 
3898	131 
3899	11 
3900	76 
3901	76 
3902	168 
3903	6 
3904	35 
3905	112 
3906	3 
3907	197 
3908	112 
3909	23 
3910	44 
3911	138 
3912	17 
3913	117 
3914	74 
3915	106 
3916	23 
3917	52 
3918	76 
3919	116 
3920	88 
3921	114 
3922	25 
3923	16 
3924	186 
3925	11 
3926	139 
3927	186 
3928	74 
3929	108 
3930	60 
3931	157 
3932	186 
3933	202 
3934	77 
3935	26 
3936	203 
3937	87 
3938	198 
3939	87 
3940	32 
3941	173 
3942	20 
3943	121 
3944	197 
3945	69 
3946	120 
3947	168 
3948	189 
3949	29 
3950	124 
3951	200 
3952	131 
3953	196 
3954	46 
3955	51 
3956	51 
3957	150 
3958	25 
3959	158 
3960	185 
3961	22 
3962	45 
3963	50 
3964	40 
3965	179 
3966	80 
3967	52 
3968	200 
3969	93 
3970	145 
3971	65 
3972	101 
3973	204 
3974	8 
3975	41 
3976	33 
3977	46 
3978	179 
3979	114 
3980	63 
3981	117 
3982	70 
3983	148 
3984	58 
3985	50 
3986	80 
3987	70 
3988	107 
3989	26 
3990	170 
3991	121 
3992	132 
3993	64 
3994	136 
3995	82 
3996	101 
3997	170 
3998	136 
3999	44 
4000	6 
4001	29 
4002	185 
4003	112 
4004	86 
4005	76 
4006	193 
4007	175 
4008	92 
4009	69 
4010	191 
4011	46 
4012	106 
4013	103 
4014	120 
4015	87 
4016	145 
4017	173 
4018	140 
4019	20 
4020	83 
4021	85 
4022	186 
4023	35 
4024	165 
4025	108 
4026	161 
4027	202 
4028	60 
4029	203 
4030	180 
4031	40 
4032	23 
4033	132 
4034	143 
4035	20 
4036	131 
4037	61 
4038	20 
4039	69 
4040	64 
4041	9 
4042	85 
4043	143 
4044	160 
4045	58 
4046	157 
4047	158 
4048	98 
4049	205 
4050	158 
4051	50 
4052	29 
4053	34 
4054	44 
4055	188 
4056	202 
4057	167 
4058	126 
4059	70 
4060	149 
4061	139 
4062	22 
4063	65 
4064	65 
4065	37 
4066	52 
4067	130 
4068	202 
4069	171 
4070	125 
4071	201 
4072	103 
4073	37 
4074	8 
4075	204 
4076	73 
4077	72 
4078	77 
4079	78 
4080	5 
4081	164 
4082	23 
4083	36 
4084	8 
4085	138 
4086	203 
4087	130 
4088	47 
4089	121 
4090	50 
4091	37 
4092	78 
4093	44 
4094	21 
4095	17 
4096	140 
4097	202 
4098	76 
4099	48 
4100	80 
4101	82 
4102	58 
4103	155 
4104	98 
4105	155 
4106	22 
4107	196 
4108	34 
4109	72 
4110	188 
4111	37 
4112	53 
4113	198 
4114	198 
4115	49 
4116	203 
4117	142 
4118	138 
4119	26 
4120	136 
4121	28 
4122	201 
4123	19 
4124	32 
4125	49 
4126	136 
4127	150 
4128	69 
4129	120 
4130	21 
4131	29 
4132	126 
4133	17 
4134	106 
4135	148 
4136	150 
4137	173 
4138	185 
4139	206 
4140	59 
4141	164 
4142	185 
4143	98 
4144	72 
4145	203 
4146	204 
4147	158 
4148	161 
4149	166 
4150	74 
4151	205 
4152	164 
4153	168 
4154	61 
4155	14 
4156	145 
4157	202 
4158	52 
4159	149 
4160	198 
4161	3 
4162	74 
4163	180 
4164	61 
4165	24 
4166	82 
4167	179 
4168	85 
4169	142 
4170	161 
4171	77 
4172	121 
4173	1 
4174	139 
4175	86 
4176	161 
4177	161 
4178	112 
4179	136 
4180	171 
4181	23 
4182	191 
4183	203 
4184	171 
4185	73 
4186	137 
4187	61 
4188	106 
4189	149 
4190	138 
4191	180 
4192	199 
4193	9 
4194	117 
4195	160 
4196	20 
4197	143 
4198	59 
4199	112 
4200	120 
4201	17 
4202	145 
4203	23 
4204	74 
4205	137 
4206	161 
4207	158 
4208	74 
4209	28 
4210	158 
4211	199 
4212	85 
4213	189 
4214	3 
4215	3 
4216	47 
4217	61 
4218	198 
4219	29 
4220	23 
4221	50 
4222	63 
4223	138 
4224	200 
4225	98 
4226	40 
4227	150 
4228	143 
4229	5 
4230	39 
4231	193 
4232	199 
4233	95 
4234	206 
4235	131 
4236	108 
4237	49 
4238	182 
4239	153 
4240	65 
4241	148 
4242	103 
4243	121 
4244	171 
4245	171 
4246	150 
4247	91 
4248	196 
4249	47 
4250	17 
4251	17 
4252	9 
4253	39 
4254	123 
4255	47 
4256	205 
4257	198 
4258	51 
4259	175 
4260	3 
4261	93 
4262	47 
4263	23 
4264	158 
4265	92 
4266	186 
4267	199 
4268	175 
4269	36 
4270	17 
4271	179 
4272	2 
4273	53 
4274	87 
4275	78 
4276	106 
4277	131 
4278	74 
4279	25 
4280	57 
4281	55 
4282	121 
4283	106 
4284	49 
4285	206 
4286	32 
4287	69 
4288	35 
4289	31 
4290	3 
4291	73 
4292	196 
4293	168 
4294	157 
4295	197 
4296	142 
4297	78 
4298	186 
4299	127 
4300	117 
4301	188 
4302	86 
4303	69 
4304	168 
4305	120 
4306	17 
4307	160 
4308	22 
4309	133 
4310	186 
4311	78 
4312	202 
4313	116 
4314	35 
4315	37 
4316	158 
4317	130 
4318	77 
4319	32 
4320	120 
4321	112 
4322	131 
4323	160 
4324	60 
4325	50 
4326	2 
4327	45 
4328	34 
4329	198 
4330	158 
4331	131 
4332	25 
4333	138 
4334	206 
4335	1 
4336	202 
4337	82 
4338	123 
4339	107 
4340	130 
4341	143 
4342	25 
4343	1 
4344	186 
4345	50 
4346	19 
4347	186 
4348	136 
4349	136 
4350	22 
4351	200 
4352	155 
4353	19 
4354	204 
4355	182 
4356	167 
4357	37 
4358	203 
4359	191 
4360	203 
4361	150 
4362	53 
4363	120 
4364	78 
4365	34 
4366	156 
4367	21 
4368	120 
4369	18 
4370	121 
4371	196 
4372	23 
4373	35 
4374	77 
4375	155 
4376	47 
4377	202 
4378	142 
4379	168 
4380	25 
4381	39 
4382	80 
4383	160 
4384	133 
4385	1 
4386	59 
4387	52 
4388	53 
4389	203 
4390	106 
4391	125 
4392	143 
4393	203 
4394	188 
4395	179 
4396	149 
4397	69 
4398	59 
4399	3 
4400	20 
4401	87 
4402	21 
4403	29 
4404	28 
4405	59 
4406	73 
4407	136 
4408	176 
4409	55 
4410	25 
4411	28 
4412	148 
4413	52 
4414	60 
4415	82 
4416	136 
4417	29 
4418	199 
4419	22 
4420	35 
4421	23 
4422	83 
4423	14 
4424	182 
4425	189 
4426	114 
4427	112 
4428	36 
4429	58 
4430	36 
4431	121 
4432	16 
4433	191 
4434	20 
4435	29 
4436	133 
4437	3 
4438	28 
4439	168 
4440	73 
4441	34 
4442	16 
4443	52 
4444	37 
4445	206 
4446	197 
4447	133 
4448	204 
4449	37 
4450	45 
4451	145 
4452	36 
4453	70 
4454	22 
4455	161 
4456	29 
4457	77 
4458	164 
4459	34 
4460	2 
4461	1 
4462	120 
4463	37 
4464	125 
4465	91 
4466	73 
4467	180 
4468	176 
4469	25 
4470	200 
4471	199 
4472	114 
4473	205 
4474	128 
4475	32 
4476	34 
4477	33 
4478	6 
4479	87 
4480	76 
4481	59 
4482	106 
4483	204 
4484	2 
4485	41 
4486	120 
4487	148 
4488	145 
4489	203 
4490	39 
4491	83 
4492	74 
4493	50 
4494	131 
4495	48 
4496	205 
4497	76 
4498	16 
4499	196 
4500	130 
4501	29 
4502	83 
4503	182 
4504	28 
4505	51 
4506	29 
4507	69 
4508	28 
4509	10 
4510	142 
4511	32 
4512	137 
4513	121 
4514	179 
4515	95 
4516	167 
4517	69 
4518	57 
4519	95 
4520	107 
4521	18 
4522	48 
4523	131 
4524	18 
4525	199 
4526	16 
4527	46 
4528	26 
4529	37 
4530	49 
4531	127 
4532	130 
4533	95 
4534	133 
4535	40 
4536	33 
4537	130 
4538	49 
4539	158 
4540	57 
4541	186 
4542	114 
4543	168 
4544	197 
4545	186 
4546	202 
4547	202 
4548	35 
4549	196 
4550	37 
4551	87 
4552	206 
4553	35 
4554	205 
4555	26 
4556	74 
4557	168 
4558	2 
4559	83 
4560	107 
4561	188 
4562	78 
4563	150 
4564	158 
4565	196 
4566	127 
4567	1 
4568	189 
4569	200 
4570	22 
4571	171 
4572	131 
4573	87 
4574	202 
4575	142 
4576	28 
4577	158 
4578	88 
4579	23 
4580	91 
4581	74 
4582	136 
4583	9 
4584	87 
4585	59 
4586	32 
4587	23 
4588	91 
4589	76 
4590	65 
4591	186 
4592	87 
4593	124 
4594	164 
4595	176 
4596	8 
4597	199 
4598	10 
4599	63 
4600	63 
4601	85 
4602	80 
4603	136 
4604	188 
4605	58 
4606	10 
4607	136 
4608	3 
4609	107 
4610	136 
4611	130 
4612	168 
4613	206 
4614	35 
4615	206 
4616	39 
4617	130 
4618	136 
4619	205 
4620	2 
4621	55 
4622	10 
4623	182 
4624	168 
4625	53 
4626	126 
4627	205 
4628	206 
4629	150 
4630	69 
4631	3 
4632	70 
4633	68 
4634	108 
4635	2 
4636	68 
4637	6 
4638	32 
4639	51 
4640	157 
4641	69 
4642	145 
4643	80 
4644	148 
4645	87 
4646	25 
4647	203 
4648	76 
4649	164 
4650	48 
4651	130 
4652	28 
4653	160 
4654	167 
4655	145 
4656	29 
4657	156 
4658	57 
4659	9 
4660	142 
4661	182 
4662	156 
4663	41 
4664	204 
4665	73 
4666	158 
4667	13 
4668	70 
4669	189 
4670	202 
4671	158 
4672	25 
4673	58 
4674	155 
4675	76 
4676	156 
4677	36 
4678	204 
4679	112 
4680	14 
4681	156 
4682	57 
4683	53 
4684	150 
4685	155 
4686	202 
4687	133 
4688	32 
4689	155 
4690	93 
4691	145 
4692	108 
4693	158 
4694	112 
4695	18 
4696	83 
4697	180 
4698	68 
4699	37 
4700	130 
4701	133 
4702	28 
4703	3 
4704	17 
4705	65 
4706	35 
4707	73 
4708	98 
4709	160 
4710	155 
4711	14 
4712	65 
4713	206 
4714	202 
4715	131 
4716	50 
4717	74 
4718	196 
4719	133 
4720	76 
4721	161 
4722	60 
4723	161 
4724	156 
4725	120 
4726	168 
4727	3 
4728	197 
4729	186 
4730	137 
4731	106 
4732	120 
4733	157 
4734	160 
4735	131 
4736	22 
4737	48 
4738	2 
4739	196 
4740	196 
4741	202 
4742	52 
4743	21 
4744	82 
4745	26 
4746	52 
4747	138 
4748	123 
4749	35 
4750	205 
4751	87 
4752	37 
4753	59 
4754	107 
4755	32 
4756	121 
4757	20 
4758	87 
4759	180 
4760	150 
4761	180 
4762	142 
4763	200 
4764	142 
4765	63 
4766	176 
4767	168 
4768	51 
4769	29 
4770	120 
4771	10 
4772	116 
4773	138 
4774	133 
4775	85 
4776	150 
4777	202 
4778	133 
4779	76 
4780	18 
4781	74 
4782	143 
4783	164 
4784	17 
4785	180 
4786	88 
4787	37 
4788	197 
4789	28 
4790	22 
4791	82 
4792	39 
4793	29 
4794	2 
4795	29 
4796	39 
4797	91 
4798	1 
4799	87 
4800	18 
4801	69 
4802	49 
4803	107 
4804	26 
4805	3 
4806	37 
4807	206 
4808	8 
4809	49 
4810	23 
4811	20 
4812	1 
4813	41 
4814	205 
4815	107 
4816	80 
4817	131 
4818	196 
4819	83 
4820	139 
4821	176 
4822	120 
4823	158 
4824	58 
4825	69 
4826	189 
4827	32 
4828	49 
4829	2 
4830	74 
4831	41 
4832	158 
4833	112 
4834	59 
4835	26 
4836	74 
4837	131 
4838	133 
4839	53 
4840	48 
4841	47 
4842	160 
4843	50 
4844	65 
4845	143 
4846	198 
4847	17 
4848	80 
4849	124 
4850	199 
4851	108 
4852	188 
4853	21 
4854	6 
4855	37 
4856	53 
4857	73 
4858	80 
4859	69 
4860	182 
4861	161 
4862	130 
4863	161 
4864	168 
4865	161 
4866	203 
4867	25 
4868	131 
4869	34 
4870	161 
4871	50 
4872	80 
4873	22 
4874	204 
4875	77 
4876	47 
4877	197 
4878	133 
4879	58 
4880	13 
4881	57 
4882	59 
4883	186 
4884	22 
4885	41 
4886	198 
4887	65 
4888	37 
4889	50 
4890	23 
4891	2 
4892	98 
4893	120 
4894	21 
4895	205 
4896	60 
4897	121 
4898	1 
4899	52 
4900	171 
4901	160 
4902	148 
4903	160 
4904	26 
4905	155 
4906	196 
4907	88 
4908	82 
4909	82 
4910	65 
4911	186 
4912	52 
4913	148 
4914	176 
4915	121 
4916	29 
4917	203 
4918	18 
4919	121 
4920	130 
4921	150 
4922	52 
4923	57 
4924	136 
4925	48 
4926	6 
4927	182 
4928	164 
4929	156 
4930	167 
4931	37 
4932	18 
4933	168 
4934	157 
4935	91 
4936	121 
4937	203 
4938	83 
4939	206 
4940	136 
4941	35 
4942	160 
4943	91 
4944	32 
4945	157 
4946	158 
4947	116 
4948	3 
4949	150 
4950	199 
4951	2 
4952	65 
4953	21 
4954	60 
4955	130 
4956	91 
4957	88 
4958	59 
4959	124 
4960	203 
4961	200 
4962	150 
4963	37 
4964	22 
4965	160 
4966	51 
4967	164 
4968	21 
4969	35 
4970	108 
4971	120 
4972	108 
4973	26 
4974	157 
4975	3 
4976	87 
4977	150 
4978	88 
4979	112 
4980	206 
4981	145 
4982	8 
4983	74 
4984	18 
4985	48 
4986	108 
4987	206 
4988	131 
4989	171 
4990	197 
4991	29 
4992	121 
4993	35 
4994	21 
4995	82 
4996	145 
4997	127 
4998	167 
4999	120 
5000	37 
