1	58 
2	39 
3	52 
4	6 
5	52 
6	18 
7	20 
8	33 
9	3 
10	4 
11	27 
12	30 
13	46 
14	33 
15	34 
16	29 
17	54 
18	35 
19	30 
20	17 
21	5 
22	1 
23	40 
24	53 
25	48 
26	45 
27	30 
28	38 
29	52 
30	15 
31	13 
32	40 
33	27 
34	16 
35	33 
36	37 
37	23 
38	12 
39	26 
40	36 
41	7 
42	60 
43	36 
44	39 
45	38 
46	9 
47	37 
48	46 
49	2 
50	18 
51	56 
52	7 
53	6 
54	57 
55	62 
56	48 
57	21 
58	46 
59	61 
60	41 
61	24 
62	11 
63	60 
64	47 
65	20 
66	45 
67	21 
68	9 
69	50 
70	5 
71	11 
72	7 
73	59 
74	11 
75	15 
76	54 
77	28 
78	25 
79	2 
80	51 
81	19 
82	59 
83	51 
84	19 
85	37 
86	59 
87	23 
88	24 
89	35 
90	11 
91	1 
92	49 
93	49 
94	34 
95	5 
96	22 
97	62 
98	54 
99	33 
100	29 
101	59 
102	1 
103	26 
104	2 
105	11 
106	35 
107	62 
108	20 
109	5 
110	40 
111	5 
112	26 
113	48 
114	62 
115	4 
116	55 
117	58 
118	2 
119	49 
120	56 
121	32 
122	43 
123	20 
124	55 
125	30 
126	48 
127	58 
128	26 
129	24 
130	9 
131	31 
132	45 
133	62 
134	11 
135	3 
136	20 
137	40 
138	29 
139	48 
140	20 
141	24 
142	38 
143	36 
144	61 
145	45 
146	44 
147	47 
148	14 
149	44 
150	28 
151	32 
152	20 
153	32 
154	22 
155	52 
156	36 
157	28 
158	42 
159	54 
160	36 
161	46 
162	55 
163	3 
164	40 
165	8 
166	26 
167	19 
168	22 
169	58 
170	28 
171	20 
172	54 
173	56 
174	35 
175	17 
176	58 
177	2 
178	29 
179	11 
180	24 
181	26 
182	60 
183	26 
184	42 
185	42 
186	39 
187	20 
188	42 
189	18 
190	55 
191	42 
192	62 
193	20 
194	57 
195	49 
196	6 
197	32 
198	43 
199	30 
200	20 
201	34 
202	21 
203	5 
204	39 
205	7 
206	33 
207	45 
208	26 
209	27 
210	25 
211	18 
212	56 
213	42 
214	56 
215	11 
216	48 
217	22 
218	10 
219	28 
220	32 
221	58 
222	18 
223	39 
224	26 
225	36 
226	45 
227	36 
228	9 
229	55 
230	11 
231	6 
232	60 
233	48 
234	19 
235	38 
236	17 
237	18 
238	11 
239	35 
240	10 
241	50 
242	7 
243	58 
244	56 
245	10 
246	36 
247	36 
248	34 
249	58 
250	12 
251	39 
252	11 
253	10 
254	6 
255	58 
256	29 
257	48 
258	36 
259	35 
260	20 
261	60 
262	57 
263	43 
264	62 
265	32 
266	25 
267	2 
268	42 
269	10 
270	11 
271	24 
272	30 
273	5 
274	50 
275	38 
276	33 
277	5 
278	2 
279	7 
280	59 
281	42 
282	59 
283	11 
284	35 
285	53 
286	9 
287	9 
288	50 
289	42 
290	16 
291	32 
292	34 
293	8 
294	53 
295	57 
296	34 
297	20 
298	37 
299	32 
300	39 
301	20 
302	38 
303	13 
304	27 
305	35 
306	11 
307	6 
308	57 
309	27 
310	58 
311	14 
312	55 
313	20 
314	41 
315	35 
316	26 
317	23 
318	59 
319	22 
320	16 
321	15 
322	42 
323	43 
324	13 
325	54 
326	2 
327	9 
328	23 
329	35 
330	59 
331	15 
332	59 
333	42 
334	57 
335	5 
336	6 
337	5 
338	59 
339	31 
340	57 
341	45 
342	58 
343	32 
344	5 
345	7 
346	43 
347	62 
348	20 
349	15 
350	15 
351	13 
352	59 
353	11 
354	1 
355	58 
356	18 
357	15 
358	7 
359	55 
360	31 
361	39 
362	9 
363	36 
364	6 
365	2 
366	24 
367	29 
368	42 
369	18 
370	44 
371	48 
372	55 
373	2 
374	10 
375	7 
376	45 
377	44 
378	47 
379	54 
380	59 
381	16 
382	43 
383	10 
384	30 
385	21 
386	8 
387	45 
388	5 
389	31 
390	38 
391	34 
392	27 
393	17 
394	3 
395	53 
396	6 
397	51 
398	32 
399	25 
400	48 
401	41 
402	16 
403	20 
404	5 
405	56 
406	8 
407	56 
408	26 
409	49 
410	11 
411	15 
412	49 
413	26 
414	25 
415	20 
416	7 
417	23 
418	53 
419	51 
420	26 
421	7 
422	3 
423	37 
424	20 
425	60 
426	32 
427	7 
428	14 
429	16 
430	46 
431	49 
432	58 
433	10 
434	2 
435	49 
436	27 
437	36 
438	50 
439	54 
440	36 
441	37 
442	62 
443	5 
444	51 
445	26 
446	25 
447	23 
448	26 
449	6 
450	38 
451	49 
452	46 
453	49 
454	26 
455	22 
456	21 
457	58 
458	8 
459	4 
460	32 
461	11 
462	13 
463	48 
464	32 
465	18 
466	18 
467	52 
468	4 
469	40 
470	6 
471	27 
472	43 
473	32 
474	15 
475	62 
476	27 
477	54 
478	39 
479	2 
480	24 
481	12 
482	46 
483	39 
484	39 
485	17 
486	11 
487	17 
488	16 
489	29 
490	62 
491	48 
492	23 
493	5 
494	15 
495	54 
496	62 
497	59 
498	59 
499	20 
500	31 
501	29 
502	32 
503	23 
504	39 
505	39 
506	4 
507	4 
508	29 
509	31 
510	24 
511	26 
512	48 
513	16 
514	60 
515	6 
516	39 
517	31 
518	20 
519	28 
520	24 
521	34 
522	9 
523	43 
524	20 
525	5 
526	54 
527	44 
528	6 
529	56 
530	45 
531	22 
532	3 
533	36 
534	16 
535	22 
536	56 
537	13 
538	17 
539	26 
540	28 
541	30 
542	7 
543	10 
544	36 
545	33 
546	53 
547	29 
548	1 
549	24 
550	47 
551	34 
552	31 
553	49 
554	35 
555	27 
556	12 
557	61 
558	35 
559	21 
560	32 
561	46 
562	44 
563	7 
564	46 
565	15 
566	16 
567	29 
568	33 
569	10 
570	53 
571	62 
572	3 
573	51 
574	26 
575	14 
576	2 
577	55 
578	1 
579	7 
580	40 
581	58 
582	9 
583	43 
584	23 
585	14 
586	8 
587	38 
588	52 
589	60 
590	16 
591	32 
592	21 
593	39 
594	24 
595	20 
596	40 
597	33 
598	35 
599	35 
600	24 
601	58 
602	38 
603	58 
604	38 
605	32 
606	19 
607	39 
608	33 
609	9 
610	53 
611	41 
612	61 
613	1 
614	43 
615	35 
616	10 
617	18 
618	18 
619	6 
620	57 
621	61 
622	7 
623	38 
624	37 
625	42 
626	48 
627	4 
628	36 
629	18 
630	26 
631	27 
632	29 
633	48 
634	34 
635	33 
636	27 
637	43 
638	22 
639	44 
640	20 
641	42 
642	16 
643	3 
644	52 
645	44 
646	7 
647	5 
648	5 
649	47 
650	53 
651	50 
652	37 
653	10 
654	22 
655	43 
656	43 
657	48 
658	48 
659	20 
660	15 
661	62 
662	18 
663	15 
664	10 
665	30 
666	19 
667	55 
668	24 
669	39 
670	21 
671	50 
672	52 
673	32 
674	7 
675	18 
676	62 
677	37 
678	20 
679	41 
680	11 
681	39 
682	47 
683	41 
684	30 
685	35 
686	18 
687	22 
688	8 
689	3 
690	59 
691	17 
692	55 
693	5 
694	13 
695	50 
696	41 
697	2 
698	14 
699	6 
700	30 
701	39 
702	27 
703	36 
704	11 
705	39 
706	35 
707	31 
708	7 
709	18 
710	38 
711	26 
712	17 
713	12 
714	30 
715	57 
716	60 
717	42 
718	13 
719	42 
720	59 
721	43 
722	61 
723	41 
724	4 
725	8 
726	5 
727	35 
728	25 
729	3 
730	33 
731	6 
732	31 
733	32 
734	1 
735	10 
736	60 
737	7 
738	9 
739	29 
740	27 
741	5 
742	60 
743	29 
744	6 
745	36 
746	57 
747	32 
748	23 
749	34 
750	4 
751	55 
752	58 
753	53 
754	51 
755	62 
756	37 
757	25 
758	12 
759	6 
760	21 
761	17 
762	33 
763	32 
764	39 
765	38 
766	41 
767	26 
768	24 
769	48 
770	59 
771	11 
772	54 
773	38 
774	47 
775	60 
776	21 
777	42 
778	13 
779	44 
780	6 
781	38 
782	27 
783	9 
784	42 
785	60 
786	61 
787	48 
788	46 
789	12 
790	61 
791	26 
792	45 
793	38 
794	24 
795	37 
796	27 
797	9 
798	1 
799	53 
800	3 
801	15 
802	34 
803	18 
804	28 
805	29 
806	30 
807	27 
808	55 
809	27 
810	46 
811	4 
812	62 
813	22 
814	4 
815	41 
816	25 
817	10 
818	19 
819	2 
820	20 
821	39 
822	21 
823	30 
824	10 
825	36 
826	60 
827	24 
828	56 
829	24 
830	17 
831	46 
832	33 
833	60 
834	12 
835	27 
836	11 
837	37 
838	49 
839	21 
840	36 
841	2 
842	60 
843	26 
844	45 
845	20 
846	12 
847	51 
848	34 
849	52 
850	10 
851	11 
852	36 
853	53 
854	53 
855	58 
856	61 
857	52 
858	41 
859	3 
860	32 
861	22 
862	1 
863	56 
864	33 
865	48 
866	43 
867	62 
868	10 
869	23 
870	5 
871	11 
872	28 
873	47 
874	23 
875	51 
876	8 
877	18 
878	6 
879	37 
880	62 
881	24 
882	11 
883	10 
884	48 
885	37 
886	2 
887	46 
888	11 
889	40 
890	14 
891	44 
892	24 
893	7 
894	21 
895	12 
896	27 
897	46 
898	9 
899	51 
900	47 
901	57 
902	36 
903	22 
904	54 
905	4 
906	62 
907	62 
908	61 
909	38 
910	5 
911	40 
912	19 
913	1 
914	54 
915	15 
916	38 
917	44 
918	60 
919	50 
920	28 
921	41 
922	37 
923	32 
924	11 
925	60 
926	19 
927	36 
928	49 
929	37 
930	15 
931	34 
932	6 
933	59 
934	33 
935	37 
936	3 
937	59 
938	33 
939	2 
940	52 
941	40 
942	10 
943	30 
944	56 
945	61 
946	6 
947	45 
948	21 
949	52 
950	11 
951	20 
952	45 
953	59 
954	21 
955	9 
956	49 
957	20 
958	20 
959	19 
960	8 
961	25 
962	16 
963	3 
964	33 
965	3 
966	7 
967	14 
968	51 
969	49 
970	33 
971	47 
972	46 
973	16 
974	4 
975	48 
976	24 
977	34 
978	50 
979	11 
980	25 
981	9 
982	8 
983	59 
984	19 
985	1 
986	54 
987	12 
988	45 
989	14 
990	15 
991	35 
992	60 
993	22 
994	59 
995	13 
996	37 
997	48 
998	53 
999	15 
1000	40 
1001	24 
1002	38 
1003	60 
1004	14 
1005	4 
1006	43 
1007	24 
1008	56 
1009	15 
1010	3 
1011	32 
1012	25 
1013	20 
1014	20 
1015	13 
1016	45 
1017	37 
1018	14 
1019	40 
1020	24 
1021	15 
1022	50 
1023	59 
1024	61 
1025	49 
1026	9 
1027	24 
1028	12 
1029	1 
1030	60 
1031	16 
1032	30 
1033	49 
1034	21 
1035	38 
1036	62 
1037	31 
1038	36 
1039	17 
1040	5 
1041	15 
1042	62 
1043	59 
1044	47 
1045	45 
1046	31 
1047	53 
1048	25 
1049	13 
1050	43 
1051	18 
1052	27 
1053	27 
1054	20 
1055	37 
1056	62 
1057	18 
1058	50 
1059	51 
1060	57 
1061	26 
1062	30 
1063	42 
1064	7 
1065	35 
1066	6 
1067	42 
1068	29 
1069	1 
1070	62 
1071	59 
1072	15 
1073	6 
1074	47 
1075	39 
1076	58 
1077	19 
1078	14 
1079	2 
1080	6 
1081	41 
1082	25 
1083	36 
1084	1 
1085	39 
1086	53 
1087	4 
1088	40 
1089	44 
1090	45 
1091	31 
1092	2 
1093	57 
1094	36 
1095	11 
1096	1 
1097	24 
1098	40 
1099	45 
1100	35 
1101	20 
1102	26 
1103	48 
1104	27 
1105	48 
1106	24 
1107	44 
1108	37 
1109	34 
1110	60 
1111	29 
1112	9 
1113	21 
1114	2 
1115	3 
1116	45 
1117	30 
1118	4 
1119	16 
1120	32 
1121	37 
1122	3 
1123	21 
1124	51 
1125	17 
1126	10 
1127	23 
1128	54 
1129	39 
1130	45 
1131	50 
1132	38 
1133	2 
1134	32 
1135	53 
1136	17 
1137	12 
1138	45 
1139	45 
1140	44 
1141	17 
1142	7 
1143	43 
1144	21 
1145	8 
1146	8 
1147	14 
1148	34 
1149	46 
1150	10 
1151	47 
1152	48 
1153	31 
1154	56 
1155	32 
1156	37 
1157	5 
1158	47 
1159	36 
1160	33 
1161	1 
1162	42 
1163	26 
1164	33 
1165	18 
1166	33 
1167	43 
1168	43 
1169	17 
1170	30 
1171	12 
1172	57 
1173	30 
1174	55 
1175	23 
1176	62 
1177	38 
1178	34 
1179	17 
1180	40 
1181	51 
1182	31 
1183	30 
1184	1 
1185	40 
1186	5 
1187	11 
1188	5 
1189	14 
1190	11 
1191	16 
1192	18 
1193	18 
1194	13 
1195	16 
1196	43 
1197	13 
1198	23 
1199	44 
1200	50 
1201	26 
1202	57 
1203	45 
1204	50 
1205	62 
1206	12 
1207	36 
1208	48 
1209	10 
1210	48 
1211	58 
1212	9 
1213	14 
1214	39 
1215	51 
1216	58 
1217	38 
1218	44 
1219	33 
1220	51 
1221	18 
1222	62 
1223	47 
1224	26 
1225	17 
1226	14 
1227	24 
1228	2 
1229	8 
1230	28 
1231	43 
1232	2 
1233	13 
1234	48 
1235	35 
1236	30 
1237	58 
1238	10 
1239	57 
1240	2 
1241	46 
1242	33 
1243	13 
1244	3 
1245	28 
1246	19 
1247	37 
1248	36 
1249	51 
1250	45 
1251	34 
1252	23 
1253	24 
1254	1 
1255	29 
1256	40 
1257	45 
1258	7 
1259	57 
1260	48 
1261	59 
1262	32 
1263	7 
1264	43 
1265	14 
1266	53 
1267	4 
1268	5 
1269	61 
1270	38 
1271	21 
1272	30 
1273	28 
1274	41 
1275	40 
1276	42 
1277	9 
1278	11 
1279	27 
1280	23 
1281	3 
1282	62 
1283	52 
1284	15 
1285	10 
1286	35 
1287	10 
1288	18 
1289	54 
1290	31 
1291	14 
1292	37 
1293	58 
1294	11 
1295	15 
1296	62 
1297	37 
1298	8 
1299	38 
1300	18 
1301	10 
1302	30 
1303	12 
1304	8 
1305	15 
1306	8 
1307	18 
1308	38 
1309	41 
1310	30 
1311	26 
1312	25 
1313	50 
1314	23 
1315	17 
1316	2 
1317	39 
1318	33 
1319	31 
1320	19 
1321	20 
1322	25 
1323	13 
1324	16 
1325	61 
1326	46 
1327	49 
1328	43 
1329	2 
1330	51 
1331	43 
1332	51 
1333	13 
1334	29 
1335	41 
1336	16 
1337	12 
1338	8 
1339	6 
1340	43 
1341	33 
1342	16 
1343	19 
1344	45 
1345	20 
1346	52 
1347	29 
1348	6 
1349	40 
1350	45 
1351	51 
1352	11 
1353	36 
1354	3 
1355	7 
1356	30 
1357	20 
1358	58 
1359	11 
1360	33 
1361	46 
1362	54 
1363	45 
1364	15 
1365	26 
1366	29 
1367	48 
1368	37 
1369	62 
1370	49 
1371	32 
1372	40 
1373	29 
1374	28 
1375	3 
1376	51 
1377	24 
1378	43 
1379	43 
1380	58 
1381	36 
1382	16 
1383	15 
1384	43 
1385	50 
1386	48 
1387	47 
1388	23 
1389	28 
1390	17 
1391	47 
1392	20 
1393	20 
1394	8 
1395	6 
1396	21 
1397	4 
1398	29 
1399	3 
1400	37 
1401	2 
1402	12 
1403	2 
1404	30 
1405	18 
1406	36 
1407	25 
1408	42 
1409	56 
1410	51 
1411	32 
1412	58 
1413	1 
1414	43 
1415	1 
1416	4 
1417	49 
1418	46 
1419	6 
1420	9 
1421	32 
1422	59 
1423	21 
1424	59 
1425	13 
1426	48 
1427	8 
1428	56 
1429	10 
1430	12 
1431	59 
1432	17 
1433	9 
1434	57 
1435	31 
1436	47 
1437	10 
1438	62 
1439	22 
1440	16 
1441	48 
1442	54 
1443	16 
1444	30 
1445	49 
1446	29 
1447	15 
1448	28 
1449	33 
1450	44 
1451	37 
1452	22 
1453	48 
1454	48 
1455	30 
1456	59 
1457	59 
1458	44 
1459	44 
1460	39 
1461	28 
1462	8 
1463	26 
1464	55 
1465	36 
1466	17 
1467	51 
1468	8 
1469	1 
1470	58 
1471	28 
1472	19 
1473	46 
1474	52 
1475	12 
1476	56 
1477	22 
1478	31 
1479	52 
1480	54 
1481	12 
1482	54 
1483	56 
1484	20 
1485	36 
1486	56 
1487	31 
1488	13 
1489	18 
1490	24 
1491	40 
1492	28 
1493	33 
1494	54 
1495	27 
1496	34 
1497	28 
1498	16 
1499	5 
1500	8 
1501	36 
1502	39 
1503	16 
1504	54 
1505	55 
1506	46 
1507	49 
1508	3 
1509	18 
1510	24 
1511	24 
1512	9 
1513	56 
1514	27 
1515	62 
1516	20 
1517	44 
1518	40 
1519	62 
1520	33 
1521	24 
1522	25 
1523	36 
1524	30 
1525	15 
1526	17 
1527	46 
1528	29 
1529	7 
1530	45 
1531	29 
1532	40 
1533	44 
1534	17 
1535	55 
1536	57 
1537	42 
1538	13 
1539	26 
1540	48 
1541	2 
1542	31 
1543	35 
1544	47 
1545	56 
1546	18 
1547	24 
1548	33 
1549	59 
1550	7 
1551	35 
1552	10 
1553	48 
1554	4 
1555	39 
1556	52 
1557	7 
1558	34 
1559	34 
1560	24 
1561	60 
1562	47 
1563	41 
1564	2 
1565	22 
1566	29 
1567	12 
1568	46 
1569	6 
1570	15 
1571	58 
1572	44 
1573	52 
1574	13 
1575	61 
1576	54 
1577	17 
1578	31 
1579	41 
1580	38 
1581	44 
1582	37 
1583	20 
1584	38 
1585	30 
1586	34 
1587	35 
1588	31 
1589	11 
1590	34 
1591	49 
1592	56 
1593	50 
1594	41 
1595	48 
1596	45 
1597	33 
1598	22 
1599	59 
1600	12 
1601	17 
1602	40 
1603	57 
1604	13 
1605	17 
1606	17 
1607	29 
1608	40 
1609	40 
1610	10 
1611	49 
1612	50 
1613	39 
1614	48 
1615	11 
1616	34 
1617	61 
1618	2 
1619	47 
1620	21 
1621	61 
1622	9 
1623	42 
1624	56 
1625	25 
1626	14 
1627	43 
1628	8 
1629	40 
1630	16 
1631	44 
1632	7 
1633	22 
1634	54 
1635	44 
1636	54 
1637	49 
1638	35 
1639	53 
1640	54 
1641	18 
1642	50 
1643	13 
1644	36 
1645	50 
1646	12 
1647	15 
1648	1 
1649	37 
1650	39 
1651	25 
1652	49 
1653	5 
1654	3 
1655	37 
1656	37 
1657	48 
1658	59 
1659	25 
1660	24 
1661	45 
1662	38 
1663	11 
1664	11 
1665	16 
1666	60 
1667	20 
1668	4 
1669	19 
1670	17 
1671	8 
1672	29 
1673	14 
1674	10 
1675	1 
1676	50 
1677	32 
1678	37 
1679	9 
1680	33 
1681	43 
1682	33 
1683	57 
1684	33 
1685	6 
1686	62 
1687	17 
1688	59 
1689	45 
1690	52 
1691	5 
1692	50 
1693	7 
1694	39 
1695	33 
1696	19 
1697	50 
1698	52 
1699	11 
1700	8 
1701	31 
1702	56 
1703	2 
1704	34 
1705	41 
1706	3 
1707	16 
1708	25 
1709	3 
1710	27 
1711	46 
1712	11 
1713	30 
1714	43 
1715	38 
1716	62 
1717	8 
1718	4 
1719	39 
1720	60 
1721	39 
1722	46 
1723	45 
1724	39 
1725	24 
1726	38 
1727	48 
1728	27 
1729	53 
1730	32 
1731	46 
1732	44 
1733	9 
1734	28 
1735	45 
1736	61 
1737	39 
1738	18 
1739	36 
1740	52 
1741	3 
1742	60 
1743	55 
1744	24 
1745	40 
1746	59 
1747	9 
1748	43 
1749	1 
1750	23 
1751	49 
1752	59 
1753	46 
1754	47 
1755	26 
1756	28 
1757	41 
1758	12 
1759	31 
1760	11 
1761	47 
1762	41 
1763	43 
1764	41 
1765	56 
1766	15 
1767	38 
1768	30 
1769	23 
1770	33 
1771	1 
1772	7 
1773	10 
1774	34 
1775	30 
1776	3 
1777	28 
1778	22 
1779	35 
1780	3 
1781	47 
1782	42 
1783	46 
1784	32 
1785	7 
1786	40 
1787	10 
1788	37 
1789	57 
1790	50 
1791	8 
1792	10 
1793	38 
1794	46 
1795	56 
1796	31 
1797	13 
1798	20 
1799	19 
1800	33 
1801	21 
1802	23 
1803	37 
1804	62 
1805	44 
1806	33 
1807	37 
1808	20 
1809	18 
1810	24 
1811	24 
1812	49 
1813	14 
1814	6 
1815	5 
1816	56 
1817	47 
1818	8 
1819	3 
1820	23 
1821	43 
1822	52 
1823	47 
1824	37 
1825	3 
1826	39 
1827	37 
1828	48 
1829	53 
1830	32 
1831	24 
1832	31 
1833	11 
1834	51 
1835	33 
1836	46 
1837	4 
1838	32 
1839	59 
1840	20 
1841	9 
1842	11 
1843	33 
1844	38 
1845	34 
1846	7 
1847	31 
1848	7 
1849	1 
1850	36 
1851	48 
1852	24 
1853	23 
1854	12 
1855	10 
1856	54 
1857	29 
1858	26 
1859	45 
1860	6 
1861	18 
1862	18 
1863	31 
1864	33 
1865	62 
1866	8 
1867	18 
1868	24 
1869	39 
1870	60 
1871	11 
1872	62 
1873	60 
1874	31 
1875	18 
1876	21 
1877	62 
1878	8 
1879	15 
1880	62 
1881	40 
1882	27 
1883	56 
1884	50 
1885	55 
1886	47 
1887	33 
1888	38 
1889	43 
1890	61 
1891	62 
1892	25 
1893	42 
1894	30 
1895	59 
1896	49 
1897	7 
1898	11 
1899	61 
1900	16 
1901	50 
1902	48 
1903	20 
1904	48 
1905	37 
1906	61 
1907	7 
1908	17 
1909	6 
1910	19 
1911	29 
1912	33 
1913	11 
1914	21 
1915	9 
1916	26 
1917	2 
1918	53 
1919	18 
1920	11 
1921	35 
1922	34 
1923	3 
1924	18 
1925	35 
1926	49 
1927	37 
1928	32 
1929	27 
1930	5 
1931	18 
1932	15 
1933	5 
1934	28 
1935	48 
1936	49 
1937	28 
1938	12 
1939	2 
1940	41 
1941	58 
1942	35 
1943	11 
1944	32 
1945	61 
1946	48 
1947	55 
1948	2 
1949	58 
1950	1 
1951	42 
1952	46 
1953	60 
1954	6 
1955	26 
1956	33 
1957	48 
1958	62 
1959	11 
1960	55 
1961	10 
1962	1 
1963	13 
1964	38 
1965	23 
1966	41 
1967	40 
1968	2 
1969	16 
1970	1 
1971	36 
1972	48 
1973	56 
1974	6 
1975	39 
1976	54 
1977	3 
1978	47 
1979	34 
1980	1 
1981	49 
1982	36 
1983	14 
1984	16 
1985	54 
1986	39 
1987	60 
1988	15 
1989	12 
1990	7 
1991	4 
1992	16 
1993	3 
1994	24 
1995	30 
1996	27 
1997	49 
1998	16 
1999	58 
2000	41 
2001	60 
2002	14 
2003	24 
2004	39 
2005	60 
2006	8 
2007	31 
2008	3 
2009	38 
2010	21 
2011	27 
2012	9 
2013	36 
2014	6 
2015	39 
2016	40 
2017	59 
2018	29 
2019	39 
2020	35 
2021	37 
2022	61 
2023	34 
2024	27 
2025	7 
2026	1 
2027	56 
2028	48 
2029	44 
2030	36 
2031	11 
2032	2 
2033	53 
2034	2 
2035	42 
2036	62 
2037	31 
2038	11 
2039	7 
2040	37 
2041	15 
2042	27 
2043	53 
2044	35 
2045	58 
2046	48 
2047	7 
2048	49 
2049	9 
2050	1 
2051	55 
2052	11 
2053	13 
2054	19 
2055	20 
2056	27 
2057	49 
2058	30 
2059	41 
2060	20 
2061	17 
2062	33 
2063	56 
2064	29 
2065	20 
2066	56 
2067	15 
2068	41 
2069	54 
2070	23 
2071	3 
2072	45 
2073	29 
2074	57 
2075	28 
2076	3 
2077	1 
2078	37 
2079	39 
2080	17 
2081	31 
2082	55 
2083	56 
2084	38 
2085	44 
2086	44 
2087	50 
2088	24 
2089	42 
2090	60 
2091	32 
2092	55 
2093	38 
2094	53 
2095	8 
2096	25 
2097	8 
2098	10 
2099	29 
2100	39 
2101	57 
2102	15 
2103	52 
2104	49 
2105	61 
2106	10 
2107	31 
2108	31 
2109	39 
2110	32 
2111	51 
2112	52 
2113	54 
2114	40 
2115	42 
2116	31 
2117	55 
2118	27 
2119	58 
2120	17 
2121	25 
2122	17 
2123	62 
2124	58 
2125	57 
2126	2 
2127	17 
2128	37 
2129	36 
2130	36 
2131	58 
2132	58 
2133	5 
2134	7 
2135	62 
2136	24 
2137	2 
2138	28 
2139	21 
2140	46 
2141	26 
2142	9 
2143	10 
2144	49 
2145	47 
2146	56 
2147	20 
2148	45 
2149	3 
2150	40 
2151	19 
2152	8 
2153	46 
2154	47 
2155	31 
2156	21 
2157	61 
2158	29 
2159	46 
2160	18 
2161	14 
2162	43 
2163	37 
2164	18 
2165	18 
2166	48 
2167	38 
2168	50 
2169	35 
2170	49 
2171	27 
2172	23 
2173	36 
2174	47 
2175	41 
2176	2 
2177	57 
2178	48 
2179	48 
2180	35 
2181	62 
2182	46 
2183	8 
2184	1 
2185	42 
2186	44 
2187	30 
2188	36 
2189	1 
2190	6 
2191	2 
2192	10 
2193	22 
2194	40 
2195	24 
2196	26 
2197	16 
2198	59 
2199	21 
2200	16 
2201	37 
2202	51 
2203	38 
2204	4 
2205	53 
2206	15 
2207	37 
2208	40 
2209	55 
2210	35 
2211	20 
2212	20 
2213	35 
2214	12 
2215	13 
2216	51 
2217	6 
2218	55 
2219	39 
2220	1 
2221	43 
2222	31 
2223	36 
2224	30 
2225	59 
2226	10 
2227	23 
2228	38 
2229	7 
2230	39 
2231	4 
2232	20 
2233	28 
2234	62 
2235	59 
2236	24 
2237	13 
2238	11 
2239	24 
2240	26 
2241	3 
2242	28 
2243	8 
2244	3 
2245	19 
2246	52 
2247	26 
2248	29 
2249	55 
2250	50 
2251	34 
2252	50 
2253	28 
2254	29 
2255	17 
2256	19 
2257	39 
2258	29 
2259	62 
2260	30 
2261	38 
2262	17 
2263	35 
2264	37 
2265	24 
2266	10 
2267	29 
2268	46 
2269	37 
2270	5 
2271	31 
2272	40 
2273	42 
2274	51 
2275	7 
2276	9 
2277	56 
2278	49 
2279	56 
2280	43 
2281	55 
2282	13 
2283	54 
2284	22 
2285	62 
2286	29 
2287	33 
2288	2 
2289	17 
2290	2 
2291	44 
2292	26 
2293	49 
2294	38 
2295	3 
2296	35 
2297	3 
2298	49 
2299	39 
2300	19 
2301	13 
2302	33 
2303	32 
2304	45 
2305	55 
2306	53 
2307	60 
2308	39 
2309	23 
2310	32 
2311	29 
2312	24 
2313	2 
2314	52 
2315	50 
2316	17 
2317	39 
2318	50 
2319	36 
2320	13 
2321	28 
2322	4 
2323	43 
2324	7 
2325	12 
2326	6 
2327	1 
2328	26 
2329	55 
2330	33 
2331	58 
2332	24 
2333	24 
2334	12 
2335	7 
2336	18 
2337	23 
2338	42 
2339	31 
2340	54 
2341	5 
2342	55 
2343	27 
2344	8 
2345	31 
2346	8 
2347	32 
2348	26 
2349	60 
2350	8 
2351	2 
2352	50 
2353	40 
2354	23 
2355	42 
2356	59 
2357	38 
2358	58 
2359	38 
2360	62 
2361	4 
2362	25 
2363	53 
2364	8 
2365	28 
2366	48 
2367	53 
2368	13 
2369	62 
2370	54 
2371	49 
2372	8 
2373	19 
2374	13 
2375	15 
2376	49 
2377	15 
2378	51 
2379	30 
2380	57 
2381	4 
2382	45 
2383	31 
2384	46 
2385	37 
2386	17 
2387	8 
2388	33 
2389	51 
2390	7 
2391	15 
2392	30 
2393	27 
2394	11 
2395	33 
2396	29 
2397	25 
2398	59 
2399	48 
2400	13 
2401	15 
2402	59 
2403	17 
2404	30 
2405	4 
2406	58 
2407	34 
2408	36 
2409	58 
2410	17 
2411	8 
2412	56 
2413	53 
2414	52 
2415	30 
2416	22 
2417	18 
2418	9 
2419	61 
2420	2 
2421	18 
2422	45 
2423	39 
2424	41 
2425	59 
2426	27 
2427	59 
2428	49 
2429	62 
2430	28 
2431	37 
2432	39 
2433	21 
2434	19 
2435	18 
2436	53 
2437	8 
2438	21 
2439	56 
2440	23 
2441	24 
2442	45 
2443	46 
2444	8 
2445	60 
2446	5 
2447	48 
2448	33 
2449	1 
2450	45 
2451	9 
2452	59 
2453	7 
2454	6 
2455	10 
2456	39 
2457	58 
2458	51 
2459	17 
2460	48 
2461	1 
2462	44 
2463	47 
2464	38 
2465	9 
2466	10 
2467	12 
2468	40 
2469	2 
2470	1 
2471	3 
2472	10 
2473	9 
2474	30 
2475	59 
2476	15 
2477	47 
2478	11 
2479	50 
2480	18 
2481	5 
2482	58 
2483	51 
2484	18 
2485	60 
2486	20 
2487	49 
2488	17 
2489	27 
2490	14 
2491	47 
2492	14 
2493	21 
2494	20 
2495	46 
2496	47 
2497	50 
2498	41 
2499	24 
2500	24 
2501	24 
2502	40 
2503	8 
2504	29 
2505	2 
2506	43 
2507	3 
2508	47 
2509	19 
2510	8 
2511	19 
2512	38 
2513	43 
2514	7 
2515	9 
2516	17 
2517	6 
2518	14 
2519	27 
2520	57 
2521	27 
2522	3 
2523	27 
2524	56 
2525	19 
2526	53 
2527	2 
2528	56 
2529	62 
2530	20 
2531	4 
2532	49 
2533	42 
2534	48 
2535	34 
2536	6 
2537	8 
2538	23 
2539	40 
2540	9 
2541	13 
2542	59 
2543	58 
2544	51 
2545	6 
2546	45 
2547	62 
2548	9 
2549	57 
2550	1 
2551	14 
2552	21 
2553	1 
2554	54 
2555	20 
2556	25 
2557	55 
2558	17 
2559	23 
2560	56 
2561	32 
2562	49 
2563	39 
2564	36 
2565	38 
2566	48 
2567	26 
2568	23 
2569	51 
2570	51 
2571	33 
2572	23 
2573	14 
2574	19 
2575	12 
2576	42 
2577	1 
2578	2 
2579	19 
2580	28 
2581	7 
2582	13 
2583	42 
2584	56 
2585	48 
2586	14 
2587	31 
2588	10 
2589	47 
2590	36 
2591	1 
2592	52 
2593	39 
2594	37 
2595	36 
2596	23 
2597	56 
2598	49 
2599	33 
2600	26 
2601	38 
2602	8 
2603	44 
2604	53 
2605	16 
2606	42 
2607	61 
2608	56 
2609	19 
2610	60 
2611	28 
2612	8 
2613	31 
2614	44 
2615	18 
2616	40 
2617	23 
2618	40 
2619	58 
2620	39 
2621	30 
2622	17 
2623	40 
2624	22 
2625	34 
2626	36 
2627	24 
2628	61 
2629	60 
2630	26 
2631	57 
2632	26 
2633	24 
2634	5 
2635	9 
2636	61 
2637	11 
2638	54 
2639	22 
2640	41 
2641	53 
2642	59 
2643	14 
2644	49 
2645	40 
2646	39 
2647	29 
2648	3 
2649	25 
2650	48 
2651	46 
2652	13 
2653	55 
2654	33 
2655	36 
2656	39 
2657	22 
2658	2 
2659	3 
2660	25 
2661	49 
2662	27 
2663	25 
2664	59 
2665	6 
2666	23 
2667	13 
2668	58 
2669	24 
2670	34 
2671	15 
2672	32 
2673	61 
2674	30 
2675	44 
2676	49 
2677	20 
2678	27 
2679	21 
2680	52 
2681	11 
2682	16 
2683	18 
2684	16 
2685	58 
2686	44 
2687	54 
2688	46 
2689	14 
2690	30 
2691	41 
2692	33 
2693	3 
2694	51 
2695	38 
2696	3 
2697	16 
2698	22 
2699	56 
2700	60 
2701	52 
2702	11 
2703	20 
2704	15 
2705	52 
2706	13 
2707	15 
2708	40 
2709	44 
2710	50 
2711	46 
2712	31 
2713	54 
2714	50 
2715	45 
2716	34 
2717	50 
2718	8 
2719	40 
2720	39 
2721	62 
2722	18 
2723	44 
2724	6 
2725	59 
2726	31 
2727	39 
2728	42 
2729	44 
2730	14 
2731	17 
2732	25 
2733	36 
2734	35 
2735	16 
2736	36 
2737	16 
2738	2 
2739	53 
2740	30 
2741	46 
2742	16 
2743	29 
2744	21 
2745	39 
2746	1 
2747	60 
2748	50 
2749	43 
2750	22 
2751	37 
2752	42 
2753	20 
2754	22 
2755	38 
2756	47 
2757	8 
2758	50 
2759	16 
2760	37 
2761	20 
2762	52 
2763	47 
2764	56 
2765	2 
2766	28 
2767	40 
2768	54 
2769	4 
2770	10 
2771	15 
2772	35 
2773	47 
2774	7 
2775	43 
2776	12 
2777	47 
2778	38 
2779	42 
2780	11 
2781	57 
2782	21 
2783	45 
2784	40 
2785	27 
2786	42 
2787	3 
2788	38 
2789	4 
2790	15 
2791	28 
2792	49 
2793	46 
2794	9 
2795	46 
2796	55 
2797	38 
2798	32 
2799	47 
2800	52 
2801	17 
2802	7 
2803	26 
2804	36 
2805	21 
2806	62 
2807	11 
2808	27 
2809	46 
2810	7 
2811	24 
2812	33 
2813	6 
2814	12 
2815	10 
2816	62 
2817	52 
2818	12 
2819	35 
2820	22 
2821	10 
2822	2 
2823	57 
2824	30 
2825	56 
2826	23 
2827	5 
2828	50 
2829	27 
2830	59 
2831	26 
2832	4 
2833	29 
2834	58 
2835	45 
2836	27 
2837	42 
2838	23 
2839	20 
2840	9 
2841	16 
2842	31 
2843	41 
2844	36 
2845	3 
2846	40 
2847	8 
2848	15 
2849	11 
2850	10 
2851	48 
2852	47 
2853	40 
2854	60 
2855	49 
2856	46 
2857	39 
2858	43 
2859	59 
2860	9 
2861	2 
2862	43 
2863	32 
2864	4 
2865	33 
2866	22 
2867	38 
2868	17 
2869	11 
2870	45 
2871	1 
2872	53 
2873	19 
2874	47 
2875	7 
2876	33 
2877	57 
2878	46 
2879	37 
2880	49 
2881	42 
2882	35 
2883	36 
2884	35 
2885	43 
2886	43 
2887	17 
2888	42 
2889	35 
2890	25 
2891	3 
2892	54 
2893	62 
2894	27 
2895	56 
2896	13 
2897	16 
2898	34 
2899	52 
2900	46 
2901	37 
2902	6 
2903	40 
2904	24 
2905	10 
2906	39 
2907	18 
2908	43 
2909	5 
2910	1 
2911	5 
2912	61 
2913	60 
2914	24 
2915	59 
2916	11 
2917	18 
2918	11 
2919	3 
2920	10 
2921	16 
2922	49 
2923	6 
2924	10 
2925	6 
2926	20 
2927	33 
2928	8 
2929	16 
2930	24 
2931	15 
2932	17 
2933	53 
2934	44 
2935	1 
2936	61 
2937	21 
2938	23 
2939	21 
2940	9 
2941	9 
2942	30 
2943	19 
2944	49 
2945	16 
2946	7 
2947	48 
2948	29 
2949	53 
2950	56 
2951	20 
2952	34 
2953	58 
2954	21 
2955	37 
2956	39 
2957	23 
2958	31 
2959	27 
2960	32 
2961	23 
2962	27 
2963	58 
2964	6 
2965	19 
2966	56 
2967	56 
2968	34 
2969	48 
2970	4 
2971	3 
2972	39 
2973	46 
2974	35 
2975	50 
2976	6 
2977	34 
2978	10 
2979	11 
2980	49 
2981	22 
2982	8 
2983	18 
2984	40 
2985	9 
2986	34 
2987	56 
2988	14 
2989	18 
2990	50 
2991	41 
2992	61 
2993	50 
2994	31 
2995	42 
2996	32 
2997	25 
2998	50 
2999	10 
3000	36 
3001	24 
3002	38 
3003	25 
3004	36 
3005	40 
3006	41 
3007	2 
3008	51 
3009	2 
3010	15 
3011	14 
3012	8 
3013	17 
3014	39 
3015	20 
3016	52 
3017	6 
3018	16 
3019	8 
3020	58 
3021	53 
3022	23 
3023	25 
3024	54 
3025	9 
3026	29 
3027	56 
3028	1 
3029	7 
3030	18 
3031	55 
3032	52 
3033	39 
3034	43 
3035	8 
3036	40 
3037	31 
3038	35 
3039	27 
3040	56 
3041	32 
3042	39 
3043	24 
3044	42 
3045	1 
3046	21 
3047	31 
3048	19 
3049	43 
3050	14 
3051	32 
3052	14 
3053	40 
3054	60 
3055	39 
3056	59 
3057	55 
3058	44 
3059	23 
3060	31 
3061	6 
3062	41 
3063	27 
3064	46 
3065	21 
3066	45 
3067	39 
3068	10 
3069	62 
3070	25 
3071	19 
3072	61 
3073	32 
3074	62 
3075	49 
3076	49 
3077	18 
3078	38 
3079	19 
3080	30 
3081	46 
3082	43 
3083	48 
3084	41 
3085	31 
3086	50 
3087	47 
3088	38 
3089	20 
3090	20 
3091	48 
3092	13 
3093	8 
3094	36 
3095	59 
3096	59 
3097	60 
3098	37 
3099	49 
3100	62 
3101	9 
3102	33 
3103	40 
3104	52 
3105	33 
3106	40 
3107	59 
3108	17 
3109	23 
3110	48 
3111	27 
3112	18 
3113	6 
3114	39 
3115	37 
3116	8 
3117	14 
3118	44 
3119	33 
3120	58 
3121	61 
3122	30 
3123	44 
3124	53 
3125	31 
3126	53 
3127	7 
3128	22 
3129	16 
3130	43 
3131	5 
3132	24 
3133	31 
3134	43 
3135	2 
3136	31 
3137	15 
3138	12 
3139	41 
3140	38 
3141	55 
3142	56 
3143	19 
3144	39 
3145	53 
3146	55 
3147	40 
3148	58 
3149	4 
3150	4 
3151	18 
3152	49 
3153	46 
3154	27 
3155	16 
3156	54 
3157	8 
3158	10 
3159	49 
3160	10 
3161	44 
3162	18 
3163	29 
3164	34 
3165	4 
3166	4 
3167	11 
3168	60 
3169	6 
3170	31 
3171	38 
3172	38 
3173	53 
3174	40 
3175	32 
3176	20 
3177	45 
3178	6 
3179	9 
3180	9 
3181	12 
3182	60 
3183	54 
3184	57 
3185	47 
3186	33 
3187	10 
3188	49 
3189	21 
3190	56 
3191	2 
3192	57 
3193	53 
3194	9 
3195	46 
3196	52 
3197	50 
3198	58 
3199	31 
3200	61 
3201	14 
3202	8 
3203	18 
3204	52 
3205	62 
3206	59 
3207	31 
3208	55 
3209	33 
3210	24 
3211	48 
3212	13 
3213	3 
3214	51 
3215	28 
3216	6 
3217	3 
3218	41 
3219	41 
3220	15 
3221	17 
3222	40 
3223	10 
3224	40 
3225	2 
3226	49 
3227	24 
3228	48 
3229	6 
3230	24 
3231	15 
3232	43 
3233	59 
3234	54 
3235	28 
3236	37 
3237	52 
3238	21 
3239	27 
3240	21 
3241	37 
3242	49 
3243	9 
3244	38 
3245	11 
3246	25 
3247	62 
3248	59 
3249	33 
3250	7 
3251	24 
3252	58 
3253	41 
3254	38 
3255	50 
3256	29 
3257	39 
3258	5 
3259	36 
3260	43 
3261	34 
3262	24 
3263	12 
3264	34 
3265	62 
3266	4 
3267	33 
3268	51 
3269	46 
3270	17 
3271	12 
3272	16 
3273	12 
3274	31 
3275	56 
3276	19 
3277	62 
3278	36 
3279	46 
3280	20 
3281	6 
3282	31 
3283	40 
3284	33 
3285	36 
3286	28 
3287	2 
3288	55 
3289	26 
3290	10 
3291	49 
3292	33 
3293	10 
3294	58 
3295	19 
3296	53 
3297	43 
3298	46 
3299	4 
3300	29 
3301	9 
3302	3 
3303	15 
3304	3 
3305	61 
3306	30 
3307	29 
3308	62 
3309	37 
3310	29 
3311	30 
3312	53 
3313	13 
3314	22 
3315	59 
3316	25 
3317	60 
3318	11 
3319	38 
3320	20 
3321	60 
3322	25 
3323	30 
3324	6 
3325	10 
3326	51 
3327	29 
3328	12 
3329	8 
3330	31 
3331	46 
3332	16 
3333	5 
3334	46 
3335	22 
3336	29 
3337	60 
3338	10 
3339	30 
3340	33 
3341	59 
3342	57 
3343	9 
3344	40 
3345	18 
3346	4 
3347	3 
3348	55 
3349	15 
3350	39 
3351	59 
3352	4 
3353	9 
3354	45 
3355	56 
3356	43 
3357	54 
3358	35 
3359	38 
3360	47 
3361	59 
3362	25 
3363	44 
3364	6 
3365	45 
3366	21 
3367	42 
3368	16 
3369	32 
3370	30 
3371	20 
3372	12 
3373	48 
3374	37 
3375	53 
3376	62 
3377	31 
3378	40 
3379	26 
3380	43 
3381	50 
3382	25 
3383	3 
3384	11 
3385	9 
3386	8 
3387	52 
3388	17 
3389	21 
3390	2 
3391	33 
3392	20 
3393	38 
3394	59 
3395	17 
3396	53 
3397	47 
3398	40 
3399	8 
3400	56 
3401	34 
3402	3 
3403	13 
3404	9 
3405	10 
3406	30 
3407	40 
3408	54 
3409	41 
3410	60 
3411	53 
3412	39 
3413	15 
3414	41 
3415	33 
3416	61 
3417	26 
3418	3 
3419	3 
3420	57 
3421	23 
3422	27 
3423	52 
3424	29 
3425	35 
3426	42 
3427	57 
3428	42 
3429	41 
3430	62 
3431	39 
3432	32 
3433	61 
3434	36 
3435	49 
3436	60 
3437	47 
3438	8 
3439	48 
3440	27 
3441	33 
3442	33 
3443	43 
3444	25 
3445	39 
3446	36 
3447	5 
3448	51 
3449	40 
3450	39 
3451	16 
3452	33 
3453	17 
3454	36 
3455	46 
3456	27 
3457	53 
3458	20 
3459	40 
3460	10 
3461	26 
3462	61 
3463	62 
3464	47 
3465	13 
3466	3 
3467	3 
3468	32 
3469	61 
3470	54 
3471	35 
3472	11 
3473	3 
3474	27 
3475	58 
3476	36 
3477	61 
3478	29 
3479	27 
3480	49 
3481	24 
3482	3 
3483	24 
3484	21 
3485	39 
3486	32 
3487	62 
3488	49 
3489	29 
3490	1 
3491	37 
3492	15 
3493	49 
3494	57 
3495	25 
3496	8 
3497	35 
3498	34 
3499	10 
3500	18 
3501	32 
3502	39 
3503	46 
3504	58 
3505	8 
3506	18 
3507	18 
3508	44 
3509	4 
3510	46 
3511	47 
3512	37 
3513	61 
3514	60 
3515	41 
3516	11 
3517	40 
3518	2 
3519	51 
3520	2 
3521	20 
3522	38 
3523	10 
3524	22 
3525	18 
3526	28 
3527	32 
3528	47 
3529	40 
3530	7 
3531	31 
3532	36 
3533	34 
3534	49 
3535	38 
3536	24 
3537	22 
3538	39 
3539	46 
3540	15 
3541	15 
3542	1 
3543	46 
3544	61 
3545	49 
3546	61 
3547	5 
3548	32 
3549	46 
3550	39 
3551	26 
3552	61 
3553	32 
3554	32 
3555	54 
3556	50 
3557	55 
3558	58 
3559	7 
3560	8 
3561	41 
3562	36 
3563	3 
3564	14 
3565	23 
3566	51 
3567	39 
3568	36 
3569	30 
3570	14 
3571	7 
3572	22 
3573	44 
3574	62 
3575	3 
3576	44 
3577	17 
3578	51 
3579	26 
3580	58 
3581	59 
3582	53 
3583	14 
3584	10 
3585	8 
3586	10 
3587	33 
3588	29 
3589	62 
3590	41 
3591	9 
3592	62 
3593	28 
3594	49 
3595	18 
3596	59 
3597	54 
3598	7 
3599	54 
3600	56 
3601	29 
3602	3 
3603	29 
3604	48 
3605	7 
3606	46 
3607	10 
3608	41 
3609	44 
3610	47 
3611	44 
3612	21 
3613	11 
3614	36 
3615	15 
3616	25 
3617	13 
3618	35 
3619	36 
3620	16 
3621	39 
3622	37 
3623	10 
3624	29 
3625	24 
3626	19 
3627	26 
3628	48 
3629	16 
3630	1 
3631	49 
3632	1 
3633	35 
3634	6 
3635	17 
3636	30 
3637	36 
3638	21 
3639	47 
3640	40 
3641	32 
3642	37 
3643	2 
3644	17 
3645	44 
3646	8 
3647	17 
3648	2 
3649	13 
3650	5 
3651	2 
3652	47 
3653	4 
3654	38 
3655	43 
3656	22 
3657	22 
3658	24 
3659	39 
3660	8 
3661	29 
3662	36 
3663	34 
3664	46 
3665	57 
3666	21 
3667	60 
3668	15 
3669	23 
3670	50 
3671	54 
3672	6 
3673	59 
3674	18 
3675	56 
3676	24 
3677	36 
3678	6 
3679	37 
3680	1 
3681	11 
3682	42 
3683	45 
3684	24 
3685	18 
3686	59 
3687	15 
3688	19 
3689	16 
3690	28 
3691	25 
3692	4 
3693	25 
3694	45 
3695	23 
3696	61 
3697	22 
3698	52 
3699	8 
3700	14 
3701	13 
3702	39 
3703	40 
3704	22 
3705	33 
3706	27 
3707	29 
3708	3 
3709	44 
3710	21 
3711	57 
3712	42 
3713	45 
3714	44 
3715	62 
3716	49 
3717	38 
3718	11 
3719	37 
3720	23 
3721	28 
3722	23 
3723	8 
3724	7 
3725	52 
3726	7 
3727	25 
3728	4 
3729	52 
3730	52 
3731	19 
3732	12 
3733	14 
3734	48 
3735	24 
3736	36 
3737	53 
3738	39 
3739	17 
3740	56 
3741	10 
3742	8 
3743	55 
3744	60 
3745	8 
3746	10 
3747	28 
3748	20 
3749	15 
3750	25 
3751	35 
3752	34 
3753	8 
3754	6 
3755	22 
3756	22 
3757	20 
3758	34 
3759	54 
3760	30 
3761	52 
3762	16 
3763	23 
3764	3 
3765	12 
3766	54 
3767	35 
3768	29 
3769	3 
3770	21 
3771	29 
3772	4 
3773	51 
3774	62 
3775	20 
3776	51 
3777	23 
3778	2 
3779	14 
3780	20 
3781	55 
3782	27 
3783	41 
3784	32 
3785	55 
3786	59 
3787	30 
3788	62 
3789	26 
3790	60 
3791	53 
3792	3 
3793	53 
3794	28 
3795	46 
3796	32 
3797	38 
3798	32 
3799	14 
3800	1 
3801	48 
3802	4 
3803	58 
3804	29 
3805	39 
3806	8 
3807	61 
3808	29 
3809	16 
3810	48 
3811	55 
3812	50 
3813	44 
3814	32 
3815	31 
3816	4 
3817	7 
3818	16 
3819	9 
3820	17 
3821	7 
3822	30 
3823	1 
3824	30 
3825	56 
3826	6 
3827	52 
3828	34 
3829	20 
3830	24 
3831	17 
3832	11 
3833	46 
3834	19 
3835	56 
3836	20 
3837	52 
3838	7 
3839	27 
3840	46 
3841	38 
3842	3 
3843	47 
3844	3 
3845	32 
3846	20 
3847	1 
3848	31 
3849	48 
3850	49 
3851	42 
3852	34 
3853	11 
3854	47 
3855	11 
3856	20 
3857	51 
3858	57 
3859	19 
3860	18 
3861	33 
3862	40 
3863	33 
3864	14 
3865	6 
3866	37 
3867	41 
3868	58 
3869	44 
3870	11 
3871	26 
3872	13 
3873	50 
3874	36 
3875	26 
3876	2 
3877	18 
3878	3 
3879	32 
3880	12 
3881	30 
3882	59 
3883	5 
3884	24 
3885	46 
3886	56 
3887	40 
3888	34 
3889	35 
3890	59 
3891	44 
3892	40 
3893	29 
3894	10 
3895	30 
3896	35 
3897	11 
3898	53 
3899	49 
3900	26 
3901	27 
3902	1 
3903	24 
3904	32 
3905	59 
3906	35 
3907	60 
3908	22 
3909	3 
3910	10 
3911	51 
3912	5 
3913	62 
3914	11 
3915	50 
3916	28 
3917	21 
3918	16 
3919	44 
3920	2 
3921	13 
3922	48 
3923	39 
3924	62 
3925	38 
3926	59 
3927	36 
3928	27 
3929	17 
3930	18 
3931	6 
3932	13 
3933	3 
3934	30 
3935	28 
3936	55 
3937	29 
3938	50 
3939	41 
3940	33 
3941	37 
3942	49 
3943	59 
3944	44 
3945	39 
3946	4 
3947	54 
3948	9 
3949	20 
3950	19 
3951	62 
3952	41 
3953	6 
3954	54 
3955	13 
3956	57 
3957	37 
3958	40 
3959	18 
3960	19 
3961	15 
3962	28 
3963	19 
3964	28 
3965	33 
3966	58 
3967	46 
3968	2 
3969	24 
3970	18 
3971	6 
3972	13 
3973	3 
3974	29 
3975	10 
3976	28 
3977	21 
3978	39 
3979	32 
3980	7 
3981	54 
3982	27 
3983	54 
3984	27 
3985	40 
3986	40 
3987	13 
3988	6 
3989	7 
3990	53 
3991	40 
3992	16 
3993	6 
3994	6 
3995	44 
3996	11 
3997	41 
3998	51 
3999	26 
4000	55 
4001	62 
4002	16 
4003	45 
4004	40 
4005	8 
4006	3 
4007	36 
4008	36 
4009	2 
4010	38 
4011	59 
4012	19 
4013	39 
4014	54 
4015	29 
4016	2 
4017	30 
4018	32 
4019	12 
4020	37 
4021	47 
4022	24 
4023	31 
4024	39 
4025	54 
4026	23 
4027	34 
4028	16 
4029	30 
4030	24 
4031	57 
4032	4 
4033	18 
4034	61 
4035	18 
4036	54 
4037	8 
4038	32 
4039	11 
4040	59 
4041	35 
4042	62 
4043	28 
4044	40 
4045	17 
4046	36 
4047	41 
4048	29 
4049	60 
4050	40 
4051	58 
4052	18 
4053	50 
4054	24 
4055	3 
4056	14 
4057	61 
4058	38 
4059	49 
4060	51 
4061	6 
4062	28 
4063	10 
4064	37 
4065	39 
4066	14 
4067	18 
4068	41 
4069	58 
4070	19 
4071	60 
4072	2 
4073	56 
4074	58 
4075	45 
4076	47 
4077	6 
4078	38 
4079	19 
4080	13 
4081	36 
4082	39 
4083	31 
4084	59 
4085	11 
4086	48 
4087	30 
4088	54 
4089	58 
4090	23 
4091	35 
4092	48 
4093	30 
4094	7 
4095	10 
4096	23 
4097	13 
4098	53 
4099	3 
4100	57 
4101	21 
4102	34 
4103	5 
4104	54 
4105	39 
4106	57 
4107	32 
4108	49 
4109	10 
4110	45 
4111	36 
4112	41 
4113	7 
4114	2 
4115	8 
4116	58 
4117	3 
4118	52 
4119	48 
4120	42 
4121	32 
4122	48 
4123	32 
4124	6 
4125	49 
4126	58 
4127	23 
4128	16 
4129	27 
4130	2 
4131	24 
4132	4 
4133	59 
4134	31 
4135	48 
4136	57 
4137	27 
4138	62 
4139	62 
4140	44 
4141	59 
4142	6 
4143	43 
4144	20 
4145	18 
4146	32 
4147	24 
4148	17 
4149	51 
4150	41 
4151	21 
4152	15 
4153	22 
4154	11 
4155	13 
4156	1 
4157	16 
4158	9 
4159	29 
4160	48 
4161	31 
4162	20 
4163	38 
4164	11 
4165	50 
4166	31 
4167	41 
4168	26 
4169	37 
4170	46 
4171	32 
4172	42 
4173	26 
4174	33 
4175	6 
4176	42 
4177	14 
4178	26 
4179	33 
4180	15 
4181	49 
4182	62 
4183	29 
4184	21 
4185	61 
4186	51 
4187	61 
4188	47 
4189	40 
4190	53 
4191	44 
4192	29 
4193	22 
4194	11 
4195	30 
4196	14 
4197	50 
4198	25 
4199	5 
4200	10 
4201	22 
4202	10 
4203	40 
4204	47 
4205	59 
4206	51 
4207	59 
4208	33 
4209	31 
4210	26 
4211	58 
4212	11 
4213	26 
4214	43 
4215	37 
4216	17 
4217	41 
4218	28 
4219	42 
4220	28 
4221	43 
4222	8 
4223	17 
4224	21 
4225	38 
4226	62 
4227	50 
4228	12 
4229	48 
4230	58 
4231	21 
4232	57 
4233	44 
4234	45 
4235	2 
4236	44 
4237	6 
4238	36 
4239	12 
4240	16 
4241	20 
4242	47 
4243	35 
4244	18 
4245	39 
4246	32 
4247	25 
4248	46 
4249	23 
4250	61 
4251	40 
4252	39 
4253	39 
4254	5 
4255	53 
4256	13 
4257	52 
4258	17 
4259	58 
4260	23 
4261	39 
4262	11 
4263	43 
4264	51 
4265	26 
4266	20 
4267	34 
4268	37 
4269	36 
4270	33 
4271	10 
4272	32 
4273	13 
4274	3 
4275	32 
4276	57 
4277	40 
4278	35 
4279	52 
4280	37 
4281	59 
4282	30 
4283	59 
4284	18 
4285	58 
4286	55 
4287	58 
4288	58 
4289	17 
4290	9 
4291	40 
4292	59 
4293	27 
4294	7 
4295	26 
4296	34 
4297	20 
4298	42 
4299	39 
4300	3 
4301	33 
4302	37 
4303	18 
4304	15 
4305	41 
4306	12 
4307	8 
4308	62 
4309	52 
4310	17 
4311	18 
4312	54 
4313	20 
4314	43 
4315	3 
4316	12 
4317	15 
4318	46 
4319	12 
4320	51 
4321	31 
4322	17 
4323	16 
4324	49 
4325	58 
4326	8 
4327	2 
4328	30 
4329	13 
4330	33 
4331	15 
4332	6 
4333	4 
4334	34 
4335	16 
4336	34 
4337	2 
4338	11 
4339	3 
4340	23 
4341	10 
4342	25 
4343	59 
4344	53 
4345	15 
4346	12 
4347	13 
4348	22 
4349	40 
4350	22 
4351	47 
4352	32 
4353	42 
4354	18 
4355	11 
4356	38 
4357	41 
4358	40 
4359	51 
4360	54 
4361	5 
4362	39 
4363	46 
4364	15 
4365	62 
4366	33 
4367	9 
4368	2 
4369	36 
4370	30 
4371	43 
4372	21 
4373	49 
4374	32 
4375	41 
4376	61 
4377	27 
4378	30 
4379	47 
4380	43 
4381	13 
4382	5 
4383	28 
4384	27 
4385	34 
4386	27 
4387	47 
4388	20 
4389	50 
4390	34 
4391	42 
4392	38 
4393	13 
4394	8 
4395	22 
4396	25 
4397	13 
4398	57 
4399	28 
4400	57 
4401	1 
4402	57 
4403	42 
4404	21 
4405	57 
4406	18 
4407	53 
4408	43 
4409	59 
4410	59 
4411	33 
4412	37 
4413	37 
4414	25 
4415	47 
4416	29 
4417	24 
4418	11 
4419	17 
4420	2 
4421	27 
4422	39 
4423	50 
4424	57 
4425	31 
4426	34 
4427	50 
4428	55 
4429	58 
4430	51 
4431	29 
4432	25 
4433	60 
4434	24 
4435	53 
4436	5 
4437	12 
4438	2 
4439	50 
4440	40 
4441	9 
4442	45 
4443	60 
4444	44 
4445	56 
4446	52 
4447	21 
4448	11 
4449	27 
4450	2 
4451	25 
4452	50 
4453	61 
4454	33 
4455	6 
4456	18 
4457	30 
4458	50 
4459	47 
4460	35 
4461	19 
4462	11 
4463	1 
4464	60 
4465	3 
4466	11 
4467	1 
4468	17 
4469	47 
4470	9 
4471	37 
4472	6 
4473	39 
4474	7 
4475	38 
4476	34 
4477	18 
4478	35 
4479	38 
4480	51 
4481	18 
4482	7 
4483	20 
4484	16 
4485	44 
4486	60 
4487	37 
4488	3 
4489	61 
4490	12 
4491	62 
4492	39 
4493	7 
4494	28 
4495	6 
4496	50 
4497	36 
4498	6 
4499	54 
4500	32 
4501	55 
4502	47 
4503	20 
4504	48 
4505	47 
4506	13 
4507	29 
4508	8 
4509	51 
4510	30 
4511	39 
4512	52 
4513	7 
4514	3 
4515	16 
4516	22 
4517	5 
4518	41 
4519	15 
4520	7 
4521	21 
4522	25 
4523	39 
4524	43 
4525	14 
4526	34 
4527	28 
4528	49 
4529	54 
4530	33 
4531	59 
4532	44 
4533	41 
4534	60 
4535	3 
4536	38 
4537	52 
4538	50 
4539	3 
4540	9 
4541	15 
4542	42 
4543	41 
4544	26 
4545	13 
4546	13 
4547	25 
4548	8 
4549	52 
4550	58 
4551	27 
4552	21 
4553	25 
4554	14 
4555	53 
4556	23 
4557	10 
4558	7 
4559	25 
4560	3 
4561	50 
4562	14 
4563	30 
4564	19 
4565	16 
4566	3 
4567	24 
4568	55 
4569	45 
4570	48 
4571	11 
4572	16 
4573	59 
4574	2 
4575	21 
4576	22 
4577	30 
4578	20 
4579	7 
4580	40 
4581	33 
4582	6 
4583	16 
4584	34 
4585	7 
4586	48 
4587	27 
4588	10 
4589	14 
4590	25 
4591	22 
4592	46 
4593	34 
4594	43 
4595	57 
4596	19 
4597	58 
4598	18 
4599	32 
4600	27 
4601	3 
4602	12 
4603	44 
4604	57 
4605	2 
4606	8 
4607	54 
4608	44 
4609	27 
4610	46 
4611	21 
4612	25 
4613	39 
4614	43 
4615	6 
4616	6 
4617	12 
4618	54 
4619	35 
4620	54 
4621	28 
4622	12 
4623	6 
4624	17 
4625	57 
4626	59 
4627	1 
4628	35 
4629	35 
4630	37 
4631	16 
4632	19 
4633	27 
4634	51 
4635	34 
4636	23 
4637	53 
4638	53 
4639	28 
4640	53 
4641	53 
4642	46 
4643	21 
4644	20 
4645	5 
4646	36 
4647	22 
4648	26 
4649	10 
4650	3 
4651	59 
4652	57 
4653	22 
4654	49 
4655	38 
4656	50 
4657	52 
4658	33 
4659	25 
4660	59 
4661	37 
4662	2 
4663	47 
4664	49 
4665	36 
4666	15 
4667	12 
4668	21 
4669	24 
4670	3 
4671	59 
4672	20 
4673	26 
4674	33 
4675	53 
4676	7 
4677	58 
4678	28 
4679	23 
4680	41 
4681	52 
4682	19 
4683	27 
4684	39 
4685	47 
4686	31 
4687	45 
4688	13 
4689	31 
4690	4 
4691	21 
4692	30 
4693	16 
4694	32 
4695	15 
4696	49 
4697	33 
4698	9 
4699	4 
4700	9 
4701	15 
4702	25 
4703	2 
4704	4 
4705	28 
4706	21 
4707	32 
4708	1 
4709	5 
4710	39 
4711	51 
4712	59 
4713	5 
4714	60 
4715	25 
4716	24 
4717	40 
4718	31 
4719	43 
4720	9 
4721	46 
4722	47 
4723	24 
4724	36 
4725	32 
4726	26 
4727	50 
4728	53 
4729	28 
4730	12 
4731	29 
4732	13 
4733	3 
4734	12 
4735	41 
4736	19 
4737	59 
4738	34 
4739	20 
4740	28 
4741	1 
4742	6 
4743	29 
4744	35 
4745	39 
4746	34 
4747	17 
4748	53 
4749	10 
4750	6 
4751	60 
4752	32 
4753	14 
4754	5 
4755	24 
4756	29 
4757	40 
4758	30 
4759	43 
4760	18 
4761	22 
4762	42 
4763	40 
4764	27 
4765	19 
4766	31 
4767	16 
4768	58 
4769	19 
4770	8 
4771	26 
4772	40 
4773	60 
4774	56 
4775	45 
4776	40 
4777	32 
4778	7 
4779	8 
4780	19 
4781	39 
4782	40 
4783	8 
4784	36 
4785	32 
4786	46 
4787	46 
4788	16 
4789	27 
4790	60 
4791	34 
4792	43 
4793	39 
4794	38 
4795	27 
4796	58 
4797	55 
4798	55 
4799	6 
4800	46 
4801	11 
4802	58 
4803	25 
4804	60 
4805	19 
4806	17 
4807	30 
4808	37 
4809	50 
4810	35 
4811	8 
4812	36 
4813	45 
4814	40 
4815	37 
4816	46 
4817	25 
4818	12 
4819	27 
4820	18 
4821	45 
4822	28 
4823	7 
4824	8 
4825	24 
4826	46 
4827	56 
4828	58 
4829	40 
4830	46 
4831	62 
4832	58 
4833	24 
4834	17 
4835	50 
4836	34 
4837	14 
4838	49 
4839	16 
4840	62 
4841	35 
4842	20 
4843	62 
4844	6 
4845	27 
4846	58 
4847	35 
4848	20 
4849	21 
4850	30 
4851	49 
4852	4 
4853	11 
4854	18 
4855	48 
4856	61 
4857	54 
4858	8 
4859	16 
4860	62 
4861	13 
4862	62 
4863	12 
4864	42 
4865	6 
4866	32 
4867	39 
4868	16 
4869	57 
4870	58 
4871	23 
4872	41 
4873	5 
4874	36 
4875	30 
4876	61 
4877	18 
4878	37 
4879	27 
4880	55 
4881	38 
4882	42 
4883	8 
4884	18 
4885	1 
4886	42 
4887	17 
4888	38 
4889	27 
4890	1 
4891	14 
4892	41 
4893	51 
4894	23 
4895	31 
4896	55 
4897	40 
4898	39 
4899	6 
4900	31 
4901	38 
4902	47 
4903	6 
4904	15 
4905	44 
4906	11 
4907	60 
4908	50 
4909	11 
4910	30 
4911	21 
4912	48 
4913	42 
4914	2 
4915	37 
4916	20 
4917	35 
4918	19 
4919	25 
4920	57 
4921	27 
4922	44 
4923	60 
4924	10 
4925	28 
4926	57 
4927	47 
4928	35 
4929	49 
4930	37 
4931	17 
4932	8 
4933	26 
4934	19 
4935	13 
4936	38 
4937	44 
4938	55 
4939	7 
4940	17 
4941	37 
4942	40 
4943	27 
4944	22 
4945	6 
4946	53 
4947	45 
4948	2 
4949	21 
4950	53 
4951	34 
4952	2 
4953	39 
4954	14 
4955	37 
4956	32 
4957	56 
4958	45 
4959	23 
4960	18 
4961	57 
4962	21 
4963	12 
4964	56 
4965	39 
4966	11 
4967	53 
4968	13 
4969	28 
4970	30 
4971	45 
4972	45 
4973	23 
4974	33 
4975	31 
4976	8 
4977	62 
4978	2 
4979	32 
4980	27 
4981	31 
4982	7 
4983	6 
4984	57 
4985	7 
4986	15 
4987	33 
4988	34 
4989	40 
4990	53 
4991	29 
4992	57 
4993	48 
4994	41 
4995	20 
4996	23 
4997	50 
4998	45 
4999	5 
5000	59 
