1	112 
2	53 
3	111 
4	29 
5	7 
6	66 
7	58 
8	55 
9	167 
10	111 
11	33 
12	72 
13	68 
14	30 
15	107 
16	81 
17	158 
18	188 
19	187 
20	32 
21	188 
22	44 
23	20 
24	143 
25	87 
26	81 
27	81 
28	156 
29	80 
30	58 
31	66 
32	99 
33	123 
34	152 
35	57 
36	38 
37	46 
38	11 
39	138 
40	12 
41	130 
42	33 
43	165 
44	110 
45	154 
46	32 
47	166 
48	137 
49	171 
50	8 
51	157 
52	177 
53	141 
54	153 
55	184 
56	195 
57	99 
58	106 
59	80 
60	49 
61	67 
62	193 
63	117 
64	103 
65	130 
66	50 
67	164 
68	155 
69	2 
70	84 
71	13 
72	43 
73	90 
74	20 
75	179 
76	58 
77	117 
78	134 
79	124 
80	151 
81	161 
82	87 
83	79 
84	41 
85	58 
86	2 
87	97 
88	182 
89	77 
90	134 
91	19 
92	36 
93	119 
94	130 
95	147 
96	54 
97	29 
98	114 
99	125 
100	79 
101	155 
102	112 
103	139 
104	179 
105	85 
106	185 
107	198 
108	145 
109	51 
110	113 
111	124 
112	59 
113	53 
114	97 
115	8 
116	27 
117	137 
118	130 
119	42 
120	112 
121	111 
122	44 
123	67 
124	180 
125	191 
126	159 
127	157 
128	17 
129	156 
130	4 
131	29 
132	61 
133	162 
134	54 
135	161 
136	8 
137	195 
138	124 
139	123 
140	24 
141	54 
142	25 
143	155 
144	63 
145	34 
146	168 
147	19 
148	79 
149	112 
150	152 
151	164 
152	36 
153	144 
154	85 
155	171 
156	153 
157	22 
158	164 
159	129 
160	107 
161	148 
162	158 
163	45 
164	180 
165	54 
166	49 
167	5 
168	75 
169	148 
170	157 
171	123 
172	79 
173	189 
174	29 
175	47 
176	133 
177	115 
178	143 
179	76 
180	49 
181	4 
182	25 
183	129 
184	157 
185	52 
186	122 
187	183 
188	66 
189	176 
190	140 
191	114 
192	34 
193	127 
194	168 
195	94 
196	185 
197	151 
198	42 
199	110 
200	130 
201	50 
202	142 
203	142 
204	121 
205	102 
206	175 
207	134 
208	108 
209	172 
210	149 
211	153 
212	113 
213	159 
214	178 
215	34 
216	137 
217	66 
218	66 
219	5 
220	19 
221	3 
222	48 
223	198 
224	143 
225	12 
226	78 
227	81 
228	138 
229	197 
230	149 
231	140 
232	123 
233	5 
234	148 
235	127 
236	171 
237	82 
238	91 
239	181 
240	178 
241	120 
242	54 
243	58 
244	177 
245	68 
246	164 
247	108 
248	96 
249	31 
250	189 
251	145 
252	15 
253	52 
254	157 
255	56 
256	30 
257	70 
258	142 
259	16 
260	139 
261	143 
262	143 
263	58 
264	57 
265	171 
266	51 
267	117 
268	30 
269	3 
270	22 
271	163 
272	43 
273	160 
274	34 
275	160 
276	97 
277	34 
278	60 
279	90 
280	48 
281	168 
282	126 
283	69 
284	29 
285	156 
286	124 
287	193 
288	71 
289	195 
290	18 
291	193 
292	96 
293	182 
294	169 
295	61 
296	166 
297	143 
298	183 
299	198 
300	15 
301	195 
302	40 
303	31 
304	49 
305	18 
306	183 
307	145 
308	137 
309	146 
310	32 
311	162 
312	7 
313	179 
314	161 
315	123 
316	152 
317	29 
318	139 
319	89 
320	35 
321	176 
322	143 
323	195 
324	124 
325	174 
326	25 
327	113 
328	10 
329	138 
330	169 
331	114 
332	177 
333	60 
334	68 
335	29 
336	182 
337	176 
338	67 
339	31 
340	176 
341	53 
342	72 
343	71 
344	19 
345	105 
346	129 
347	133 
348	9 
349	122 
350	181 
351	147 
352	129 
353	93 
354	127 
355	2 
356	19 
357	142 
358	63 
359	119 
360	152 
361	144 
362	186 
363	26 
364	164 
365	107 
366	39 
367	162 
368	51 
369	44 
370	92 
371	1 
372	54 
373	7 
374	166 
375	123 
376	184 
377	47 
378	118 
379	166 
380	52 
381	29 
382	1 
383	35 
384	30 
385	78 
386	67 
387	67 
388	193 
389	113 
390	53 
391	84 
392	148 
393	33 
394	103 
395	188 
396	63 
397	174 
398	143 
399	56 
400	165 
401	96 
402	135 
403	121 
404	142 
405	147 
406	156 
407	42 
408	136 
409	125 
410	82 
411	176 
412	135 
413	38 
414	193 
415	31 
416	25 
417	183 
418	195 
419	32 
420	155 
421	142 
422	19 
423	82 
424	172 
425	184 
426	195 
427	61 
428	151 
429	115 
430	51 
431	169 
432	33 
433	160 
434	192 
435	85 
436	85 
437	103 
438	184 
439	72 
440	28 
441	170 
442	142 
443	142 
444	139 
445	189 
446	58 
447	165 
448	123 
449	144 
450	166 
451	16 
452	165 
453	127 
454	76 
455	124 
456	41 
457	3 
458	165 
459	102 
460	67 
461	131 
462	40 
463	25 
464	187 
465	12 
466	105 
467	156 
468	156 
469	70 
470	37 
471	81 
472	24 
473	5 
474	171 
475	103 
476	120 
477	5 
478	75 
479	87 
480	109 
481	34 
482	100 
483	178 
484	195 
485	125 
486	1 
487	148 
488	188 
489	174 
490	123 
491	59 
492	118 
493	65 
494	101 
495	68 
496	182 
497	162 
498	127 
499	160 
500	193 
501	67 
502	94 
503	4 
504	98 
505	106 
506	112 
507	36 
508	29 
509	137 
510	8 
511	20 
512	94 
513	109 
514	183 
515	184 
516	94 
517	50 
518	73 
519	22 
520	32 
521	48 
522	35 
523	15 
524	170 
525	31 
526	194 
527	79 
528	102 
529	95 
530	115 
531	8 
532	19 
533	34 
534	180 
535	79 
536	41 
537	51 
538	25 
539	84 
540	5 
541	66 
542	149 
543	102 
544	39 
545	123 
546	31 
547	12 
548	105 
549	95 
550	192 
551	124 
552	104 
553	194 
554	159 
555	55 
556	151 
557	130 
558	170 
559	101 
560	124 
561	177 
562	18 
563	58 
564	4 
565	166 
566	99 
567	161 
568	55 
569	30 
570	195 
571	117 
572	174 
573	26 
574	27 
575	132 
576	87 
577	73 
578	123 
579	1 
580	70 
581	99 
582	9 
583	22 
584	194 
585	59 
586	173 
587	63 
588	172 
589	50 
590	149 
591	38 
592	49 
593	40 
594	77 
595	147 
596	151 
597	40 
598	58 
599	146 
600	79 
601	91 
602	133 
603	13 
604	181 
605	14 
606	159 
607	147 
608	106 
609	139 
610	2 
611	157 
612	63 
613	81 
614	113 
615	63 
616	19 
617	118 
618	169 
619	171 
620	130 
621	4 
622	115 
623	172 
624	187 
625	113 
626	90 
627	182 
628	29 
629	26 
630	61 
631	172 
632	132 
633	157 
634	70 
635	191 
636	13 
637	169 
638	74 
639	10 
640	22 
641	170 
642	183 
643	43 
644	46 
645	135 
646	26 
647	6 
648	168 
649	133 
650	175 
651	82 
652	37 
653	19 
654	1 
655	184 
656	115 
657	61 
658	25 
659	88 
660	27 
661	41 
662	26 
663	103 
664	84 
665	132 
666	122 
667	5 
668	121 
669	172 
670	112 
671	72 
672	38 
673	190 
674	138 
675	88 
676	167 
677	82 
678	65 
679	80 
680	20 
681	133 
682	77 
683	11 
684	170 
685	1 
686	162 
687	93 
688	29 
689	148 
690	173 
691	58 
692	45 
693	136 
694	17 
695	99 
696	120 
697	165 
698	130 
699	130 
700	20 
701	153 
702	178 
703	172 
704	43 
705	100 
706	174 
707	32 
708	131 
709	130 
710	105 
711	144 
712	32 
713	127 
714	93 
715	91 
716	196 
717	164 
718	127 
719	63 
720	167 
721	146 
722	72 
723	147 
724	98 
725	41 
726	37 
727	146 
728	85 
729	188 
730	166 
731	83 
732	44 
733	117 
734	101 
735	26 
736	128 
737	180 
738	169 
739	64 
740	133 
741	18 
742	27 
743	58 
744	82 
745	122 
746	152 
747	78 
748	57 
749	142 
750	149 
751	65 
752	132 
753	133 
754	58 
755	9 
756	196 
757	31 
758	176 
759	67 
760	113 
761	107 
762	65 
763	146 
764	80 
765	20 
766	126 
767	71 
768	51 
769	153 
770	86 
771	144 
772	114 
773	95 
774	185 
775	53 
776	43 
777	78 
778	194 
779	178 
780	91 
781	117 
782	40 
783	56 
784	113 
785	62 
786	73 
787	197 
788	25 
789	56 
790	101 
791	140 
792	116 
793	135 
794	92 
795	58 
796	26 
797	127 
798	116 
799	184 
800	182 
801	50 
802	193 
803	98 
804	198 
805	175 
806	196 
807	109 
808	86 
809	174 
810	9 
811	183 
812	108 
813	193 
814	164 
815	95 
816	54 
817	55 
818	3 
819	84 
820	110 
821	23 
822	166 
823	70 
824	37 
825	173 
826	156 
827	43 
828	22 
829	100 
830	184 
831	93 
832	94 
833	169 
834	46 
835	73 
836	3 
837	174 
838	144 
839	145 
840	57 
841	42 
842	121 
843	56 
844	95 
845	161 
846	15 
847	116 
848	141 
849	75 
850	77 
851	162 
852	139 
853	95 
854	112 
855	113 
856	181 
857	60 
858	163 
859	76 
860	98 
861	151 
862	81 
863	139 
864	64 
865	94 
866	169 
867	93 
868	193 
869	130 
870	3 
871	113 
872	52 
873	167 
874	11 
875	174 
876	28 
877	99 
878	177 
879	51 
880	5 
881	113 
882	182 
883	182 
884	174 
885	168 
886	189 
887	39 
888	112 
889	26 
890	112 
891	143 
892	79 
893	162 
894	96 
895	11 
896	194 
897	94 
898	122 
899	32 
900	143 
901	22 
902	79 
903	79 
904	131 
905	157 
906	41 
907	123 
908	55 
909	94 
910	73 
911	22 
912	40 
913	185 
914	74 
915	180 
916	104 
917	135 
918	127 
919	10 
920	131 
921	80 
922	20 
923	18 
924	127 
925	195 
926	170 
927	94 
928	31 
929	82 
930	193 
931	29 
932	76 
933	84 
934	41 
935	50 
936	59 
937	42 
938	12 
939	133 
940	115 
941	66 
942	6 
943	157 
944	25 
945	184 
946	44 
947	170 
948	89 
949	99 
950	181 
951	124 
952	182 
953	95 
954	116 
955	182 
956	164 
957	151 
958	122 
959	112 
960	84 
961	26 
962	14 
963	5 
964	132 
965	24 
966	53 
967	119 
968	181 
969	13 
970	130 
971	5 
972	87 
973	44 
974	106 
975	174 
976	182 
977	172 
978	20 
979	66 
980	40 
981	63 
982	62 
983	137 
984	181 
985	164 
986	15 
987	187 
988	175 
989	9 
990	131 
991	27 
992	83 
993	19 
994	55 
995	10 
996	122 
997	17 
998	72 
999	27 
1000	107 
1001	108 
1002	168 
1003	1 
1004	67 
1005	45 
1006	118 
1007	197 
1008	162 
1009	130 
1010	79 
1011	144 
1012	87 
1013	168 
1014	37 
1015	53 
1016	184 
1017	132 
1018	92 
1019	34 
1020	60 
1021	119 
1022	191 
1023	122 
1024	57 
1025	126 
1026	159 
1027	178 
1028	4 
1029	45 
1030	22 
1031	80 
1032	2 
1033	55 
1034	60 
1035	19 
1036	11 
1037	165 
1038	150 
1039	171 
1040	184 
1041	142 
1042	64 
1043	108 
1044	55 
1045	113 
1046	108 
1047	8 
1048	43 
1049	124 
1050	192 
1051	129 
1052	145 
1053	23 
1054	21 
1055	92 
1056	30 
1057	193 
1058	84 
1059	190 
1060	35 
1061	117 
1062	99 
1063	181 
1064	5 
1065	120 
1066	71 
1067	188 
1068	98 
1069	171 
1070	165 
1071	164 
1072	109 
1073	98 
1074	192 
1075	172 
1076	68 
1077	94 
1078	113 
1079	87 
1080	122 
1081	1 
1082	30 
1083	169 
1084	62 
1085	146 
1086	13 
1087	39 
1088	144 
1089	95 
1090	7 
1091	57 
1092	44 
1093	42 
1094	157 
1095	137 
1096	196 
1097	129 
1098	19 
1099	122 
1100	38 
1101	44 
1102	12 
1103	76 
1104	146 
1105	44 
1106	158 
1107	80 
1108	47 
1109	17 
1110	31 
1111	147 
1112	32 
1113	58 
1114	52 
1115	87 
1116	19 
1117	3 
1118	58 
1119	121 
1120	191 
1121	150 
1122	124 
1123	33 
1124	91 
1125	90 
1126	84 
1127	29 
1128	159 
1129	147 
1130	167 
1131	180 
1132	66 
1133	80 
1134	178 
1135	50 
1136	22 
1137	104 
1138	84 
1139	16 
1140	121 
1141	132 
1142	85 
1143	129 
1144	73 
1145	74 
1146	121 
1147	18 
1148	182 
1149	131 
1150	19 
1151	30 
1152	53 
1153	130 
1154	115 
1155	69 
1156	49 
1157	171 
1158	12 
1159	154 
1160	194 
1161	157 
1162	101 
1163	100 
1164	80 
1165	188 
1166	56 
1167	22 
1168	70 
1169	28 
1170	186 
1171	49 
1172	148 
1173	64 
1174	157 
1175	147 
1176	184 
1177	107 
1178	26 
1179	139 
1180	16 
1181	63 
1182	145 
1183	166 
1184	168 
1185	15 
1186	33 
1187	40 
1188	191 
1189	185 
1190	111 
1191	178 
1192	5 
1193	163 
1194	118 
1195	3 
1196	143 
1197	176 
1198	19 
1199	42 
1200	60 
1201	67 
1202	13 
1203	66 
1204	41 
1205	157 
1206	10 
1207	14 
1208	174 
1209	184 
1210	79 
1211	31 
1212	15 
1213	192 
1214	78 
1215	165 
1216	58 
1217	172 
1218	50 
1219	60 
1220	96 
1221	178 
1222	88 
1223	1 
1224	13 
1225	69 
1226	41 
1227	188 
1228	44 
1229	195 
1230	95 
1231	6 
1232	51 
1233	60 
1234	104 
1235	95 
1236	74 
1237	29 
1238	146 
1239	26 
1240	190 
1241	182 
1242	85 
1243	2 
1244	175 
1245	148 
1246	62 
1247	190 
1248	139 
1249	62 
1250	25 
1251	195 
1252	7 
1253	169 
1254	79 
1255	79 
1256	141 
1257	157 
1258	181 
1259	130 
1260	8 
1261	2 
1262	158 
1263	33 
1264	47 
1265	29 
1266	31 
1267	81 
1268	127 
1269	160 
1270	55 
1271	54 
1272	126 
1273	106 
1274	114 
1275	176 
1276	19 
1277	4 
1278	6 
1279	19 
1280	51 
1281	139 
1282	104 
1283	38 
1284	158 
1285	114 
1286	20 
1287	33 
1288	34 
1289	97 
1290	34 
1291	134 
1292	26 
1293	167 
1294	167 
1295	184 
1296	82 
1297	84 
1298	109 
1299	24 
1300	50 
1301	25 
1302	23 
1303	144 
1304	29 
1305	87 
1306	182 
1307	76 
1308	92 
1309	56 
1310	84 
1311	97 
1312	156 
1313	54 
1314	48 
1315	67 
1316	4 
1317	35 
1318	174 
1319	118 
1320	104 
1321	27 
1322	103 
1323	136 
1324	4 
1325	133 
1326	147 
1327	124 
1328	54 
1329	110 
1330	38 
1331	33 
1332	172 
1333	38 
1334	24 
1335	178 
1336	198 
1337	32 
1338	145 
1339	102 
1340	63 
1341	86 
1342	129 
1343	67 
1344	45 
1345	16 
1346	85 
1347	146 
1348	47 
1349	41 
1350	19 
1351	165 
1352	58 
1353	169 
1354	38 
1355	170 
1356	44 
1357	16 
1358	60 
1359	146 
1360	114 
1361	179 
1362	139 
1363	18 
1364	43 
1365	116 
1366	4 
1367	83 
1368	188 
1369	121 
1370	71 
1371	20 
1372	146 
1373	164 
1374	169 
1375	187 
1376	102 
1377	122 
1378	73 
1379	135 
1380	174 
1381	49 
1382	56 
1383	24 
1384	181 
1385	106 
1386	58 
1387	196 
1388	148 
1389	29 
1390	30 
1391	24 
1392	28 
1393	185 
1394	103 
1395	11 
1396	135 
1397	139 
1398	60 
1399	63 
1400	1 
1401	66 
1402	182 
1403	143 
1404	92 
1405	28 
1406	183 
1407	162 
1408	119 
1409	123 
1410	184 
1411	92 
1412	60 
1413	10 
1414	100 
1415	181 
1416	30 
1417	193 
1418	51 
1419	146 
1420	130 
1421	50 
1422	76 
1423	159 
1424	58 
1425	11 
1426	58 
1427	117 
1428	34 
1429	94 
1430	88 
1431	159 
1432	96 
1433	85 
1434	176 
1435	84 
1436	110 
1437	143 
1438	60 
1439	60 
1440	137 
1441	152 
1442	127 
1443	182 
1444	49 
1445	86 
1446	31 
1447	165 
1448	8 
1449	92 
1450	179 
1451	168 
1452	21 
1453	19 
1454	187 
1455	154 
1456	48 
1457	117 
1458	84 
1459	157 
1460	57 
1461	111 
1462	168 
1463	193 
1464	194 
1465	8 
1466	4 
1467	49 
1468	125 
1469	193 
1470	84 
1471	186 
1472	157 
1473	172 
1474	2 
1475	4 
1476	63 
1477	19 
1478	6 
1479	186 
1480	60 
1481	36 
1482	82 
1483	25 
1484	85 
1485	70 
1486	165 
1487	38 
1488	174 
1489	27 
1490	23 
1491	117 
1492	3 
1493	38 
1494	36 
1495	159 
1496	162 
1497	76 
1498	194 
1499	95 
1500	158 
1501	136 
1502	168 
1503	149 
1504	119 
1505	25 
1506	125 
1507	115 
1508	74 
1509	150 
1510	93 
1511	36 
1512	65 
1513	136 
1514	31 
1515	193 
1516	176 
1517	185 
1518	12 
1519	123 
1520	52 
1521	161 
1522	164 
1523	90 
1524	57 
1525	26 
1526	122 
1527	41 
1528	161 
1529	64 
1530	48 
1531	56 
1532	49 
1533	169 
1534	133 
1535	96 
1536	85 
1537	193 
1538	24 
1539	193 
1540	186 
1541	134 
1542	139 
1543	41 
1544	126 
1545	124 
1546	163 
1547	54 
1548	138 
1549	95 
1550	85 
1551	166 
1552	4 
1553	113 
1554	193 
1555	89 
1556	178 
1557	81 
1558	137 
1559	118 
1560	91 
1561	12 
1562	85 
1563	55 
1564	100 
1565	14 
1566	124 
1567	60 
1568	178 
1569	147 
1570	102 
1571	6 
1572	12 
1573	195 
1574	10 
1575	197 
1576	190 
1577	139 
1578	107 
1579	175 
1580	62 
1581	169 
1582	192 
1583	63 
1584	9 
1585	47 
1586	181 
1587	60 
1588	122 
1589	139 
1590	184 
1591	13 
1592	169 
1593	124 
1594	195 
1595	8 
1596	93 
1597	24 
1598	95 
1599	47 
1600	168 
1601	174 
1602	119 
1603	169 
1604	138 
1605	45 
1606	104 
1607	48 
1608	175 
1609	55 
1610	164 
1611	79 
1612	169 
1613	177 
1614	143 
1615	188 
1616	44 
1617	171 
1618	140 
1619	162 
1620	183 
1621	165 
1622	70 
1623	42 
1624	187 
1625	96 
1626	41 
1627	100 
1628	162 
1629	58 
1630	59 
1631	11 
1632	53 
1633	193 
1634	10 
1635	194 
1636	121 
1637	97 
1638	180 
1639	69 
1640	61 
1641	29 
1642	197 
1643	193 
1644	115 
1645	96 
1646	8 
1647	165 
1648	22 
1649	190 
1650	112 
1651	131 
1652	128 
1653	172 
1654	148 
1655	59 
1656	151 
1657	182 
1658	138 
1659	40 
1660	191 
1661	122 
1662	3 
1663	87 
1664	89 
1665	161 
1666	17 
1667	47 
1668	68 
1669	123 
1670	99 
1671	165 
1672	82 
1673	51 
1674	103 
1675	126 
1676	79 
1677	171 
1678	192 
1679	2 
1680	53 
1681	124 
1682	69 
1683	120 
1684	173 
1685	180 
1686	38 
1687	4 
1688	24 
1689	189 
1690	22 
1691	143 
1692	143 
1693	29 
1694	51 
1695	65 
1696	124 
1697	36 
1698	174 
1699	102 
1700	49 
1701	109 
1702	28 
1703	71 
1704	3 
1705	165 
1706	12 
1707	35 
1708	21 
1709	72 
1710	174 
1711	111 
1712	142 
1713	166 
1714	7 
1715	77 
1716	34 
1717	15 
1718	38 
1719	18 
1720	107 
1721	125 
1722	44 
1723	90 
1724	116 
1725	10 
1726	190 
1727	16 
1728	167 
1729	193 
1730	190 
1731	73 
1732	160 
1733	98 
1734	182 
1735	151 
1736	107 
1737	126 
1738	29 
1739	102 
1740	101 
1741	29 
1742	114 
1743	194 
1744	68 
1745	44 
1746	43 
1747	122 
1748	51 
1749	20 
1750	193 
1751	161 
1752	29 
1753	14 
1754	156 
1755	40 
1756	18 
1757	53 
1758	190 
1759	67 
1760	49 
1761	176 
1762	114 
1763	20 
1764	97 
1765	140 
1766	21 
1767	180 
1768	186 
1769	178 
1770	92 
1771	172 
1772	181 
1773	51 
1774	63 
1775	121 
1776	186 
1777	161 
1778	140 
1779	85 
1780	180 
1781	148 
1782	85 
1783	25 
1784	37 
1785	180 
1786	109 
1787	142 
1788	39 
1789	87 
1790	196 
1791	189 
1792	184 
1793	191 
1794	150 
1795	156 
1796	12 
1797	26 
1798	76 
1799	23 
1800	92 
1801	72 
1802	23 
1803	19 
1804	64 
1805	31 
1806	194 
1807	126 
1808	76 
1809	195 
1810	95 
1811	38 
1812	104 
1813	147 
1814	89 
1815	172 
1816	60 
1817	31 
1818	9 
1819	34 
1820	9 
1821	154 
1822	71 
1823	182 
1824	180 
1825	195 
1826	133 
1827	120 
1828	70 
1829	154 
1830	104 
1831	181 
1832	1 
1833	181 
1834	147 
1835	177 
1836	38 
1837	31 
1838	103 
1839	85 
1840	174 
1841	13 
1842	64 
1843	87 
1844	144 
1845	23 
1846	109 
1847	98 
1848	170 
1849	66 
1850	134 
1851	76 
1852	36 
1853	158 
1854	49 
1855	41 
1856	193 
1857	169 
1858	64 
1859	179 
1860	127 
1861	96 
1862	136 
1863	148 
1864	19 
1865	39 
1866	22 
1867	98 
1868	87 
1869	52 
1870	2 
1871	62 
1872	166 
1873	172 
1874	14 
1875	85 
1876	19 
1877	122 
1878	73 
1879	138 
1880	128 
1881	102 
1882	123 
1883	151 
1884	172 
1885	169 
1886	117 
1887	104 
1888	63 
1889	141 
1890	130 
1891	6 
1892	73 
1893	178 
1894	28 
1895	110 
1896	195 
1897	195 
1898	186 
1899	114 
1900	72 
1901	79 
1902	42 
1903	142 
1904	32 
1905	150 
1906	73 
1907	84 
1908	86 
1909	190 
1910	13 
1911	67 
1912	41 
1913	79 
1914	119 
1915	60 
1916	61 
1917	148 
1918	118 
1919	44 
1920	124 
1921	4 
1922	157 
1923	62 
1924	134 
1925	49 
1926	159 
1927	172 
1928	24 
1929	100 
1930	153 
1931	2 
1932	11 
1933	150 
1934	60 
1935	164 
1936	31 
1937	128 
1938	95 
1939	15 
1940	17 
1941	165 
1942	77 
1943	19 
1944	198 
1945	62 
1946	24 
1947	143 
1948	135 
1949	46 
1950	192 
1951	167 
1952	47 
1953	172 
1954	175 
1955	50 
1956	63 
1957	3 
1958	158 
1959	182 
1960	24 
1961	1 
1962	153 
1963	29 
1964	146 
1965	159 
1966	60 
1967	30 
1968	145 
1969	25 
1970	42 
1971	63 
1972	139 
1973	4 
1974	174 
1975	153 
1976	4 
1977	168 
1978	181 
1979	157 
1980	155 
1981	142 
1982	134 
1983	17 
1984	136 
1985	102 
1986	152 
1987	1 
1988	114 
1989	49 
1990	155 
1991	189 
1992	60 
1993	69 
1994	86 
1995	22 
1996	79 
1997	117 
1998	10 
1999	160 
2000	115 
2001	103 
2002	109 
2003	29 
2004	70 
2005	4 
2006	33 
2007	15 
2008	24 
2009	87 
2010	28 
2011	26 
2012	10 
2013	82 
2014	125 
2015	101 
2016	147 
2017	56 
2018	28 
2019	34 
2020	196 
2021	67 
2022	122 
2023	144 
2024	79 
2025	41 
2026	118 
2027	19 
2028	113 
2029	41 
2030	67 
2031	75 
2032	118 
2033	23 
2034	176 
2035	145 
2036	1 
2037	71 
2038	17 
2039	62 
2040	143 
2041	24 
2042	148 
2043	123 
2044	172 
2045	42 
2046	169 
2047	74 
2048	124 
2049	124 
2050	113 
2051	152 
2052	108 
2053	104 
2054	159 
2055	2 
2056	171 
2057	150 
2058	11 
2059	152 
2060	159 
2061	30 
2062	103 
2063	110 
2064	159 
2065	171 
2066	17 
2067	170 
2068	128 
2069	102 
2070	12 
2071	112 
2072	77 
2073	116 
2074	85 
2075	116 
2076	175 
2077	21 
2078	66 
2079	53 
2080	66 
2081	171 
2082	44 
2083	115 
2084	63 
2085	58 
2086	75 
2087	37 
2088	179 
2089	191 
2090	180 
2091	149 
2092	198 
2093	88 
2094	88 
2095	72 
2096	5 
2097	95 
2098	119 
2099	129 
2100	70 
2101	63 
2102	196 
2103	180 
2104	34 
2105	29 
2106	16 
2107	3 
2108	197 
2109	182 
2110	14 
2111	98 
2112	89 
2113	29 
2114	22 
2115	100 
2116	134 
2117	18 
2118	65 
2119	55 
2120	127 
2121	44 
2122	138 
2123	198 
2124	143 
2125	112 
2126	169 
2127	39 
2128	44 
2129	111 
2130	45 
2131	181 
2132	182 
2133	30 
2134	87 
2135	93 
2136	132 
2137	81 
2138	89 
2139	37 
2140	142 
2141	151 
2142	15 
2143	7 
2144	61 
2145	134 
2146	127 
2147	145 
2148	134 
2149	105 
2150	8 
2151	114 
2152	19 
2153	156 
2154	92 
2155	87 
2156	37 
2157	156 
2158	44 
2159	177 
2160	119 
2161	172 
2162	117 
2163	14 
2164	152 
2165	95 
2166	87 
2167	171 
2168	87 
2169	106 
2170	72 
2171	69 
2172	116 
2173	176 
2174	176 
2175	131 
2176	193 
2177	54 
2178	191 
2179	43 
2180	91 
2181	84 
2182	134 
2183	117 
2184	66 
2185	14 
2186	7 
2187	84 
2188	14 
2189	60 
2190	14 
2191	1 
2192	48 
2193	91 
2194	61 
2195	8 
2196	30 
2197	160 
2198	181 
2199	91 
2200	57 
2201	128 
2202	178 
2203	120 
2204	83 
2205	41 
2206	39 
2207	25 
2208	98 
2209	57 
2210	95 
2211	156 
2212	17 
2213	55 
2214	70 
2215	131 
2216	70 
2217	142 
2218	119 
2219	62 
2220	8 
2221	142 
2222	107 
2223	177 
2224	50 
2225	6 
2226	103 
2227	137 
2228	106 
2229	26 
2230	82 
2231	121 
2232	65 
2233	152 
2234	80 
2235	179 
2236	182 
2237	103 
2238	50 
2239	170 
2240	79 
2241	140 
2242	110 
2243	123 
2244	22 
2245	114 
2246	62 
2247	114 
2248	164 
2249	153 
2250	147 
2251	168 
2252	116 
2253	102 
2254	40 
2255	145 
2256	169 
2257	125 
2258	3 
2259	39 
2260	178 
2261	56 
2262	80 
2263	88 
2264	101 
2265	175 
2266	151 
2267	94 
2268	23 
2269	119 
2270	22 
2271	34 
2272	63 
2273	4 
2274	165 
2275	98 
2276	135 
2277	21 
2278	192 
2279	170 
2280	62 
2281	35 
2282	153 
2283	26 
2284	59 
2285	27 
2286	58 
2287	162 
2288	158 
2289	134 
2290	147 
2291	78 
2292	194 
2293	95 
2294	15 
2295	41 
2296	70 
2297	88 
2298	9 
2299	29 
2300	103 
2301	176 
2302	117 
2303	153 
2304	90 
2305	184 
2306	117 
2307	45 
2308	122 
2309	28 
2310	98 
2311	30 
2312	6 
2313	5 
2314	77 
2315	193 
2316	109 
2317	126 
2318	107 
2319	69 
2320	3 
2321	194 
2322	51 
2323	124 
2324	16 
2325	128 
2326	73 
2327	29 
2328	188 
2329	59 
2330	79 
2331	32 
2332	135 
2333	148 
2334	155 
2335	165 
2336	91 
2337	174 
2338	84 
2339	121 
2340	80 
2341	13 
2342	62 
2343	38 
2344	193 
2345	71 
2346	186 
2347	185 
2348	63 
2349	117 
2350	26 
2351	38 
2352	151 
2353	138 
2354	151 
2355	130 
2356	20 
2357	23 
2358	63 
2359	123 
2360	66 
2361	25 
2362	86 
2363	184 
2364	78 
2365	176 
2366	38 
2367	165 
2368	51 
2369	21 
2370	38 
2371	169 
2372	65 
2373	86 
2374	19 
2375	119 
2376	34 
2377	6 
2378	170 
2379	18 
2380	83 
2381	4 
2382	165 
2383	125 
2384	63 
2385	97 
2386	113 
2387	117 
2388	68 
2389	5 
2390	67 
2391	47 
2392	2 
2393	141 
2394	124 
2395	180 
2396	85 
2397	49 
2398	107 
2399	62 
2400	195 
2401	70 
2402	38 
2403	80 
2404	19 
2405	160 
2406	31 
2407	88 
2408	74 
2409	156 
2410	19 
2411	148 
2412	34 
2413	86 
2414	195 
2415	3 
2416	167 
2417	58 
2418	162 
2419	184 
2420	83 
2421	51 
2422	143 
2423	187 
2424	126 
2425	112 
2426	114 
2427	82 
2428	198 
2429	25 
2430	44 
2431	17 
2432	182 
2433	189 
2434	36 
2435	41 
2436	193 
2437	27 
2438	180 
2439	73 
2440	182 
2441	42 
2442	3 
2443	19 
2444	51 
2445	111 
2446	119 
2447	166 
2448	130 
2449	162 
2450	98 
2451	17 
2452	95 
2453	127 
2454	81 
2455	174 
2456	168 
2457	168 
2458	142 
2459	85 
2460	53 
2461	40 
2462	189 
2463	90 
2464	15 
2465	27 
2466	49 
2467	80 
2468	151 
2469	198 
2470	175 
2471	139 
2472	6 
2473	94 
2474	15 
2475	73 
2476	130 
2477	87 
2478	9 
2479	53 
2480	117 
2481	41 
2482	6 
2483	147 
2484	31 
2485	4 
2486	103 
2487	169 
2488	131 
2489	61 
2490	152 
2491	77 
2492	59 
2493	181 
2494	4 
2495	195 
2496	165 
2497	84 
2498	162 
2499	26 
2500	25 
2501	10 
2502	80 
2503	194 
2504	91 
2505	124 
2506	114 
2507	46 
2508	110 
2509	155 
2510	86 
2511	133 
2512	122 
2513	198 
2514	198 
2515	23 
2516	113 
2517	127 
2518	26 
2519	124 
2520	18 
2521	113 
2522	151 
2523	43 
2524	65 
2525	89 
2526	134 
2527	168 
2528	52 
2529	8 
2530	15 
2531	95 
2532	158 
2533	181 
2534	98 
2535	79 
2536	161 
2537	70 
2538	76 
2539	77 
2540	45 
2541	16 
2542	127 
2543	48 
2544	50 
2545	124 
2546	196 
2547	17 
2548	181 
2549	98 
2550	119 
2551	149 
2552	27 
2553	20 
2554	100 
2555	130 
2556	116 
2557	65 
2558	32 
2559	124 
2560	89 
2561	141 
2562	120 
2563	61 
2564	149 
2565	173 
2566	111 
2567	150 
2568	74 
2569	123 
2570	175 
2571	175 
2572	89 
2573	124 
2574	139 
2575	151 
2576	130 
2577	69 
2578	51 
2579	40 
2580	17 
2581	68 
2582	107 
2583	190 
2584	111 
2585	196 
2586	107 
2587	188 
2588	135 
2589	126 
2590	181 
2591	176 
2592	127 
2593	2 
2594	195 
2595	44 
2596	127 
2597	10 
2598	180 
2599	141 
2600	56 
2601	87 
2602	168 
2603	158 
2604	21 
2605	71 
2606	142 
2607	110 
2608	191 
2609	102 
2610	38 
2611	85 
2612	110 
2613	23 
2614	84 
2615	72 
2616	142 
2617	38 
2618	31 
2619	128 
2620	144 
2621	143 
2622	84 
2623	190 
2624	11 
2625	155 
2626	83 
2627	192 
2628	147 
2629	142 
2630	179 
2631	6 
2632	155 
2633	46 
2634	13 
2635	17 
2636	161 
2637	179 
2638	79 
2639	76 
2640	75 
2641	124 
2642	130 
2643	31 
2644	98 
2645	69 
2646	170 
2647	41 
2648	182 
2649	29 
2650	89 
2651	74 
2652	58 
2653	175 
2654	169 
2655	43 
2656	6 
2657	131 
2658	132 
2659	143 
2660	37 
2661	19 
2662	81 
2663	56 
2664	89 
2665	52 
2666	197 
2667	168 
2668	100 
2669	158 
2670	155 
2671	134 
2672	109 
2673	2 
2674	171 
2675	72 
2676	96 
2677	10 
2678	73 
2679	195 
2680	90 
2681	134 
2682	163 
2683	163 
2684	142 
2685	156 
2686	58 
2687	9 
2688	41 
2689	96 
2690	79 
2691	75 
2692	146 
2693	71 
2694	35 
2695	30 
2696	47 
2697	15 
2698	18 
2699	96 
2700	5 
2701	117 
2702	141 
2703	95 
2704	75 
2705	44 
2706	193 
2707	167 
2708	165 
2709	1 
2710	185 
2711	154 
2712	26 
2713	46 
2714	132 
2715	22 
2716	99 
2717	173 
2718	51 
2719	96 
2720	32 
2721	124 
2722	101 
2723	181 
2724	165 
2725	111 
2726	51 
2727	84 
2728	164 
2729	34 
2730	155 
2731	41 
2732	142 
2733	21 
2734	181 
2735	169 
2736	161 
2737	84 
2738	24 
2739	32 
2740	193 
2741	195 
2742	105 
2743	5 
2744	60 
2745	194 
2746	64 
2747	58 
2748	87 
2749	105 
2750	142 
2751	89 
2752	174 
2753	64 
2754	176 
2755	98 
2756	152 
2757	163 
2758	75 
2759	28 
2760	5 
2761	100 
2762	89 
2763	70 
2764	175 
2765	156 
2766	90 
2767	175 
2768	30 
2769	48 
2770	60 
2771	21 
2772	17 
2773	38 
2774	146 
2775	113 
2776	126 
2777	75 
2778	49 
2779	127 
2780	143 
2781	130 
2782	94 
2783	13 
2784	162 
2785	148 
2786	16 
2787	19 
2788	39 
2789	68 
2790	30 
2791	70 
2792	24 
2793	142 
2794	108 
2795	132 
2796	173 
2797	2 
2798	113 
2799	2 
2800	146 
2801	126 
2802	101 
2803	155 
2804	178 
2805	127 
2806	134 
2807	169 
2808	129 
2809	125 
2810	82 
2811	178 
2812	184 
2813	70 
2814	18 
2815	72 
2816	175 
2817	142 
2818	45 
2819	157 
2820	27 
2821	93 
2822	24 
2823	44 
2824	182 
2825	127 
2826	14 
2827	9 
2828	195 
2829	111 
2830	26 
2831	171 
2832	155 
2833	117 
2834	166 
2835	145 
2836	7 
2837	166 
2838	45 
2839	158 
2840	95 
2841	75 
2842	49 
2843	131 
2844	49 
2845	38 
2846	5 
2847	140 
2848	15 
2849	77 
2850	148 
2851	62 
2852	61 
2853	17 
2854	124 
2855	38 
2856	55 
2857	38 
2858	162 
2859	116 
2860	84 
2861	195 
2862	181 
2863	157 
2864	114 
2865	7 
2866	123 
2867	17 
2868	157 
2869	80 
2870	146 
2871	85 
2872	189 
2873	198 
2874	100 
2875	105 
2876	182 
2877	151 
2878	196 
2879	11 
2880	43 
2881	115 
2882	16 
2883	134 
2884	44 
2885	189 
2886	168 
2887	173 
2888	82 
2889	19 
2890	38 
2891	172 
2892	195 
2893	37 
2894	193 
2895	154 
2896	61 
2897	109 
2898	24 
2899	4 
2900	176 
2901	84 
2902	192 
2903	118 
2904	195 
2905	128 
2906	168 
2907	71 
2908	14 
2909	149 
2910	134 
2911	105 
2912	150 
2913	142 
2914	71 
2915	43 
2916	63 
2917	169 
2918	180 
2919	180 
2920	113 
2921	161 
2922	10 
2923	185 
2924	96 
2925	5 
2926	110 
2927	2 
2928	3 
2929	143 
2930	5 
2931	176 
2932	166 
2933	153 
2934	89 
2935	129 
2936	175 
2937	22 
2938	138 
2939	153 
2940	58 
2941	69 
2942	22 
2943	52 
2944	22 
2945	95 
2946	46 
2947	145 
2948	130 
2949	64 
2950	123 
2951	38 
2952	166 
2953	153 
2954	123 
2955	93 
2956	195 
2957	60 
2958	41 
2959	125 
2960	52 
2961	113 
2962	66 
2963	5 
2964	193 
2965	53 
2966	143 
2967	168 
2968	117 
2969	51 
2970	178 
2971	30 
2972	79 
2973	133 
2974	10 
2975	142 
2976	24 
2977	127 
2978	136 
2979	147 
2980	76 
2981	63 
2982	107 
2983	24 
2984	47 
2985	174 
2986	154 
2987	174 
2988	52 
2989	52 
2990	1 
2991	132 
2992	113 
2993	89 
2994	136 
2995	85 
2996	39 
2997	16 
2998	46 
2999	47 
3000	35 
3001	120 
3002	166 
3003	194 
3004	84 
3005	177 
3006	72 
3007	83 
3008	174 
3009	14 
3010	142 
3011	100 
3012	185 
3013	32 
3014	38 
3015	79 
3016	87 
3017	79 
3018	79 
3019	63 
3020	61 
3021	148 
3022	155 
3023	88 
3024	178 
3025	126 
3026	40 
3027	25 
3028	39 
3029	78 
3030	113 
3031	62 
3032	125 
3033	155 
3034	67 
3035	29 
3036	22 
3037	155 
3038	195 
3039	162 
3040	24 
3041	4 
3042	174 
3043	45 
3044	72 
3045	5 
3046	196 
3047	188 
3048	84 
3049	28 
3050	122 
3051	128 
3052	160 
3053	153 
3054	43 
3055	64 
3056	87 
3057	64 
3058	141 
3059	55 
3060	19 
3061	122 
3062	105 
3063	142 
3064	27 
3065	184 
3066	171 
3067	191 
3068	78 
3069	32 
3070	197 
3071	127 
3072	63 
3073	44 
3074	154 
3075	122 
3076	139 
3077	134 
3078	85 
3079	117 
3080	12 
3081	159 
3082	130 
3083	86 
3084	170 
3085	137 
3086	42 
3087	109 
3088	173 
3089	187 
3090	79 
3091	162 
3092	55 
3093	1 
3094	44 
3095	146 
3096	51 
3097	60 
3098	41 
3099	43 
3100	157 
3101	46 
3102	33 
3103	16 
3104	156 
3105	26 
3106	193 
3107	12 
3108	97 
3109	82 
3110	74 
3111	161 
3112	39 
3113	12 
3114	48 
3115	164 
3116	47 
3117	191 
3118	36 
3119	106 
3120	94 
3121	30 
3122	150 
3123	104 
3124	147 
3125	29 
3126	102 
3127	50 
3128	5 
3129	172 
3130	108 
3131	6 
3132	161 
3133	25 
3134	35 
3135	8 
3136	147 
3137	153 
3138	18 
3139	63 
3140	110 
3141	70 
3142	87 
3143	43 
3144	185 
3145	15 
3146	29 
3147	116 
3148	186 
3149	16 
3150	126 
3151	123 
3152	19 
3153	187 
3154	109 
3155	124 
3156	16 
3157	153 
3158	11 
3159	78 
3160	85 
3161	67 
3162	44 
3163	165 
3164	34 
3165	159 
3166	165 
3167	52 
3168	166 
3169	7 
3170	136 
3171	168 
3172	191 
3173	150 
3174	71 
3175	159 
3176	104 
3177	191 
3178	168 
3179	143 
3180	169 
3181	182 
3182	45 
3183	128 
3184	54 
3185	123 
3186	8 
3187	117 
3188	151 
3189	139 
3190	113 
3191	107 
3192	172 
3193	100 
3194	21 
3195	113 
3196	160 
3197	112 
3198	49 
3199	35 
3200	28 
3201	86 
3202	84 
3203	67 
3204	61 
3205	71 
3206	139 
3207	19 
3208	18 
3209	195 
3210	108 
3211	127 
3212	106 
3213	97 
3214	8 
3215	159 
3216	54 
3217	164 
3218	47 
3219	184 
3220	44 
3221	154 
3222	47 
3223	96 
3224	111 
3225	168 
3226	42 
3227	95 
3228	165 
3229	184 
3230	87 
3231	22 
3232	57 
3233	113 
3234	64 
3235	168 
3236	95 
3237	65 
3238	116 
3239	139 
3240	186 
3241	25 
3242	93 
3243	160 
3244	20 
3245	134 
3246	60 
3247	192 
3248	169 
3249	113 
3250	169 
3251	28 
3252	92 
3253	175 
3254	165 
3255	115 
3256	74 
3257	79 
3258	47 
3259	5 
3260	144 
3261	165 
3262	19 
3263	12 
3264	126 
3265	41 
3266	107 
3267	31 
3268	14 
3269	124 
3270	162 
3271	58 
3272	196 
3273	65 
3274	197 
3275	96 
3276	141 
3277	18 
3278	27 
3279	70 
3280	130 
3281	38 
3282	77 
3283	113 
3284	50 
3285	144 
3286	76 
3287	76 
3288	26 
3289	134 
3290	80 
3291	130 
3292	141 
3293	176 
3294	183 
3295	22 
3296	151 
3297	63 
3298	182 
3299	61 
3300	75 
3301	69 
3302	140 
3303	49 
3304	107 
3305	142 
3306	173 
3307	12 
3308	59 
3309	124 
3310	162 
3311	147 
3312	188 
3313	145 
3314	63 
3315	125 
3316	147 
3317	197 
3318	175 
3319	175 
3320	43 
3321	34 
3322	38 
3323	9 
3324	84 
3325	34 
3326	197 
3327	52 
3328	37 
3329	158 
3330	66 
3331	140 
3332	178 
3333	187 
3334	195 
3335	82 
3336	178 
3337	81 
3338	188 
3339	117 
3340	107 
3341	34 
3342	59 
3343	82 
3344	84 
3345	197 
3346	120 
3347	125 
3348	51 
3349	180 
3350	122 
3351	143 
3352	145 
3353	113 
3354	187 
3355	180 
3356	26 
3357	18 
3358	15 
3359	63 
3360	136 
3361	94 
3362	33 
3363	148 
3364	182 
3365	17 
3366	49 
3367	119 
3368	128 
3369	27 
3370	97 
3371	162 
3372	37 
3373	83 
3374	143 
3375	83 
3376	113 
3377	111 
3378	81 
3379	123 
3380	43 
3381	178 
3382	155 
3383	66 
3384	177 
3385	48 
3386	182 
3387	117 
3388	21 
3389	37 
3390	140 
3391	79 
3392	51 
3393	31 
3394	133 
3395	147 
3396	21 
3397	26 
3398	130 
3399	88 
3400	134 
3401	183 
3402	129 
3403	177 
3404	150 
3405	80 
3406	69 
3407	87 
3408	116 
3409	90 
3410	146 
3411	79 
3412	155 
3413	189 
3414	120 
3415	92 
3416	24 
3417	173 
3418	150 
3419	173 
3420	26 
3421	175 
3422	163 
3423	66 
3424	153 
3425	103 
3426	76 
3427	164 
3428	8 
3429	148 
3430	17 
3431	151 
3432	195 
3433	42 
3434	30 
3435	29 
3436	70 
3437	142 
3438	19 
3439	43 
3440	103 
3441	27 
3442	53 
3443	48 
3444	96 
3445	131 
3446	84 
3447	34 
3448	82 
3449	49 
3450	151 
3451	23 
3452	95 
3453	95 
3454	4 
3455	163 
3456	181 
3457	41 
3458	38 
3459	113 
3460	146 
3461	155 
3462	175 
3463	121 
3464	30 
3465	42 
3466	5 
3467	40 
3468	25 
3469	7 
3470	140 
3471	30 
3472	14 
3473	96 
3474	137 
3475	174 
3476	58 
3477	93 
3478	171 
3479	18 
3480	41 
3481	56 
3482	77 
3483	42 
3484	148 
3485	88 
3486	197 
3487	16 
3488	86 
3489	134 
3490	145 
3491	65 
3492	109 
3493	19 
3494	32 
3495	181 
3496	182 
3497	123 
3498	174 
3499	156 
3500	127 
3501	7 
3502	66 
3503	31 
3504	122 
3505	22 
3506	188 
3507	98 
3508	17 
3509	193 
3510	158 
3511	195 
3512	137 
3513	147 
3514	35 
3515	2 
3516	122 
3517	107 
3518	153 
3519	59 
3520	34 
3521	58 
3522	25 
3523	49 
3524	178 
3525	106 
3526	60 
3527	142 
3528	83 
3529	111 
3530	53 
3531	122 
3532	77 
3533	123 
3534	172 
3535	155 
3536	104 
3537	119 
3538	56 
3539	109 
3540	181 
3541	87 
3542	140 
3543	1 
3544	109 
3545	103 
3546	13 
3547	92 
3548	182 
3549	87 
3550	124 
3551	139 
3552	26 
3553	116 
3554	123 
3555	16 
3556	19 
3557	152 
3558	147 
3559	1 
3560	64 
3561	52 
3562	83 
3563	177 
3564	89 
3565	107 
3566	138 
3567	81 
3568	157 
3569	107 
3570	23 
3571	8 
3572	173 
3573	169 
3574	173 
3575	180 
3576	136 
3577	32 
3578	15 
3579	173 
3580	165 
3581	127 
3582	113 
3583	146 
3584	34 
3585	56 
3586	165 
3587	198 
3588	193 
3589	171 
3590	181 
3591	73 
3592	141 
3593	180 
3594	102 
3595	42 
3596	169 
3597	114 
3598	102 
3599	40 
3600	67 
3601	84 
3602	180 
3603	1 
3604	10 
3605	42 
3606	172 
3607	20 
3608	31 
3609	80 
3610	160 
3611	43 
3612	47 
3613	24 
3614	133 
3615	123 
3616	173 
3617	161 
3618	175 
3619	34 
3620	60 
3621	59 
3622	8 
3623	143 
3624	81 
3625	28 
3626	127 
3627	7 
3628	100 
3629	140 
3630	8 
3631	115 
3632	125 
3633	115 
3634	185 
3635	57 
3636	134 
3637	184 
3638	100 
3639	124 
3640	17 
3641	118 
3642	88 
3643	62 
3644	49 
3645	187 
3646	127 
3647	182 
3648	1 
3649	141 
3650	161 
3651	4 
3652	38 
3653	172 
3654	86 
3655	41 
3656	150 
3657	30 
3658	33 
3659	138 
3660	88 
3661	66 
3662	8 
3663	51 
3664	82 
3665	189 
3666	154 
3667	113 
3668	107 
3669	62 
3670	194 
3671	106 
3672	134 
3673	32 
3674	107 
3675	79 
3676	10 
3677	44 
3678	194 
3679	176 
3680	146 
3681	18 
3682	180 
3683	156 
3684	100 
3685	192 
3686	29 
3687	44 
3688	198 
3689	95 
3690	127 
3691	81 
3692	172 
3693	70 
3694	196 
3695	89 
3696	67 
3697	187 
3698	26 
3699	184 
3700	146 
3701	147 
3702	155 
3703	168 
3704	13 
3705	146 
3706	41 
3707	96 
3708	143 
3709	140 
3710	175 
3711	86 
3712	83 
3713	52 
3714	182 
3715	164 
3716	37 
3717	180 
3718	10 
3719	62 
3720	165 
3721	182 
3722	190 
3723	123 
3724	124 
3725	193 
3726	124 
3727	189 
3728	156 
3729	66 
3730	150 
3731	134 
3732	156 
3733	163 
3734	14 
3735	151 
3736	189 
3737	40 
3738	127 
3739	50 
3740	181 
3741	67 
3742	92 
3743	185 
3744	4 
3745	24 
3746	30 
3747	41 
3748	29 
3749	197 
3750	103 
3751	87 
3752	124 
3753	151 
3754	147 
3755	69 
3756	85 
3757	67 
3758	126 
3759	52 
3760	5 
3761	58 
3762	97 
3763	4 
3764	166 
3765	69 
3766	192 
3767	79 
3768	176 
3769	35 
3770	31 
3771	4 
3772	191 
3773	143 
3774	123 
3775	142 
3776	57 
3777	151 
3778	163 
3779	100 
3780	168 
3781	151 
3782	120 
3783	151 
3784	177 
3785	38 
3786	6 
3787	40 
3788	131 
3789	60 
3790	123 
3791	127 
3792	141 
3793	161 
3794	45 
3795	125 
3796	86 
3797	162 
3798	190 
3799	2 
3800	164 
3801	180 
3802	140 
3803	188 
3804	156 
3805	125 
3806	173 
3807	67 
3808	120 
3809	80 
3810	94 
3811	84 
3812	148 
3813	94 
3814	75 
3815	1 
3816	162 
3817	127 
3818	8 
3819	125 
3820	178 
3821	144 
3822	145 
3823	161 
3824	18 
3825	51 
3826	38 
3827	15 
3828	51 
3829	163 
3830	54 
3831	15 
3832	42 
3833	115 
3834	2 
3835	75 
3836	169 
3837	169 
3838	103 
3839	154 
3840	84 
3841	18 
3842	174 
3843	188 
3844	58 
3845	38 
3846	52 
3847	13 
3848	124 
3849	138 
3850	156 
3851	44 
3852	103 
3853	70 
3854	56 
3855	174 
3856	168 
3857	43 
3858	189 
3859	161 
3860	165 
3861	3 
3862	57 
3863	37 
3864	193 
3865	40 
3866	85 
3867	193 
3868	109 
3869	169 
3870	81 
3871	134 
3872	79 
3873	43 
3874	78 
3875	58 
3876	86 
3877	4 
3878	17 
3879	127 
3880	71 
3881	11 
3882	77 
3883	180 
3884	32 
3885	71 
3886	22 
3887	55 
3888	85 
3889	154 
3890	8 
3891	104 
3892	106 
3893	170 
3894	72 
3895	49 
3896	134 
3897	78 
3898	60 
3899	102 
3900	3 
3901	134 
3902	156 
3903	81 
3904	122 
3905	17 
3906	123 
3907	30 
3908	161 
3909	182 
3910	84 
3911	195 
3912	20 
3913	172 
3914	163 
3915	102 
3916	22 
3917	97 
3918	194 
3919	35 
3920	112 
3921	180 
3922	34 
3923	8 
3924	57 
3925	168 
3926	162 
3927	29 
3928	32 
3929	157 
3930	72 
3931	129 
3932	38 
3933	73 
3934	78 
3935	43 
3936	84 
3937	32 
3938	57 
3939	78 
3940	171 
3941	122 
3942	95 
3943	42 
3944	81 
3945	125 
3946	61 
3947	161 
3948	50 
3949	84 
3950	25 
3951	198 
3952	67 
3953	106 
3954	49 
3955	64 
3956	17 
3957	168 
3958	21 
3959	176 
3960	182 
3961	98 
3962	154 
3963	197 
3964	148 
3965	67 
3966	158 
3967	156 
3968	6 
3969	40 
3970	66 
3971	193 
3972	197 
3973	82 
3974	136 
3975	73 
3976	161 
3977	165 
3978	5 
3979	56 
3980	194 
3981	123 
3982	16 
3983	32 
3984	8 
3985	176 
3986	136 
3987	81 
3988	168 
3989	19 
3990	15 
3991	92 
3992	168 
3993	5 
3994	197 
3995	84 
3996	22 
3997	14 
3998	134 
3999	3 
4000	44 
4001	4 
4002	81 
4003	116 
4004	124 
4005	39 
4006	6 
4007	39 
4008	18 
4009	165 
4010	29 
4011	34 
4012	178 
4013	121 
4014	42 
4015	178 
4016	85 
4017	130 
4018	57 
4019	38 
4020	42 
4021	129 
4022	79 
4023	102 
4024	114 
4025	161 
4026	28 
4027	76 
4028	109 
4029	72 
4030	151 
4031	165 
4032	34 
4033	130 
4034	24 
4035	98 
4036	142 
4037	147 
4038	24 
4039	45 
4040	154 
4041	144 
4042	60 
4043	32 
4044	42 
4045	5 
4046	11 
4047	124 
4048	161 
4049	71 
4050	42 
4051	161 
4052	79 
4053	32 
4054	170 
4055	76 
4056	166 
4057	170 
4058	14 
4059	2 
4060	169 
4061	50 
4062	10 
4063	10 
4064	16 
4065	152 
4066	2 
4067	7 
4068	27 
4069	72 
4070	98 
4071	85 
4072	26 
4073	89 
4074	56 
4075	72 
4076	67 
4077	24 
4078	165 
4079	73 
4080	121 
4081	156 
4082	62 
4083	139 
4084	142 
4085	31 
4086	96 
4087	33 
4088	19 
4089	20 
4090	193 
4091	70 
4092	80 
4093	171 
4094	117 
4095	34 
4096	51 
4097	30 
4098	151 
4099	33 
4100	81 
4101	5 
4102	21 
4103	58 
4104	49 
4105	193 
4106	17 
4107	192 
4108	154 
4109	169 
4110	24 
4111	106 
4112	197 
4113	67 
4114	184 
4115	169 
4116	79 
4117	59 
4118	94 
4119	178 
4120	196 
4121	146 
4122	18 
4123	140 
4124	193 
4125	122 
4126	65 
4127	15 
4128	85 
4129	28 
4130	153 
4131	125 
4132	22 
4133	8 
4134	182 
4135	180 
4136	79 
4137	18 
4138	107 
4139	148 
4140	107 
4141	184 
4142	116 
4143	81 
4144	34 
4145	194 
4146	134 
4147	181 
4148	8 
4149	195 
4150	62 
4151	95 
4152	107 
4153	163 
4154	43 
4155	85 
4156	184 
4157	82 
4158	53 
4159	172 
4160	125 
4161	102 
4162	169 
4163	17 
4164	169 
4165	55 
4166	44 
4167	156 
4168	117 
4169	96 
4170	29 
4171	176 
4172	17 
4173	119 
4174	2 
4175	148 
4176	18 
4177	50 
4178	8 
4179	4 
4180	55 
4181	195 
4182	104 
4183	66 
4184	175 
4185	22 
4186	79 
4187	59 
4188	115 
4189	37 
4190	26 
4191	196 
4192	161 
4193	112 
4194	136 
4195	14 
4196	64 
4197	156 
4198	196 
4199	168 
4200	124 
4201	131 
4202	20 
4203	70 
4204	188 
4205	136 
4206	98 
4207	114 
4208	82 
4209	79 
4210	163 
4211	84 
4212	12 
4213	115 
4214	143 
4215	162 
4216	100 
4217	170 
4218	165 
4219	49 
4220	126 
4221	153 
4222	59 
4223	176 
4224	54 
4225	188 
4226	22 
4227	20 
4228	136 
4229	152 
4230	180 
4231	151 
4232	195 
4233	112 
4234	113 
4235	43 
4236	104 
4237	117 
4238	130 
4239	18 
4240	193 
4241	142 
4242	193 
4243	151 
4244	31 
4245	24 
4246	79 
4247	165 
4248	142 
4249	154 
4250	15 
4251	95 
4252	192 
4253	187 
4254	180 
4255	131 
4256	130 
4257	130 
4258	130 
4259	106 
4260	129 
4261	176 
4262	58 
4263	27 
4264	85 
4265	129 
4266	69 
4267	194 
4268	155 
4269	25 
4270	27 
4271	38 
4272	31 
4273	130 
4274	161 
4275	169 
4276	158 
4277	147 
4278	66 
4279	114 
4280	98 
4281	145 
4282	182 
4283	59 
4284	187 
4285	98 
4286	107 
4287	140 
4288	172 
4289	14 
4290	82 
4291	153 
4292	169 
4293	25 
4294	58 
4295	181 
4296	194 
4297	187 
4298	50 
4299	27 
4300	52 
4301	85 
4302	115 
4303	58 
4304	59 
4305	174 
4306	117 
4307	140 
4308	115 
4309	115 
4310	142 
4311	15 
4312	25 
4313	63 
4314	60 
4315	195 
4316	87 
4317	18 
4318	8 
4319	195 
4320	70 
4321	22 
4322	77 
4323	184 
4324	52 
4325	17 
4326	52 
4327	2 
4328	24 
4329	175 
4330	71 
4331	5 
4332	159 
4333	70 
4334	18 
4335	92 
4336	51 
4337	86 
4338	26 
4339	72 
4340	142 
4341	112 
4342	60 
4343	40 
4344	5 
4345	31 
4346	6 
4347	28 
4348	10 
4349	130 
4350	76 
4351	59 
4352	168 
4353	30 
4354	3 
4355	38 
4356	96 
4357	158 
4358	72 
4359	170 
4360	71 
4361	96 
4362	142 
4363	82 
4364	94 
4365	146 
4366	144 
4367	170 
4368	144 
4369	169 
4370	188 
4371	58 
4372	122 
4373	63 
4374	70 
4375	26 
4376	77 
4377	84 
4378	51 
4379	172 
4380	166 
4381	25 
4382	178 
4383	155 
4384	113 
4385	153 
4386	43 
4387	51 
4388	12 
4389	139 
4390	184 
4391	123 
4392	134 
4393	151 
4394	181 
4395	43 
4396	155 
4397	66 
4398	86 
4399	51 
4400	12 
4401	43 
4402	156 
4403	58 
4404	107 
4405	95 
4406	87 
4407	58 
4408	66 
4409	115 
4410	94 
4411	63 
4412	25 
4413	82 
4414	131 
4415	57 
4416	17 
4417	165 
4418	44 
4419	131 
4420	169 
4421	79 
4422	4 
4423	142 
4424	55 
4425	107 
4426	32 
4427	12 
4428	56 
4429	165 
4430	10 
4431	155 
4432	174 
4433	107 
4434	107 
4435	64 
4436	193 
4437	41 
4438	59 
4439	130 
4440	147 
4441	165 
4442	38 
4443	32 
4444	52 
4445	170 
4446	60 
4447	194 
4448	82 
4449	38 
4450	195 
4451	89 
4452	30 
4453	76 
4454	15 
4455	19 
4456	41 
4457	168 
4458	125 
4459	95 
4460	43 
4461	100 
4462	3 
4463	14 
4464	8 
4465	193 
4466	195 
4467	10 
4468	172 
4469	34 
4470	127 
4471	6 
4472	151 
4473	72 
4474	155 
4475	180 
4476	175 
4477	47 
4478	159 
4479	180 
4480	86 
4481	57 
4482	29 
4483	134 
4484	20 
4485	80 
4486	70 
4487	56 
4488	76 
4489	87 
4490	62 
4491	76 
4492	193 
4493	95 
4494	40 
4495	127 
4496	123 
4497	67 
4498	174 
4499	161 
4500	10 
4501	29 
4502	24 
4503	195 
4504	76 
4505	15 
4506	87 
4507	12 
4508	156 
4509	43 
4510	147 
4511	157 
4512	70 
4513	81 
4514	180 
4515	102 
4516	4 
4517	172 
4518	193 
4519	196 
4520	158 
4521	60 
4522	194 
4523	52 
4524	22 
4525	42 
4526	85 
4527	109 
4528	107 
4529	156 
4530	79 
4531	63 
4532	95 
4533	127 
4534	98 
4535	43 
4536	102 
4537	175 
4538	103 
4539	119 
4540	12 
4541	17 
4542	161 
4543	116 
4544	32 
4545	38 
4546	32 
4547	55 
4548	1 
4549	127 
4550	29 
4551	42 
4552	134 
4553	100 
4554	188 
4555	66 
4556	134 
4557	196 
4558	30 
4559	197 
4560	143 
4561	59 
4562	84 
4563	130 
4564	55 
4565	25 
4566	170 
4567	182 
4568	26 
4569	27 
4570	113 
4571	113 
4572	80 
4573	29 
4574	57 
4575	5 
4576	15 
4577	172 
4578	43 
4579	95 
4580	140 
4581	66 
4582	176 
4583	89 
4584	195 
4585	188 
4586	2 
4587	85 
4588	26 
4589	79 
4590	123 
4591	100 
4592	126 
4593	175 
4594	166 
4595	195 
4596	197 
4597	59 
4598	156 
4599	47 
4600	117 
4601	194 
4602	85 
4603	184 
4604	176 
4605	94 
4606	62 
4607	193 
4608	84 
4609	70 
4610	70 
4611	151 
4612	126 
4613	151 
4614	145 
4615	157 
4616	62 
4617	123 
4618	168 
4619	15 
4620	20 
4621	196 
4622	41 
4623	122 
4624	22 
4625	6 
4626	102 
4627	2 
4628	113 
4629	5 
4630	102 
4631	109 
4632	44 
4633	196 
4634	79 
4635	142 
4636	44 
4637	63 
4638	168 
4639	49 
4640	5 
4641	143 
4642	70 
4643	40 
4644	22 
4645	164 
4646	159 
4647	116 
4648	127 
4649	41 
4650	63 
4651	174 
4652	4 
4653	6 
4654	143 
4655	2 
4656	12 
4657	38 
4658	180 
4659	148 
4660	70 
4661	80 
4662	58 
4663	123 
4664	171 
4665	67 
4666	72 
4667	1 
4668	102 
4669	168 
4670	87 
4671	116 
4672	143 
4673	38 
4674	67 
4675	176 
4676	79 
4677	170 
4678	103 
4679	159 
4680	194 
4681	126 
4682	164 
4683	4 
4684	81 
4685	56 
4686	18 
4687	42 
4688	126 
4689	170 
4690	125 
4691	194 
4692	17 
4693	184 
4694	139 
4695	67 
4696	169 
4697	174 
4698	52 
4699	153 
4700	172 
4701	98 
4702	50 
4703	72 
4704	20 
4705	6 
4706	27 
4707	41 
4708	4 
4709	156 
4710	145 
4711	4 
4712	20 
4713	146 
4714	143 
4715	164 
4716	3 
4717	102 
4718	60 
4719	80 
4720	193 
4721	49 
4722	51 
4723	44 
4724	139 
4725	57 
4726	56 
4727	170 
4728	175 
4729	130 
4730	156 
4731	47 
4732	139 
4733	95 
4734	176 
4735	50 
4736	125 
4737	148 
4738	42 
4739	107 
4740	130 
4741	31 
4742	34 
4743	140 
4744	178 
4745	6 
4746	156 
4747	153 
4748	159 
4749	176 
4750	102 
4751	148 
4752	107 
4753	20 
4754	134 
4755	168 
4756	1 
4757	182 
4758	116 
4759	2 
4760	142 
4761	195 
4762	125 
4763	95 
4764	145 
4765	170 
4766	60 
4767	107 
4768	125 
4769	127 
4770	102 
4771	14 
4772	80 
4773	139 
4774	109 
4775	81 
4776	29 
4777	140 
4778	156 
4779	159 
4780	166 
4781	95 
4782	162 
4783	57 
4784	44 
4785	180 
4786	197 
4787	41 
4788	72 
4789	19 
4790	70 
4791	76 
4792	145 
4793	55 
4794	8 
4795	197 
4796	47 
4797	117 
4798	195 
4799	156 
4800	2 
4801	130 
4802	67 
4803	29 
4804	41 
4805	107 
4806	142 
4807	184 
4808	168 
4809	157 
4810	3 
4811	142 
4812	134 
4813	29 
4814	43 
4815	18 
4816	96 
4817	139 
4818	34 
4819	59 
4820	55 
4821	81 
4822	81 
4823	170 
4824	165 
4825	81 
4826	6 
4827	19 
4828	20 
4829	157 
4830	66 
4831	130 
4832	70 
4833	63 
4834	84 
4835	197 
4836	62 
4837	84 
4838	113 
4839	130 
4840	107 
4841	43 
4842	109 
4843	47 
4844	29 
4845	76 
4846	5 
4847	195 
4848	67 
4849	43 
4850	70 
4851	30 
4852	81 
4853	51 
4854	162 
4855	84 
4856	182 
4857	181 
4858	103 
4859	142 
4860	57 
4861	165 
4862	5 
4863	143 
4864	52 
4865	87 
4866	166 
4867	52 
4868	168 
4869	70 
4870	31 
4871	117 
4872	124 
4873	156 
4874	164 
4875	113 
4876	22 
4877	44 
4878	14 
4879	17 
4880	172 
4881	122 
4882	102 
4883	6 
4884	4 
4885	51 
4886	161 
4887	55 
4888	87 
4889	102 
4890	8 
4891	49 
4892	60 
4893	181 
4894	180 
4895	58 
4896	87 
4897	100 
4898	50 
4899	29 
4900	87 
4901	44 
4902	82 
4903	51 
4904	29 
4905	4 
4906	51 
4907	27 
4908	32 
4909	50 
4910	181 
4911	15 
4912	30 
4913	165 
4914	147 
4915	168 
4916	50 
4917	18 
4918	174 
4919	31 
4920	142 
4921	12 
4922	27 
4923	34 
4924	134 
4925	142 
4926	166 
4927	38 
4928	79 
4929	26 
4930	134 
4931	26 
4932	125 
4933	24 
4934	175 
4935	127 
4936	195 
4937	193 
4938	43 
4939	166 
4940	6 
4941	44 
4942	38 
4943	67 
4944	102 
4945	95 
4946	15 
4947	25 
4948	148 
4949	52 
4950	156 
4951	168 
4952	87 
4953	30 
4954	134 
4955	79 
4956	27 
4957	27 
4958	44 
4959	81 
4960	72 
4961	123 
4962	42 
4963	142 
4964	52 
4965	22 
4966	169 
4967	26 
4968	169 
4969	5 
4970	63 
4971	174 
4972	113 
4973	165 
4974	80 
4975	181 
4976	181 
4977	184 
4978	58 
4979	107 
4980	67 
4981	127 
4982	3 
4983	180 
4984	38 
4985	15 
4986	130 
4987	70 
4988	82 
4989	43 
4990	60 
4991	42 
4992	96 
4993	184 
4994	195 
4995	12 
4996	22 
4997	139 
4998	27 
4999	55 
5000	38 
