1	135 
2	112 
3	41 
4	198 
5	125 
6	31 
7	19 
8	52 
9	54 
10	129 
11	66 
12	141 
13	41 
14	177 
15	31 
16	145 
17	195 
18	12 
19	35 
20	63 
21	178 
22	18 
23	167 
24	47 
25	6 
26	119 
27	88 
28	131 
29	137 
30	67 
31	30 
32	160 
33	62 
34	129 
35	202 
36	99 
37	174 
38	48 
39	120 
40	158 
41	10 
42	167 
43	120 
44	63 
45	163 
46	98 
47	180 
48	134 
49	148 
50	150 
51	149 
52	67 
53	87 
54	184 
55	28 
56	200 
57	198 
58	28 
59	187 
60	121 
61	38 
62	38 
63	134 
64	56 
65	52 
66	173 
67	148 
68	166 
69	116 
70	31 
71	52 
72	61 
73	70 
74	56 
75	16 
76	132 
77	98 
78	179 
79	14 
80	145 
81	196 
82	18 
83	66 
84	165 
85	93 
86	176 
87	175 
88	32 
89	180 
90	28 
91	151 
92	170 
93	165 
94	166 
95	143 
96	179 
97	154 
98	180 
99	59 
100	151 
101	165 
102	164 
103	49 
104	28 
105	147 
106	43 
107	172 
108	93 
109	95 
110	8 
111	68 
112	8 
113	97 
114	149 
115	90 
116	96 
117	176 
118	59 
119	62 
120	120 
121	138 
122	194 
123	188 
124	34 
125	125 
126	190 
127	116 
128	56 
129	54 
130	160 
131	74 
132	96 
133	106 
134	28 
135	65 
136	148 
137	102 
138	157 
139	155 
140	145 
141	85 
142	45 
143	52 
144	116 
145	104 
146	167 
147	112 
148	182 
149	110 
150	125 
151	93 
152	123 
153	82 
154	121 
155	161 
156	36 
157	59 
158	112 
159	44 
160	72 
161	29 
162	119 
163	102 
164	105 
165	171 
166	76 
167	162 
168	115 
169	174 
170	57 
171	126 
172	11 
173	137 
174	58 
175	198 
176	201 
177	39 
178	15 
179	201 
180	7 
181	14 
182	169 
183	152 
184	188 
185	64 
186	163 
187	90 
188	56 
189	120 
190	28 
191	77 
192	17 
193	56 
194	175 
195	9 
196	127 
197	85 
198	132 
199	82 
200	62 
201	148 
202	86 
203	27 
204	116 
205	147 
206	96 
207	79 
208	173 
209	47 
210	120 
211	116 
212	38 
213	49 
214	13 
215	71 
216	104 
217	80 
218	121 
219	147 
220	34 
221	166 
222	157 
223	180 
224	132 
225	148 
226	97 
227	6 
228	4 
229	72 
230	85 
231	81 
232	115 
233	164 
234	181 
235	194 
236	84 
237	125 
238	126 
239	61 
240	105 
241	73 
242	167 
243	143 
244	131 
245	81 
246	160 
247	120 
248	166 
249	137 
250	200 
251	184 
252	166 
253	21 
254	88 
255	58 
256	20 
257	177 
258	160 
259	83 
260	19 
261	18 
262	47 
263	35 
264	184 
265	60 
266	14 
267	130 
268	122 
269	46 
270	73 
271	186 
272	42 
273	155 
274	63 
275	17 
276	44 
277	58 
278	89 
279	17 
280	133 
281	50 
282	163 
283	105 
284	4 
285	51 
286	72 
287	108 
288	167 
289	63 
290	8 
291	4 
292	64 
293	40 
294	41 
295	133 
296	60 
297	66 
298	38 
299	66 
300	85 
301	5 
302	41 
303	181 
304	35 
305	99 
306	85 
307	111 
308	3 
309	84 
310	156 
311	137 
312	125 
313	118 
314	124 
315	171 
316	120 
317	99 
318	77 
319	19 
320	4 
321	112 
322	11 
323	47 
324	149 
325	109 
326	171 
327	183 
328	184 
329	63 
330	96 
331	193 
332	96 
333	6 
334	174 
335	94 
336	68 
337	23 
338	198 
339	60 
340	47 
341	120 
342	203 
343	97 
344	25 
345	145 
346	3 
347	95 
348	139 
349	53 
350	65 
351	97 
352	83 
353	15 
354	70 
355	130 
356	1 
357	182 
358	29 
359	70 
360	182 
361	132 
362	97 
363	1 
364	114 
365	20 
366	100 
367	75 
368	63 
369	34 
370	201 
371	122 
372	92 
373	193 
374	36 
375	163 
376	142 
377	108 
378	85 
379	105 
380	18 
381	112 
382	8 
383	100 
384	192 
385	107 
386	129 
387	200 
388	91 
389	139 
390	82 
391	125 
392	11 
393	14 
394	107 
395	166 
396	153 
397	25 
398	140 
399	72 
400	70 
401	111 
402	117 
403	90 
404	41 
405	124 
406	10 
407	15 
408	122 
409	65 
410	61 
411	188 
412	98 
413	12 
414	104 
415	98 
416	82 
417	166 
418	61 
419	7 
420	33 
421	99 
422	117 
423	111 
424	85 
425	191 
426	130 
427	202 
428	108 
429	194 
430	116 
431	166 
432	94 
433	124 
434	177 
435	8 
436	148 
437	111 
438	137 
439	163 
440	63 
441	14 
442	22 
443	54 
444	199 
445	163 
446	119 
447	132 
448	27 
449	11 
450	177 
451	140 
452	172 
453	96 
454	175 
455	166 
456	38 
457	71 
458	34 
459	41 
460	135 
461	177 
462	173 
463	185 
464	20 
465	72 
466	189 
467	58 
468	41 
469	126 
470	68 
471	21 
472	130 
473	105 
474	79 
475	143 
476	14 
477	107 
478	10 
479	132 
480	115 
481	179 
482	33 
483	24 
484	97 
485	119 
486	96 
487	16 
488	76 
489	61 
490	104 
491	152 
492	58 
493	77 
494	169 
495	95 
496	186 
497	19 
498	39 
499	103 
500	27 
501	170 
502	161 
503	7 
504	111 
505	3 
506	85 
507	117 
508	68 
509	27 
510	76 
511	131 
512	61 
513	126 
514	177 
515	130 
516	98 
517	68 
518	76 
519	47 
520	113 
521	115 
522	127 
523	46 
524	8 
525	26 
526	23 
527	25 
528	71 
529	110 
530	144 
531	145 
532	122 
533	80 
534	92 
535	135 
536	109 
537	47 
538	152 
539	192 
540	195 
541	62 
542	165 
543	67 
544	47 
545	173 
546	191 
547	98 
548	125 
549	75 
550	56 
551	103 
552	137 
553	124 
554	188 
555	1 
556	87 
557	48 
558	49 
559	35 
560	40 
561	93 
562	187 
563	47 
564	147 
565	162 
566	19 
567	3 
568	52 
569	163 
570	34 
571	99 
572	34 
573	4 
574	6 
575	70 
576	2 
577	20 
578	42 
579	172 
580	198 
581	188 
582	69 
583	166 
584	169 
585	148 
586	55 
587	159 
588	98 
589	132 
590	89 
591	19 
592	104 
593	97 
594	121 
595	97 
596	198 
597	145 
598	48 
599	97 
600	196 
601	11 
602	86 
603	161 
604	177 
605	14 
606	150 
607	125 
608	58 
609	27 
610	198 
611	61 
612	51 
613	173 
614	64 
615	1 
616	36 
617	197 
618	188 
619	82 
620	35 
621	173 
622	19 
623	21 
624	79 
625	201 
626	51 
627	157 
628	12 
629	45 
630	184 
631	73 
632	76 
633	111 
634	112 
635	155 
636	104 
637	192 
638	203 
639	68 
640	99 
641	125 
642	154 
643	193 
644	15 
645	101 
646	180 
647	45 
648	200 
649	142 
650	41 
651	50 
652	140 
653	78 
654	133 
655	36 
656	102 
657	95 
658	90 
659	157 
660	178 
661	56 
662	160 
663	153 
664	26 
665	1 
666	178 
667	199 
668	71 
669	69 
670	183 
671	177 
672	85 
673	98 
674	46 
675	52 
676	149 
677	57 
678	171 
679	140 
680	7 
681	104 
682	11 
683	55 
684	115 
685	68 
686	94 
687	161 
688	106 
689	66 
690	62 
691	150 
692	82 
693	68 
694	160 
695	47 
696	180 
697	191 
698	141 
699	129 
700	81 
701	113 
702	110 
703	138 
704	43 
705	8 
706	177 
707	157 
708	60 
709	203 
710	117 
711	184 
712	169 
713	87 
714	199 
715	96 
716	63 
717	157 
718	98 
719	156 
720	180 
721	1 
722	71 
723	32 
724	31 
725	111 
726	186 
727	2 
728	153 
729	66 
730	1 
731	70 
732	18 
733	86 
734	182 
735	141 
736	124 
737	7 
738	15 
739	170 
740	112 
741	85 
742	86 
743	180 
744	72 
745	161 
746	182 
747	38 
748	192 
749	154 
750	68 
751	157 
752	128 
753	116 
754	59 
755	22 
756	80 
757	36 
758	160 
759	173 
760	151 
761	14 
762	28 
763	87 
764	1 
765	63 
766	116 
767	135 
768	156 
769	112 
770	112 
771	155 
772	201 
773	148 
774	33 
775	33 
776	43 
777	126 
778	113 
779	84 
780	36 
781	54 
782	24 
783	19 
784	28 
785	61 
786	39 
787	177 
788	10 
789	85 
790	44 
791	65 
792	120 
793	129 
794	33 
795	173 
796	184 
797	198 
798	176 
799	163 
800	21 
801	99 
802	64 
803	28 
804	116 
805	26 
806	45 
807	21 
808	74 
809	42 
810	84 
811	20 
812	98 
813	76 
814	72 
815	15 
816	189 
817	183 
818	91 
819	27 
820	15 
821	90 
822	163 
823	42 
824	48 
825	140 
826	167 
827	104 
828	199 
829	17 
830	117 
831	181 
832	16 
833	1 
834	186 
835	40 
836	197 
837	35 
838	170 
839	139 
840	201 
841	106 
842	113 
843	142 
844	186 
845	13 
846	86 
847	56 
848	116 
849	38 
850	18 
851	89 
852	16 
853	200 
854	130 
855	199 
856	152 
857	36 
858	148 
859	180 
860	76 
861	124 
862	172 
863	192 
864	16 
865	178 
866	93 
867	190 
868	88 
869	27 
870	43 
871	148 
872	29 
873	24 
874	60 
875	181 
876	176 
877	25 
878	193 
879	138 
880	192 
881	116 
882	169 
883	143 
884	7 
885	45 
886	163 
887	135 
888	161 
889	100 
890	124 
891	191 
892	179 
893	164 
894	16 
895	94 
896	118 
897	167 
898	131 
899	192 
900	153 
901	38 
902	2 
903	145 
904	98 
905	151 
906	51 
907	35 
908	7 
909	162 
910	131 
911	46 
912	145 
913	1 
914	171 
915	101 
916	15 
917	19 
918	179 
919	202 
920	86 
921	168 
922	65 
923	157 
924	122 
925	116 
926	97 
927	95 
928	82 
929	52 
930	170 
931	145 
932	80 
933	104 
934	2 
935	44 
936	137 
937	146 
938	120 
939	52 
940	19 
941	11 
942	68 
943	120 
944	91 
945	113 
946	76 
947	38 
948	176 
949	176 
950	19 
951	159 
952	27 
953	31 
954	124 
955	172 
956	203 
957	55 
958	35 
959	184 
960	118 
961	140 
962	122 
963	25 
964	123 
965	180 
966	36 
967	57 
968	172 
969	49 
970	29 
971	125 
972	184 
973	160 
974	41 
975	37 
976	177 
977	141 
978	195 
979	136 
980	163 
981	125 
982	111 
983	135 
984	26 
985	161 
986	159 
987	167 
988	158 
989	78 
990	145 
991	163 
992	109 
993	168 
994	119 
995	190 
996	191 
997	23 
998	45 
999	158 
1000	154 
1001	124 
1002	104 
1003	100 
1004	7 
1005	154 
1006	13 
1007	97 
1008	100 
1009	125 
1010	31 
1011	14 
1012	163 
1013	73 
1014	201 
1015	167 
1016	36 
1017	196 
1018	151 
1019	171 
1020	184 
1021	32 
1022	195 
1023	43 
1024	199 
1025	82 
1026	3 
1027	34 
1028	134 
1029	164 
1030	98 
1031	100 
1032	110 
1033	179 
1034	145 
1035	128 
1036	126 
1037	72 
1038	197 
1039	169 
1040	16 
1041	171 
1042	99 
1043	103 
1044	72 
1045	76 
1046	100 
1047	184 
1048	50 
1049	50 
1050	104 
1051	177 
1052	202 
1053	115 
1054	86 
1055	17 
1056	178 
1057	175 
1058	120 
1059	127 
1060	45 
1061	120 
1062	27 
1063	101 
1064	97 
1065	36 
1066	42 
1067	202 
1068	36 
1069	190 
1070	178 
1071	194 
1072	4 
1073	178 
1074	146 
1075	144 
1076	49 
1077	157 
1078	137 
1079	98 
1080	124 
1081	61 
1082	54 
1083	125 
1084	87 
1085	189 
1086	95 
1087	170 
1088	22 
1089	185 
1090	65 
1091	15 
1092	185 
1093	13 
1094	111 
1095	145 
1096	59 
1097	5 
1098	176 
1099	116 
1100	103 
1101	141 
1102	63 
1103	61 
1104	45 
1105	68 
1106	148 
1107	62 
1108	135 
1109	175 
1110	109 
1111	62 
1112	192 
1113	192 
1114	203 
1115	83 
1116	41 
1117	150 
1118	24 
1119	153 
1120	75 
1121	46 
1122	161 
1123	41 
1124	76 
1125	118 
1126	97 
1127	179 
1128	85 
1129	64 
1130	9 
1131	58 
1132	142 
1133	7 
1134	46 
1135	199 
1136	122 
1137	8 
1138	46 
1139	135 
1140	131 
1141	172 
1142	59 
1143	180 
1144	73 
1145	2 
1146	112 
1147	50 
1148	21 
1149	30 
1150	50 
1151	101 
1152	24 
1153	6 
1154	82 
1155	198 
1156	177 
1157	160 
1158	48 
1159	164 
1160	63 
1161	47 
1162	19 
1163	187 
1164	66 
1165	162 
1166	26 
1167	106 
1168	146 
1169	59 
1170	192 
1171	156 
1172	65 
1173	151 
1174	111 
1175	117 
1176	96 
1177	106 
1178	154 
1179	104 
1180	68 
1181	150 
1182	11 
1183	157 
1184	108 
1185	63 
1186	144 
1187	158 
1188	1 
1189	34 
1190	56 
1191	9 
1192	2 
1193	94 
1194	23 
1195	67 
1196	96 
1197	132 
1198	37 
1199	30 
1200	159 
1201	2 
1202	189 
1203	189 
1204	24 
1205	99 
1206	187 
1207	74 
1208	111 
1209	134 
1210	86 
1211	178 
1212	199 
1213	128 
1214	133 
1215	80 
1216	72 
1217	166 
1218	76 
1219	98 
1220	199 
1221	107 
1222	181 
1223	182 
1224	14 
1225	75 
1226	24 
1227	81 
1228	139 
1229	4 
1230	143 
1231	31 
1232	95 
1233	89 
1234	74 
1235	193 
1236	128 
1237	40 
1238	107 
1239	128 
1240	160 
1241	66 
1242	153 
1243	128 
1244	83 
1245	32 
1246	28 
1247	98 
1248	9 
1249	63 
1250	197 
1251	116 
1252	116 
1253	44 
1254	84 
1255	30 
1256	116 
1257	67 
1258	160 
1259	43 
1260	6 
1261	187 
1262	114 
1263	126 
1264	93 
1265	68 
1266	77 
1267	78 
1268	146 
1269	110 
1270	34 
1271	43 
1272	131 
1273	71 
1274	108 
1275	112 
1276	192 
1277	161 
1278	128 
1279	201 
1280	159 
1281	118 
1282	159 
1283	136 
1284	19 
1285	41 
1286	59 
1287	184 
1288	126 
1289	157 
1290	79 
1291	146 
1292	77 
1293	180 
1294	75 
1295	110 
1296	10 
1297	82 
1298	111 
1299	118 
1300	195 
1301	90 
1302	62 
1303	97 
1304	179 
1305	200 
1306	19 
1307	86 
1308	54 
1309	164 
1310	197 
1311	187 
1312	105 
1313	159 
1314	178 
1315	53 
1316	81 
1317	118 
1318	61 
1319	7 
1320	86 
1321	110 
1322	61 
1323	106 
1324	45 
1325	68 
1326	16 
1327	42 
1328	163 
1329	111 
1330	65 
1331	198 
1332	122 
1333	154 
1334	199 
1335	143 
1336	148 
1337	41 
1338	57 
1339	196 
1340	82 
1341	87 
1342	28 
1343	189 
1344	46 
1345	112 
1346	22 
1347	148 
1348	102 
1349	72 
1350	113 
1351	100 
1352	45 
1353	82 
1354	35 
1355	199 
1356	183 
1357	158 
1358	114 
1359	43 
1360	128 
1361	180 
1362	162 
1363	84 
1364	22 
1365	137 
1366	4 
1367	99 
1368	197 
1369	102 
1370	72 
1371	99 
1372	86 
1373	129 
1374	112 
1375	170 
1376	29 
1377	192 
1378	47 
1379	95 
1380	104 
1381	201 
1382	6 
1383	7 
1384	14 
1385	75 
1386	154 
1387	49 
1388	91 
1389	162 
1390	37 
1391	119 
1392	86 
1393	106 
1394	200 
1395	98 
1396	174 
1397	116 
1398	189 
1399	124 
1400	155 
1401	97 
1402	26 
1403	27 
1404	94 
1405	13 
1406	177 
1407	88 
1408	147 
1409	119 
1410	23 
1411	142 
1412	175 
1413	60 
1414	178 
1415	57 
1416	182 
1417	192 
1418	166 
1419	12 
1420	177 
1421	69 
1422	102 
1423	100 
1424	3 
1425	137 
1426	102 
1427	75 
1428	11 
1429	193 
1430	38 
1431	61 
1432	87 
1433	129 
1434	16 
1435	16 
1436	85 
1437	63 
1438	159 
1439	42 
1440	107 
1441	49 
1442	105 
1443	198 
1444	108 
1445	74 
1446	86 
1447	76 
1448	2 
1449	38 
1450	55 
1451	168 
1452	15 
1453	123 
1454	190 
1455	130 
1456	193 
1457	122 
1458	18 
1459	48 
1460	128 
1461	62 
1462	77 
1463	51 
1464	134 
1465	74 
1466	150 
1467	163 
1468	63 
1469	7 
1470	178 
1471	200 
1472	191 
1473	19 
1474	70 
1475	155 
1476	7 
1477	19 
1478	49 
1479	177 
1480	158 
1481	113 
1482	151 
1483	56 
1484	39 
1485	179 
1486	177 
1487	175 
1488	69 
1489	133 
1490	165 
1491	43 
1492	192 
1493	59 
1494	157 
1495	59 
1496	125 
1497	120 
1498	195 
1499	43 
1500	58 
1501	182 
1502	31 
1503	152 
1504	28 
1505	89 
1506	177 
1507	40 
1508	182 
1509	3 
1510	103 
1511	170 
1512	78 
1513	138 
1514	188 
1515	126 
1516	30 
1517	165 
1518	117 
1519	51 
1520	151 
1521	181 
1522	51 
1523	182 
1524	137 
1525	4 
1526	5 
1527	8 
1528	180 
1529	16 
1530	28 
1531	12 
1532	142 
1533	126 
1534	1 
1535	131 
1536	116 
1537	150 
1538	45 
1539	115 
1540	176 
1541	26 
1542	157 
1543	99 
1544	146 
1545	89 
1546	172 
1547	26 
1548	186 
1549	157 
1550	166 
1551	180 
1552	185 
1553	173 
1554	146 
1555	5 
1556	61 
1557	42 
1558	24 
1559	194 
1560	157 
1561	51 
1562	57 
1563	143 
1564	187 
1565	132 
1566	201 
1567	203 
1568	105 
1569	199 
1570	19 
1571	36 
1572	158 
1573	180 
1574	116 
1575	137 
1576	165 
1577	96 
1578	7 
1579	56 
1580	97 
1581	174 
1582	37 
1583	14 
1584	40 
1585	23 
1586	178 
1587	64 
1588	61 
1589	49 
1590	58 
1591	88 
1592	28 
1593	190 
1594	33 
1595	137 
1596	82 
1597	69 
1598	109 
1599	69 
1600	146 
1601	76 
1602	145 
1603	184 
1604	25 
1605	181 
1606	145 
1607	104 
1608	177 
1609	47 
1610	168 
1611	199 
1612	120 
1613	75 
1614	77 
1615	12 
1616	162 
1617	46 
1618	22 
1619	190 
1620	63 
1621	98 
1622	22 
1623	41 
1624	46 
1625	151 
1626	44 
1627	103 
1628	199 
1629	40 
1630	79 
1631	96 
1632	63 
1633	125 
1634	126 
1635	8 
1636	1 
1637	27 
1638	64 
1639	137 
1640	120 
1641	140 
1642	92 
1643	74 
1644	139 
1645	46 
1646	165 
1647	16 
1648	11 
1649	7 
1650	48 
1651	10 
1652	46 
1653	48 
1654	31 
1655	156 
1656	32 
1657	178 
1658	149 
1659	99 
1660	187 
1661	69 
1662	47 
1663	199 
1664	56 
1665	63 
1666	125 
1667	157 
1668	118 
1669	74 
1670	143 
1671	148 
1672	154 
1673	74 
1674	188 
1675	76 
1676	185 
1677	162 
1678	176 
1679	202 
1680	116 
1681	124 
1682	44 
1683	144 
1684	45 
1685	157 
1686	95 
1687	82 
1688	75 
1689	25 
1690	169 
1691	4 
1692	104 
1693	62 
1694	44 
1695	4 
1696	47 
1697	169 
1698	31 
1699	174 
1700	164 
1701	152 
1702	123 
1703	34 
1704	93 
1705	164 
1706	21 
1707	178 
1708	114 
1709	19 
1710	138 
1711	47 
1712	192 
1713	191 
1714	80 
1715	87 
1716	110 
1717	11 
1718	127 
1719	41 
1720	149 
1721	106 
1722	178 
1723	5 
1724	57 
1725	200 
1726	17 
1727	46 
1728	202 
1729	190 
1730	68 
1731	181 
1732	81 
1733	4 
1734	95 
1735	172 
1736	175 
1737	126 
1738	11 
1739	115 
1740	30 
1741	29 
1742	113 
1743	192 
1744	116 
1745	72 
1746	198 
1747	88 
1748	116 
1749	43 
1750	14 
1751	12 
1752	61 
1753	111 
1754	92 
1755	53 
1756	172 
1757	128 
1758	13 
1759	85 
1760	22 
1761	147 
1762	106 
1763	167 
1764	38 
1765	107 
1766	166 
1767	193 
1768	98 
1769	198 
1770	184 
1771	136 
1772	99 
1773	166 
1774	5 
1775	197 
1776	134 
1777	117 
1778	5 
1779	169 
1780	16 
1781	10 
1782	20 
1783	99 
1784	26 
1785	177 
1786	130 
1787	64 
1788	13 
1789	133 
1790	28 
1791	49 
1792	31 
1793	29 
1794	156 
1795	46 
1796	147 
1797	98 
1798	178 
1799	3 
1800	139 
1801	19 
1802	194 
1803	172 
1804	178 
1805	49 
1806	7 
1807	131 
1808	120 
1809	41 
1810	132 
1811	184 
1812	104 
1813	195 
1814	97 
1815	68 
1816	134 
1817	15 
1818	34 
1819	120 
1820	44 
1821	84 
1822	149 
1823	130 
1824	101 
1825	77 
1826	43 
1827	78 
1828	155 
1829	177 
1830	102 
1831	101 
1832	128 
1833	142 
1834	61 
1835	114 
1836	21 
1837	28 
1838	27 
1839	107 
1840	160 
1841	179 
1842	29 
1843	49 
1844	64 
1845	29 
1846	149 
1847	166 
1848	66 
1849	125 
1850	56 
1851	50 
1852	127 
1853	166 
1854	160 
1855	192 
1856	79 
1857	125 
1858	86 
1859	15 
1860	186 
1861	185 
1862	45 
1863	103 
1864	164 
1865	22 
1866	105 
1867	21 
1868	14 
1869	57 
1870	169 
1871	18 
1872	48 
1873	148 
1874	4 
1875	109 
1876	97 
1877	31 
1878	203 
1879	24 
1880	36 
1881	20 
1882	83 
1883	149 
1884	63 
1885	118 
1886	108 
1887	184 
1888	177 
1889	112 
1890	28 
1891	17 
1892	173 
1893	71 
1894	42 
1895	61 
1896	83 
1897	102 
1898	56 
1899	157 
1900	198 
1901	15 
1902	106 
1903	164 
1904	172 
1905	98 
1906	178 
1907	72 
1908	85 
1909	51 
1910	196 
1911	86 
1912	127 
1913	116 
1914	99 
1915	91 
1916	23 
1917	128 
1918	150 
1919	133 
1920	145 
1921	66 
1922	42 
1923	99 
1924	97 
1925	136 
1926	107 
1927	180 
1928	8 
1929	160 
1930	85 
1931	128 
1932	95 
1933	166 
1934	51 
1935	192 
1936	62 
1937	111 
1938	160 
1939	87 
1940	130 
1941	111 
1942	122 
1943	79 
1944	23 
1945	170 
1946	170 
1947	68 
1948	6 
1949	99 
1950	96 
1951	132 
1952	177 
1953	107 
1954	156 
1955	25 
1956	53 
1957	143 
1958	52 
1959	7 
1960	26 
1961	184 
1962	32 
1963	84 
1964	115 
1965	145 
1966	157 
1967	163 
1968	14 
1969	34 
1970	174 
1971	148 
1972	97 
1973	14 
1974	76 
1975	4 
1976	50 
1977	109 
1978	175 
1979	149 
1980	89 
1981	36 
1982	164 
1983	190 
1984	111 
1985	120 
1986	173 
1987	121 
1988	112 
1989	107 
1990	184 
1991	91 
1992	98 
1993	125 
1994	134 
1995	85 
1996	82 
1997	140 
1998	34 
1999	114 
2000	151 
2001	145 
2002	88 
2003	86 
2004	70 
2005	73 
2006	54 
2007	182 
2008	177 
2009	1 
2010	56 
2011	44 
2012	95 
2013	21 
2014	113 
2015	64 
2016	32 
2017	183 
2018	172 
2019	46 
2020	34 
2021	90 
2022	108 
2023	192 
2024	96 
2025	143 
2026	19 
2027	20 
2028	63 
2029	47 
2030	16 
2031	8 
2032	36 
2033	168 
2034	132 
2035	104 
2036	177 
2037	77 
2038	33 
2039	107 
2040	57 
2041	108 
2042	45 
2043	133 
2044	79 
2045	41 
2046	128 
2047	122 
2048	67 
2049	200 
2050	8 
2051	184 
2052	6 
2053	64 
2054	128 
2055	19 
2056	131 
2057	76 
2058	148 
2059	102 
2060	47 
2061	137 
2062	192 
2063	186 
2064	116 
2065	63 
2066	184 
2067	186 
2068	70 
2069	183 
2070	97 
2071	182 
2072	164 
2073	182 
2074	119 
2075	94 
2076	7 
2077	46 
2078	41 
2079	74 
2080	120 
2081	113 
2082	29 
2083	183 
2084	162 
2085	11 
2086	119 
2087	113 
2088	95 
2089	21 
2090	98 
2091	165 
2092	60 
2093	90 
2094	96 
2095	61 
2096	12 
2097	199 
2098	49 
2099	142 
2100	102 
2101	27 
2102	19 
2103	21 
2104	80 
2105	166 
2106	53 
2107	4 
2108	107 
2109	154 
2110	118 
2111	29 
2112	172 
2113	189 
2114	163 
2115	77 
2116	107 
2117	131 
2118	82 
2119	85 
2120	87 
2121	15 
2122	22 
2123	65 
2124	56 
2125	80 
2126	12 
2127	85 
2128	19 
2129	56 
2130	41 
2131	118 
2132	36 
2133	77 
2134	105 
2135	85 
2136	23 
2137	127 
2138	41 
2139	141 
2140	41 
2141	150 
2142	174 
2143	109 
2144	34 
2145	163 
2146	92 
2147	166 
2148	163 
2149	152 
2150	116 
2151	56 
2152	116 
2153	171 
2154	114 
2155	6 
2156	68 
2157	200 
2158	175 
2159	125 
2160	111 
2161	180 
2162	127 
2163	161 
2164	43 
2165	82 
2166	192 
2167	185 
2168	83 
2169	23 
2170	22 
2171	12 
2172	78 
2173	103 
2174	166 
2175	30 
2176	137 
2177	1 
2178	168 
2179	20 
2180	30 
2181	41 
2182	56 
2183	90 
2184	68 
2185	100 
2186	105 
2187	199 
2188	59 
2189	4 
2190	6 
2191	95 
2192	122 
2193	129 
2194	69 
2195	28 
2196	30 
2197	182 
2198	101 
2199	4 
2200	151 
2201	64 
2202	55 
2203	184 
2204	141 
2205	48 
2206	169 
2207	76 
2208	66 
2209	141 
2210	42 
2211	17 
2212	97 
2213	30 
2214	106 
2215	118 
2216	108 
2217	163 
2218	112 
2219	189 
2220	163 
2221	83 
2222	153 
2223	11 
2224	61 
2225	91 
2226	82 
2227	95 
2228	182 
2229	77 
2230	98 
2231	66 
2232	39 
2233	24 
2234	160 
2235	9 
2236	177 
2237	99 
2238	185 
2239	168 
2240	144 
2241	41 
2242	68 
2243	137 
2244	63 
2245	72 
2246	137 
2247	167 
2248	74 
2249	10 
2250	178 
2251	7 
2252	126 
2253	195 
2254	28 
2255	200 
2256	147 
2257	64 
2258	200 
2259	41 
2260	104 
2261	105 
2262	102 
2263	145 
2264	141 
2265	14 
2266	115 
2267	7 
2268	40 
2269	49 
2270	199 
2271	168 
2272	7 
2273	29 
2274	182 
2275	155 
2276	58 
2277	183 
2278	7 
2279	99 
2280	46 
2281	19 
2282	111 
2283	163 
2284	36 
2285	60 
2286	120 
2287	203 
2288	189 
2289	29 
2290	107 
2291	139 
2292	96 
2293	43 
2294	178 
2295	7 
2296	151 
2297	2 
2298	149 
2299	102 
2300	49 
2301	62 
2302	23 
2303	30 
2304	97 
2305	58 
2306	67 
2307	118 
2308	118 
2309	112 
2310	173 
2311	20 
2312	96 
2313	86 
2314	92 
2315	125 
2316	112 
2317	135 
2318	173 
2319	152 
2320	29 
2321	182 
2322	130 
2323	80 
2324	130 
2325	99 
2326	35 
2327	178 
2328	119 
2329	67 
2330	157 
2331	94 
2332	42 
2333	4 
2334	185 
2335	14 
2336	45 
2337	172 
2338	5 
2339	194 
2340	11 
2341	182 
2342	143 
2343	36 
2344	190 
2345	177 
2346	178 
2347	54 
2348	126 
2349	35 
2350	42 
2351	90 
2352	72 
2353	59 
2354	59 
2355	85 
2356	14 
2357	125 
2358	158 
2359	196 
2360	112 
2361	191 
2362	107 
2363	42 
2364	43 
2365	168 
2366	179 
2367	19 
2368	47 
2369	121 
2370	114 
2371	145 
2372	149 
2373	134 
2374	201 
2375	192 
2376	156 
2377	19 
2378	41 
2379	138 
2380	60 
2381	16 
2382	10 
2383	53 
2384	68 
2385	168 
2386	16 
2387	104 
2388	51 
2389	59 
2390	42 
2391	27 
2392	125 
2393	136 
2394	95 
2395	160 
2396	172 
2397	138 
2398	67 
2399	99 
2400	81 
2401	21 
2402	26 
2403	127 
2404	35 
2405	32 
2406	68 
2407	125 
2408	31 
2409	86 
2410	79 
2411	40 
2412	166 
2413	126 
2414	170 
2415	101 
2416	183 
2417	189 
2418	61 
2419	17 
2420	82 
2421	191 
2422	130 
2423	8 
2424	42 
2425	74 
2426	151 
2427	90 
2428	192 
2429	136 
2430	88 
2431	78 
2432	113 
2433	55 
2434	136 
2435	151 
2436	185 
2437	158 
2438	68 
2439	97 
2440	109 
2441	38 
2442	7 
2443	56 
2444	182 
2445	160 
2446	117 
2447	17 
2448	1 
2449	96 
2450	97 
2451	104 
2452	11 
2453	27 
2454	123 
2455	165 
2456	55 
2457	69 
2458	202 
2459	113 
2460	182 
2461	87 
2462	202 
2463	85 
2464	55 
2465	28 
2466	60 
2467	38 
2468	78 
2469	103 
2470	166 
2471	107 
2472	64 
2473	42 
2474	184 
2475	109 
2476	65 
2477	64 
2478	163 
2479	40 
2480	190 
2481	187 
2482	116 
2483	121 
2484	151 
2485	19 
2486	182 
2487	196 
2488	68 
2489	178 
2490	97 
2491	164 
2492	125 
2493	15 
2494	89 
2495	30 
2496	147 
2497	167 
2498	108 
2499	73 
2500	94 
2501	199 
2502	66 
2503	95 
2504	7 
2505	119 
2506	190 
2507	169 
2508	95 
2509	39 
2510	26 
2511	125 
2512	151 
2513	170 
2514	104 
2515	49 
2516	14 
2517	63 
2518	203 
2519	31 
2520	124 
2521	185 
2522	198 
2523	29 
2524	139 
2525	156 
2526	51 
2527	173 
2528	66 
2529	178 
2530	48 
2531	27 
2532	98 
2533	93 
2534	50 
2535	116 
2536	180 
2537	164 
2538	2 
2539	194 
2540	166 
2541	123 
2542	93 
2543	109 
2544	60 
2545	68 
2546	56 
2547	163 
2548	172 
2549	82 
2550	190 
2551	146 
2552	150 
2553	37 
2554	57 
2555	78 
2556	164 
2557	172 
2558	202 
2559	121 
2560	73 
2561	41 
2562	74 
2563	41 
2564	31 
2565	194 
2566	138 
2567	72 
2568	99 
2569	23 
2570	18 
2571	184 
2572	116 
2573	71 
2574	121 
2575	56 
2576	4 
2577	158 
2578	68 
2579	116 
2580	186 
2581	67 
2582	90 
2583	155 
2584	101 
2585	164 
2586	153 
2587	121 
2588	142 
2589	192 
2590	107 
2591	184 
2592	95 
2593	137 
2594	79 
2595	117 
2596	90 
2597	24 
2598	173 
2599	10 
2600	107 
2601	25 
2602	82 
2603	111 
2604	7 
2605	64 
2606	104 
2607	26 
2608	15 
2609	178 
2610	184 
2611	180 
2612	95 
2613	68 
2614	29 
2615	78 
2616	105 
2617	124 
2618	130 
2619	169 
2620	87 
2621	1 
2622	114 
2623	148 
2624	98 
2625	200 
2626	148 
2627	151 
2628	94 
2629	119 
2630	189 
2631	21 
2632	43 
2633	131 
2634	53 
2635	117 
2636	43 
2637	19 
2638	11 
2639	188 
2640	96 
2641	81 
2642	193 
2643	25 
2644	120 
2645	4 
2646	27 
2647	58 
2648	139 
2649	169 
2650	159 
2651	29 
2652	187 
2653	101 
2654	129 
2655	152 
2656	48 
2657	192 
2658	1 
2659	163 
2660	155 
2661	166 
2662	125 
2663	184 
2664	105 
2665	97 
2666	67 
2667	65 
2668	180 
2669	30 
2670	144 
2671	44 
2672	106 
2673	73 
2674	180 
2675	4 
2676	190 
2677	199 
2678	86 
2679	132 
2680	85 
2681	129 
2682	34 
2683	96 
2684	115 
2685	198 
2686	115 
2687	29 
2688	112 
2689	198 
2690	10 
2691	17 
2692	89 
2693	46 
2694	38 
2695	132 
2696	183 
2697	82 
2698	186 
2699	34 
2700	86 
2701	36 
2702	81 
2703	200 
2704	82 
2705	3 
2706	7 
2707	97 
2708	83 
2709	122 
2710	169 
2711	9 
2712	184 
2713	82 
2714	48 
2715	163 
2716	61 
2717	128 
2718	65 
2719	2 
2720	51 
2721	6 
2722	28 
2723	153 
2724	43 
2725	187 
2726	98 
2727	104 
2728	3 
2729	95 
2730	83 
2731	34 
2732	97 
2733	201 
2734	163 
2735	30 
2736	79 
2737	145 
2738	46 
2739	123 
2740	139 
2741	31 
2742	30 
2743	112 
2744	4 
2745	178 
2746	197 
2747	39 
2748	82 
2749	197 
2750	100 
2751	102 
2752	145 
2753	29 
2754	42 
2755	20 
2756	131 
2757	21 
2758	5 
2759	17 
2760	132 
2761	158 
2762	56 
2763	110 
2764	151 
2765	163 
2766	119 
2767	74 
2768	145 
2769	189 
2770	37 
2771	75 
2772	202 
2773	126 
2774	15 
2775	45 
2776	69 
2777	109 
2778	37 
2779	182 
2780	31 
2781	93 
2782	157 
2783	133 
2784	179 
2785	31 
2786	131 
2787	128 
2788	200 
2789	3 
2790	104 
2791	137 
2792	33 
2793	19 
2794	84 
2795	169 
2796	52 
2797	3 
2798	172 
2799	175 
2800	195 
2801	109 
2802	24 
2803	64 
2804	178 
2805	98 
2806	4 
2807	11 
2808	152 
2809	178 
2810	196 
2811	88 
2812	36 
2813	203 
2814	97 
2815	106 
2816	51 
2817	138 
2818	107 
2819	92 
2820	39 
2821	73 
2822	70 
2823	198 
2824	19 
2825	176 
2826	164 
2827	49 
2828	27 
2829	64 
2830	181 
2831	99 
2832	53 
2833	156 
2834	17 
2835	44 
2836	46 
2837	133 
2838	161 
2839	35 
2840	174 
2841	24 
2842	97 
2843	173 
2844	41 
2845	183 
2846	140 
2847	169 
2848	77 
2849	20 
2850	59 
2851	96 
2852	53 
2853	31 
2854	91 
2855	134 
2856	37 
2857	182 
2858	37 
2859	48 
2860	106 
2861	64 
2862	110 
2863	82 
2864	124 
2865	104 
2866	165 
2867	97 
2868	171 
2869	122 
2870	30 
2871	23 
2872	17 
2873	74 
2874	140 
2875	121 
2876	92 
2877	153 
2878	65 
2879	161 
2880	49 
2881	160 
2882	48 
2883	90 
2884	147 
2885	50 
2886	80 
2887	132 
2888	172 
2889	96 
2890	182 
2891	18 
2892	161 
2893	17 
2894	167 
2895	145 
2896	107 
2897	22 
2898	111 
2899	14 
2900	160 
2901	190 
2902	191 
2903	141 
2904	146 
2905	149 
2906	137 
2907	88 
2908	128 
2909	95 
2910	120 
2911	97 
2912	76 
2913	173 
2914	184 
2915	175 
2916	43 
2917	178 
2918	159 
2919	190 
2920	85 
2921	43 
2922	32 
2923	125 
2924	112 
2925	68 
2926	30 
2927	177 
2928	198 
2929	201 
2930	34 
2931	15 
2932	30 
2933	43 
2934	70 
2935	155 
2936	85 
2937	61 
2938	11 
2939	177 
2940	201 
2941	138 
2942	155 
2943	146 
2944	168 
2945	154 
2946	180 
2947	8 
2948	195 
2949	177 
2950	43 
2951	127 
2952	50 
2953	140 
2954	172 
2955	160 
2956	121 
2957	146 
2958	146 
2959	170 
2960	188 
2961	28 
2962	4 
2963	166 
2964	25 
2965	25 
2966	176 
2967	131 
2968	103 
2969	118 
2970	184 
2971	177 
2972	2 
2973	46 
2974	82 
2975	182 
2976	38 
2977	195 
2978	196 
2979	178 
2980	2 
2981	40 
2982	24 
2983	64 
2984	183 
2985	194 
2986	162 
2987	88 
2988	25 
2989	100 
2990	112 
2991	114 
2992	27 
2993	157 
2994	100 
2995	23 
2996	184 
2997	31 
2998	158 
2999	30 
3000	145 
3001	113 
3002	63 
3003	180 
3004	37 
3005	1 
3006	9 
3007	26 
3008	140 
3009	137 
3010	14 
3011	35 
3012	137 
3013	84 
3014	168 
3015	114 
3016	82 
3017	191 
3018	104 
3019	125 
3020	4 
3021	49 
3022	183 
3023	86 
3024	152 
3025	162 
3026	42 
3027	79 
3028	177 
3029	193 
3030	88 
3031	128 
3032	93 
3033	43 
3034	163 
3035	104 
3036	149 
3037	84 
3038	63 
3039	127 
3040	187 
3041	19 
3042	19 
3043	166 
3044	91 
3045	147 
3046	64 
3047	67 
3048	118 
3049	130 
3050	144 
3051	174 
3052	33 
3053	119 
3054	194 
3055	120 
3056	51 
3057	192 
3058	54 
3059	135 
3060	154 
3061	33 
3062	111 
3063	124 
3064	36 
3065	132 
3066	135 
3067	18 
3068	143 
3069	202 
3070	9 
3071	116 
3072	93 
3073	172 
3074	20 
3075	76 
3076	64 
3077	161 
3078	40 
3079	126 
3080	16 
3081	4 
3082	77 
3083	107 
3084	152 
3085	199 
3086	106 
3087	111 
3088	200 
3089	178 
3090	135 
3091	154 
3092	145 
3093	51 
3094	48 
3095	74 
3096	135 
3097	171 
3098	107 
3099	178 
3100	123 
3101	104 
3102	126 
3103	34 
3104	126 
3105	145 
3106	134 
3107	90 
3108	7 
3109	11 
3110	169 
3111	94 
3112	68 
3113	172 
3114	129 
3115	112 
3116	5 
3117	89 
3118	193 
3119	49 
3120	198 
3121	46 
3122	160 
3123	74 
3124	97 
3125	184 
3126	24 
3127	148 
3128	32 
3129	196 
3130	71 
3131	159 
3132	39 
3133	173 
3134	50 
3135	46 
3136	168 
3137	153 
3138	86 
3139	53 
3140	13 
3141	192 
3142	155 
3143	28 
3144	65 
3145	92 
3146	139 
3147	133 
3148	116 
3149	131 
3150	89 
3151	81 
3152	85 
3153	17 
3154	171 
3155	82 
3156	173 
3157	177 
3158	182 
3159	102 
3160	137 
3161	60 
3162	15 
3163	138 
3164	39 
3165	112 
3166	9 
3167	174 
3168	82 
3169	134 
3170	179 
3171	145 
3172	79 
3173	44 
3174	144 
3175	101 
3176	107 
3177	116 
3178	132 
3179	5 
3180	104 
3181	58 
3182	24 
3183	192 
3184	99 
3185	116 
3186	31 
3187	136 
3188	100 
3189	66 
3190	69 
3191	160 
3192	117 
3193	136 
3194	96 
3195	98 
3196	194 
3197	5 
3198	55 
3199	149 
3200	138 
3201	107 
3202	128 
3203	118 
3204	187 
3205	56 
3206	66 
3207	137 
3208	155 
3209	120 
3210	192 
3211	185 
3212	5 
3213	36 
3214	145 
3215	9 
3216	3 
3217	123 
3218	34 
3219	132 
3220	43 
3221	126 
3222	63 
3223	110 
3224	64 
3225	47 
3226	188 
3227	167 
3228	107 
3229	136 
3230	132 
3231	11 
3232	120 
3233	104 
3234	148 
3235	47 
3236	203 
3237	177 
3238	42 
3239	157 
3240	117 
3241	63 
3242	116 
3243	88 
3244	94 
3245	24 
3246	192 
3247	31 
3248	54 
3249	107 
3250	117 
3251	161 
3252	60 
3253	15 
3254	201 
3255	171 
3256	85 
3257	128 
3258	26 
3259	114 
3260	132 
3261	196 
3262	61 
3263	181 
3264	72 
3265	7 
3266	192 
3267	182 
3268	138 
3269	159 
3270	111 
3271	39 
3272	14 
3273	190 
3274	57 
3275	125 
3276	88 
3277	48 
3278	189 
3279	37 
3280	191 
3281	154 
3282	7 
3283	88 
3284	142 
3285	51 
3286	152 
3287	61 
3288	76 
3289	202 
3290	180 
3291	108 
3292	148 
3293	26 
3294	91 
3295	64 
3296	118 
3297	119 
3298	29 
3299	179 
3300	21 
3301	149 
3302	27 
3303	140 
3304	70 
3305	79 
3306	199 
3307	14 
3308	193 
3309	16 
3310	46 
3311	85 
3312	184 
3313	144 
3314	197 
3315	81 
3316	109 
3317	193 
3318	170 
3319	128 
3320	28 
3321	26 
3322	145 
3323	104 
3324	29 
3325	39 
3326	185 
3327	164 
3328	113 
3329	135 
3330	4 
3331	64 
3332	91 
3333	1 
3334	86 
3335	96 
3336	55 
3337	92 
3338	179 
3339	133 
3340	89 
3341	27 
3342	182 
3343	132 
3344	6 
3345	9 
3346	41 
3347	21 
3348	132 
3349	156 
3350	202 
3351	89 
3352	180 
3353	102 
3354	132 
3355	120 
3356	49 
3357	98 
3358	92 
3359	118 
3360	182 
3361	200 
3362	53 
3363	135 
3364	169 
3365	32 
3366	128 
3367	178 
3368	159 
3369	139 
3370	128 
3371	59 
3372	116 
3373	87 
3374	120 
3375	198 
3376	38 
3377	43 
3378	66 
3379	55 
3380	125 
3381	35 
3382	21 
3383	4 
3384	54 
3385	82 
3386	139 
3387	96 
3388	48 
3389	201 
3390	101 
3391	180 
3392	192 
3393	126 
3394	82 
3395	13 
3396	146 
3397	133 
3398	151 
3399	64 
3400	140 
3401	190 
3402	182 
3403	35 
3404	89 
3405	85 
3406	184 
3407	67 
3408	105 
3409	134 
3410	125 
3411	32 
3412	165 
3413	71 
3414	13 
3415	95 
3416	40 
3417	96 
3418	29 
3419	122 
3420	71 
3421	187 
3422	7 
3423	41 
3424	51 
3425	186 
3426	99 
3427	62 
3428	106 
3429	173 
3430	77 
3431	101 
3432	94 
3433	72 
3434	33 
3435	117 
3436	27 
3437	120 
3438	49 
3439	147 
3440	125 
3441	166 
3442	61 
3443	158 
3444	151 
3445	49 
3446	199 
3447	89 
3448	102 
3449	47 
3450	4 
3451	128 
3452	202 
3453	13 
3454	144 
3455	177 
3456	158 
3457	100 
3458	120 
3459	114 
3460	86 
3461	157 
3462	107 
3463	105 
3464	48 
3465	171 
3466	132 
3467	25 
3468	77 
3469	172 
3470	172 
3471	116 
3472	178 
3473	157 
3474	99 
3475	93 
3476	151 
3477	15 
3478	87 
3479	123 
3480	82 
3481	128 
3482	24 
3483	7 
3484	198 
3485	74 
3486	199 
3487	101 
3488	66 
3489	177 
3490	125 
3491	102 
3492	172 
3493	3 
3494	94 
3495	46 
3496	97 
3497	152 
3498	144 
3499	105 
3500	177 
3501	111 
3502	29 
3503	66 
3504	29 
3505	124 
3506	126 
3507	116 
3508	177 
3509	150 
3510	144 
3511	125 
3512	104 
3513	37 
3514	201 
3515	82 
3516	142 
3517	16 
3518	169 
3519	91 
3520	130 
3521	61 
3522	194 
3523	29 
3524	7 
3525	29 
3526	31 
3527	178 
3528	166 
3529	19 
3530	126 
3531	17 
3532	7 
3533	134 
3534	145 
3535	132 
3536	190 
3537	199 
3538	72 
3539	71 
3540	199 
3541	82 
3542	192 
3543	83 
3544	142 
3545	104 
3546	164 
3547	20 
3548	148 
3549	17 
3550	160 
3551	161 
3552	127 
3553	41 
3554	120 
3555	9 
3556	120 
3557	112 
3558	138 
3559	173 
3560	180 
3561	26 
3562	8 
3563	94 
3564	72 
3565	29 
3566	34 
3567	68 
3568	137 
3569	180 
3570	67 
3571	45 
3572	172 
3573	139 
3574	181 
3575	22 
3576	15 
3577	136 
3578	107 
3579	195 
3580	159 
3581	104 
3582	170 
3583	187 
3584	13 
3585	41 
3586	167 
3587	123 
3588	151 
3589	50 
3590	46 
3591	61 
3592	190 
3593	121 
3594	104 
3595	197 
3596	189 
3597	36 
3598	151 
3599	120 
3600	195 
3601	55 
3602	23 
3603	177 
3604	42 
3605	13 
3606	79 
3607	17 
3608	184 
3609	197 
3610	137 
3611	116 
3612	126 
3613	61 
3614	111 
3615	192 
3616	28 
3617	27 
3618	183 
3619	98 
3620	136 
3621	82 
3622	97 
3623	129 
3624	150 
3625	151 
3626	134 
3627	62 
3628	111 
3629	82 
3630	201 
3631	3 
3632	133 
3633	76 
3634	8 
3635	112 
3636	59 
3637	180 
3638	101 
3639	7 
3640	123 
3641	202 
3642	25 
3643	15 
3644	147 
3645	53 
3646	76 
3647	70 
3648	15 
3649	119 
3650	130 
3651	76 
3652	145 
3653	116 
3654	62 
3655	46 
3656	148 
3657	198 
3658	163 
3659	20 
3660	198 
3661	88 
3662	118 
3663	193 
3664	118 
3665	4 
3666	48 
3667	51 
3668	160 
3669	96 
3670	49 
3671	161 
3672	199 
3673	41 
3674	98 
3675	132 
3676	86 
3677	110 
3678	83 
3679	63 
3680	7 
3681	60 
3682	151 
3683	95 
3684	59 
3685	121 
3686	30 
3687	5 
3688	46 
3689	61 
3690	151 
3691	64 
3692	104 
3693	24 
3694	96 
3695	74 
3696	135 
3697	4 
3698	33 
3699	132 
3700	7 
3701	73 
3702	177 
3703	156 
3704	19 
3705	147 
3706	166 
3707	169 
3708	123 
3709	185 
3710	3 
3711	95 
3712	56 
3713	7 
3714	7 
3715	122 
3716	68 
3717	33 
3718	76 
3719	20 
3720	51 
3721	183 
3722	68 
3723	133 
3724	99 
3725	73 
3726	33 
3727	197 
3728	50 
3729	101 
3730	16 
3731	132 
3732	48 
3733	163 
3734	111 
3735	8 
3736	106 
3737	91 
3738	199 
3739	36 
3740	174 
3741	144 
3742	118 
3743	134 
3744	157 
3745	90 
3746	31 
3747	164 
3748	13 
3749	132 
3750	163 
3751	68 
3752	43 
3753	178 
3754	55 
3755	109 
3756	113 
3757	100 
3758	43 
3759	131 
3760	15 
3761	189 
3762	143 
3763	166 
3764	91 
3765	31 
3766	13 
3767	61 
3768	48 
3769	49 
3770	27 
3771	7 
3772	14 
3773	69 
3774	86 
3775	181 
3776	61 
3777	7 
3778	26 
3779	149 
3780	40 
3781	198 
3782	132 
3783	4 
3784	17 
3785	137 
3786	107 
3787	137 
3788	112 
3789	111 
3790	120 
3791	197 
3792	83 
3793	168 
3794	73 
3795	140 
3796	182 
3797	112 
3798	131 
3799	53 
3800	19 
3801	111 
3802	1 
3803	37 
3804	113 
3805	178 
3806	201 
3807	64 
3808	68 
3809	173 
3810	102 
3811	17 
3812	5 
3813	119 
3814	190 
3815	8 
3816	128 
3817	164 
3818	174 
3819	37 
3820	163 
3821	151 
3822	53 
3823	167 
3824	107 
3825	192 
3826	44 
3827	159 
3828	8 
3829	28 
3830	36 
3831	202 
3832	65 
3833	174 
3834	119 
3835	179 
3836	46 
3837	50 
3838	158 
3839	172 
3840	187 
3841	163 
3842	6 
3843	62 
3844	69 
3845	3 
3846	41 
3847	158 
3848	156 
3849	38 
3850	95 
3851	160 
3852	95 
3853	20 
3854	178 
3855	137 
3856	97 
3857	160 
3858	113 
3859	119 
3860	174 
3861	160 
3862	60 
3863	160 
3864	49 
3865	185 
3866	160 
3867	192 
3868	149 
3869	149 
3870	62 
3871	89 
3872	40 
3873	14 
3874	74 
3875	125 
3876	89 
3877	40 
3878	15 
3879	59 
3880	167 
3881	11 
3882	111 
3883	34 
3884	85 
3885	36 
3886	48 
3887	106 
3888	27 
3889	173 
3890	15 
3891	23 
3892	167 
3893	197 
3894	180 
3895	24 
3896	198 
3897	66 
3898	168 
3899	126 
3900	117 
3901	90 
3902	34 
3903	53 
3904	14 
3905	8 
3906	167 
3907	68 
3908	122 
3909	82 
3910	160 
3911	98 
3912	29 
3913	45 
3914	178 
3915	35 
3916	178 
3917	100 
3918	65 
3919	35 
3920	166 
3921	21 
3922	112 
3923	184 
3924	48 
3925	77 
3926	160 
3927	199 
3928	27 
3929	97 
3930	88 
3931	159 
3932	72 
3933	136 
3934	105 
3935	4 
3936	173 
3937	159 
3938	27 
3939	2 
3940	160 
3941	64 
3942	124 
3943	28 
3944	193 
3945	194 
3946	129 
3947	152 
3948	19 
3949	111 
3950	172 
3951	102 
3952	129 
3953	193 
3954	168 
3955	118 
3956	120 
3957	64 
3958	27 
3959	160 
3960	125 
3961	34 
3962	85 
3963	183 
3964	191 
3965	173 
3966	138 
3967	44 
3968	104 
3969	132 
3970	156 
3971	94 
3972	77 
3973	97 
3974	69 
3975	20 
3976	191 
3977	65 
3978	62 
3979	11 
3980	114 
3981	147 
3982	34 
3983	137 
3984	45 
3985	123 
3986	114 
3987	166 
3988	43 
3989	46 
3990	160 
3991	169 
3992	36 
3993	15 
3994	26 
3995	126 
3996	99 
3997	182 
3998	181 
3999	63 
4000	45 
4001	61 
4002	46 
4003	197 
4004	111 
4005	63 
4006	44 
4007	19 
4008	117 
4009	99 
4010	172 
4011	42 
4012	163 
4013	4 
4014	109 
4015	37 
4016	49 
4017	102 
4018	50 
4019	191 
4020	184 
4021	184 
4022	94 
4023	184 
4024	181 
4025	30 
4026	114 
4027	68 
4028	82 
4029	160 
4030	152 
4031	15 
4032	40 
4033	202 
4034	178 
4035	136 
4036	118 
4037	48 
4038	82 
4039	116 
4040	145 
4041	74 
4042	88 
4043	66 
4044	50 
4045	120 
4046	172 
4047	169 
4048	74 
4049	184 
4050	190 
4051	155 
4052	179 
4053	163 
4054	40 
4055	19 
4056	86 
4057	136 
4058	151 
4059	48 
4060	182 
4061	110 
4062	64 
4063	49 
4064	95 
4065	134 
4066	15 
4067	36 
4068	104 
4069	178 
4070	99 
4071	95 
4072	184 
4073	118 
4074	19 
4075	48 
4076	4 
4077	46 
4078	129 
4079	86 
4080	177 
4081	193 
4082	184 
4083	129 
4084	23 
4085	111 
4086	128 
4087	94 
4088	146 
4089	147 
4090	104 
4091	110 
4092	178 
4093	121 
4094	198 
4095	160 
4096	169 
4097	94 
4098	202 
4099	14 
4100	174 
4101	116 
4102	3 
4103	20 
4104	79 
4105	19 
4106	86 
4107	60 
4108	107 
4109	3 
4110	174 
4111	172 
4112	194 
4113	114 
4114	100 
4115	3 
4116	88 
4117	95 
4118	36 
4119	34 
4120	100 
4121	11 
4122	166 
4123	33 
4124	23 
4125	34 
4126	149 
4127	147 
4128	173 
4129	148 
4130	110 
4131	137 
4132	63 
4133	91 
4134	85 
4135	163 
4136	121 
4137	193 
4138	156 
4139	110 
4140	66 
4141	167 
4142	68 
4143	146 
4144	170 
4145	101 
4146	49 
4147	181 
4148	53 
4149	169 
4150	157 
4151	15 
4152	26 
4153	198 
4154	25 
4155	7 
4156	76 
4157	179 
4158	163 
4159	125 
4160	8 
4161	35 
4162	30 
4163	169 
4164	82 
4165	4 
4166	7 
4167	164 
4168	24 
4169	145 
4170	46 
4171	56 
4172	14 
4173	46 
4174	44 
4175	152 
4176	164 
4177	41 
4178	82 
4179	149 
4180	155 
4181	96 
4182	194 
4183	33 
4184	66 
4185	180 
4186	192 
4187	77 
4188	56 
4189	104 
4190	65 
4191	74 
4192	170 
4193	125 
4194	14 
4195	116 
4196	163 
4197	185 
4198	135 
4199	35 
4200	99 
4201	169 
4202	68 
4203	37 
4204	46 
4205	99 
4206	111 
4207	99 
4208	16 
4209	166 
4210	189 
4211	62 
4212	16 
4213	170 
4214	193 
4215	164 
4216	164 
4217	172 
4218	45 
4219	24 
4220	23 
4221	169 
4222	72 
4223	62 
4224	135 
4225	111 
4226	21 
4227	137 
4228	26 
4229	145 
4230	4 
4231	86 
4232	20 
4233	197 
4234	6 
4235	102 
4236	112 
4237	191 
4238	2 
4239	16 
4240	184 
4241	34 
4242	164 
4243	173 
4244	94 
4245	79 
4246	138 
4247	17 
4248	94 
4249	99 
4250	119 
4251	41 
4252	179 
4253	180 
4254	17 
4255	148 
4256	15 
4257	64 
4258	120 
4259	31 
4260	15 
4261	145 
4262	160 
4263	107 
4264	111 
4265	7 
4266	177 
4267	198 
4268	104 
4269	173 
4270	65 
4271	197 
4272	33 
4273	35 
4274	198 
4275	166 
4276	147 
4277	146 
4278	100 
4279	193 
4280	97 
4281	62 
4282	151 
4283	131 
4284	36 
4285	17 
4286	200 
4287	192 
4288	16 
4289	42 
4290	107 
4291	169 
4292	40 
4293	14 
4294	173 
4295	184 
4296	166 
4297	117 
4298	169 
4299	101 
4300	43 
4301	68 
4302	198 
4303	145 
4304	85 
4305	8 
4306	152 
4307	145 
4308	138 
4309	156 
4310	2 
4311	11 
4312	101 
4313	160 
4314	15 
4315	49 
4316	6 
4317	128 
4318	121 
4319	191 
4320	90 
4321	88 
4322	8 
4323	114 
4324	166 
4325	156 
4326	110 
4327	49 
4328	201 
4329	194 
4330	34 
4331	189 
4332	100 
4333	192 
4334	138 
4335	192 
4336	166 
4337	11 
4338	111 
4339	136 
4340	14 
4341	120 
4342	101 
4343	174 
4344	160 
4345	111 
4346	107 
4347	33 
4348	199 
4349	88 
4350	41 
4351	46 
4352	68 
4353	44 
4354	98 
4355	66 
4356	110 
4357	11 
4358	6 
4359	189 
4360	3 
4361	88 
4362	192 
4363	62 
4364	72 
4365	107 
4366	3 
4367	117 
4368	137 
4369	191 
4370	8 
4371	148 
4372	107 
4373	7 
4374	148 
4375	2 
4376	145 
4377	118 
4378	112 
4379	31 
4380	21 
4381	166 
4382	160 
4383	190 
4384	42 
4385	50 
4386	120 
4387	97 
4388	113 
4389	136 
4390	120 
4391	199 
4392	184 
4393	156 
4394	85 
4395	116 
4396	82 
4397	192 
4398	89 
4399	85 
4400	28 
4401	200 
4402	68 
4403	35 
4404	38 
4405	65 
4406	86 
4407	59 
4408	15 
4409	192 
4410	198 
4411	101 
4412	61 
4413	28 
4414	15 
4415	85 
4416	97 
4417	50 
4418	88 
4419	160 
4420	194 
4421	120 
4422	65 
4423	198 
4424	107 
4425	173 
4426	11 
4427	105 
4428	166 
4429	79 
4430	88 
4431	169 
4432	29 
4433	27 
4434	135 
4435	72 
4436	100 
4437	30 
4438	72 
4439	6 
4440	128 
4441	136 
4442	29 
4443	82 
4444	21 
4445	89 
4446	112 
4447	28 
4448	62 
4449	88 
4450	120 
4451	192 
4452	99 
4453	31 
4454	36 
4455	62 
4456	64 
4457	201 
4458	89 
4459	98 
4460	114 
4461	164 
4462	201 
4463	28 
4464	178 
4465	104 
4466	116 
4467	201 
4468	4 
4469	160 
4470	86 
4471	77 
4472	190 
4473	48 
4474	112 
4475	104 
4476	170 
4477	120 
4478	17 
4479	163 
4480	49 
4481	19 
4482	159 
4483	46 
4484	104 
4485	86 
4486	102 
4487	112 
4488	132 
4489	26 
4490	178 
4491	21 
4492	64 
4493	14 
4494	27 
4495	173 
4496	126 
4497	145 
4498	163 
4499	113 
4500	126 
4501	44 
4502	199 
4503	151 
4504	21 
4505	138 
4506	49 
4507	169 
4508	86 
4509	28 
4510	29 
4511	107 
4512	179 
4513	112 
4514	149 
4515	28 
4516	180 
4517	77 
4518	77 
4519	199 
4520	117 
4521	95 
4522	138 
4523	134 
4524	137 
4525	147 
4526	148 
4527	178 
4528	167 
4529	46 
4530	104 
4531	117 
4532	56 
4533	192 
4534	112 
4535	30 
4536	50 
4537	2 
4538	11 
4539	201 
4540	163 
4541	17 
4542	151 
4543	68 
4544	77 
4545	134 
4546	34 
4547	26 
4548	35 
4549	167 
4550	15 
4551	2 
4552	66 
4553	96 
4554	46 
4555	34 
4556	119 
4557	28 
4558	145 
4559	132 
4560	192 
4561	169 
4562	62 
4563	163 
4564	33 
4565	180 
4566	199 
4567	85 
4568	15 
4569	100 
4570	174 
4571	202 
4572	179 
4573	28 
4574	43 
4575	29 
4576	201 
4577	51 
4578	128 
4579	11 
4580	180 
4581	136 
4582	107 
4583	88 
4584	99 
4585	61 
4586	173 
4587	147 
4588	68 
4589	98 
4590	46 
4591	4 
4592	72 
4593	102 
4594	4 
4595	36 
4596	126 
4597	182 
4598	4 
4599	201 
4600	95 
4601	119 
4602	101 
4603	30 
4604	120 
4605	24 
4606	33 
4607	16 
4608	20 
4609	46 
4610	29 
4611	8 
4612	77 
4613	159 
4614	63 
4615	65 
4616	107 
4617	111 
4618	190 
4619	136 
4620	169 
4621	1 
4622	169 
4623	199 
4624	43 
4625	179 
4626	94 
4627	178 
4628	43 
4629	159 
4630	61 
4631	45 
4632	48 
4633	131 
4634	104 
4635	82 
4636	42 
4637	174 
4638	199 
4639	15 
4640	160 
4641	40 
4642	16 
4643	88 
4644	178 
4645	48 
4646	184 
4647	119 
4648	182 
4649	19 
4650	201 
4651	62 
4652	40 
4653	30 
4654	97 
4655	192 
4656	125 
4657	125 
4658	8 
4659	95 
4660	136 
4661	44 
4662	145 
4663	99 
4664	48 
4665	8 
4666	4 
4667	138 
4668	38 
4669	125 
4670	7 
4671	164 
4672	199 
4673	118 
4674	74 
4675	86 
4676	96 
4677	137 
4678	199 
4679	96 
4680	98 
4681	126 
4682	201 
4683	33 
4684	116 
4685	7 
4686	85 
4687	30 
4688	26 
4689	72 
4690	104 
4691	74 
4692	128 
4693	145 
4694	40 
4695	159 
4696	14 
4697	34 
4698	76 
4699	1 
4700	190 
4701	7 
4702	61 
4703	180 
4704	174 
4705	34 
4706	4 
4707	35 
4708	99 
4709	164 
4710	61 
4711	19 
4712	178 
4713	125 
4714	97 
4715	120 
4716	125 
4717	145 
4718	74 
4719	119 
4720	51 
4721	190 
4722	29 
4723	41 
4724	21 
4725	182 
4726	164 
4727	99 
4728	31 
4729	72 
4730	89 
4731	35 
4732	99 
4733	88 
4734	7 
4735	102 
4736	48 
4737	128 
4738	163 
4739	159 
4740	125 
4741	8 
4742	82 
4743	98 
4744	173 
4745	202 
4746	182 
4747	173 
4748	26 
4749	68 
4750	17 
4751	35 
4752	199 
4753	120 
4754	11 
4755	107 
4756	169 
4757	89 
4758	43 
4759	132 
4760	7 
4761	42 
4762	47 
4763	33 
4764	164 
4765	46 
4766	14 
4767	29 
4768	136 
4769	46 
4770	43 
4771	44 
4772	1 
4773	21 
4774	98 
4775	42 
4776	125 
4777	35 
4778	7 
4779	61 
4780	107 
4781	72 
4782	116 
4783	126 
4784	184 
4785	29 
4786	117 
4787	89 
4788	125 
4789	43 
4790	82 
4791	126 
4792	179 
4793	46 
4794	100 
4795	137 
4796	31 
4797	16 
4798	99 
4799	77 
4800	99 
4801	160 
4802	111 
4803	30 
4804	49 
4805	56 
4806	14 
4807	46 
4808	101 
4809	8 
4810	42 
4811	31 
4812	107 
4813	19 
4814	44 
4815	177 
4816	132 
4817	3 
4818	72 
4819	29 
4820	34 
4821	7 
4822	101 
4823	177 
4824	88 
4825	177 
4826	44 
4827	31 
4828	164 
4829	44 
4830	177 
4831	85 
4832	33 
4833	4 
4834	117 
4835	182 
4836	46 
4837	98 
4838	82 
4839	151 
4840	100 
4841	85 
4842	4 
4843	169 
4844	1 
4845	173 
4846	4 
4847	118 
4848	98 
4849	31 
4850	43 
4851	77 
4852	8 
4853	199 
4854	98 
4855	96 
4856	182 
4857	199 
4858	11 
4859	29 
4860	120 
4861	19 
4862	77 
4863	33 
4864	82 
4865	36 
4866	68 
4867	68 
4868	97 
4869	66 
4870	44 
4871	41 
4872	28 
4873	27 
4874	85 
4875	100 
4876	82 
4877	137 
4878	99 
4879	125 
4880	35 
4881	56 
4882	202 
4883	169 
4884	118 
4885	101 
4886	128 
4887	151 
4888	34 
4889	120 
4890	118 
4891	8 
4892	167 
4893	100 
4894	98 
4895	163 
4896	47 
4897	17 
4898	46 
4899	42 
4900	4 
4901	49 
4902	137 
4903	95 
4904	202 
4905	95 
4906	116 
4907	34 
4908	4 
4909	33 
4910	180 
4911	202 
4912	86 
4913	173 
4914	118 
4915	201 
4916	77 
4917	104 
4918	28 
4919	29 
4920	64 
4921	167 
4922	137 
4923	14 
4924	148 
4925	198 
4926	17 
4927	112 
4928	98 
4929	118 
4930	4 
4931	46 
4932	184 
4933	85 
4934	169 
4935	112 
4936	148 
4937	7 
4938	21 
4939	173 
4940	14 
4941	15 
4942	157 
4943	101 
4944	99 
4945	48 
4946	199 
4947	148 
4948	96 
4949	137 
4950	169 
4951	85 
4952	15 
4953	46 
4954	178 
4955	49 
4956	180 
4957	15 
4958	173 
4959	107 
4960	151 
4961	163 
4962	167 
4963	31 
4964	112 
4965	19 
4966	99 
4967	157 
4968	151 
4969	145 
4970	41 
4971	190 
4972	173 
4973	74 
4974	36 
4975	61 
4976	36 
4977	43 
4978	49 
4979	15 
4980	173 
4981	34 
4982	128 
4983	35 
4984	88 
4985	1 
4986	14 
4987	16 
4988	76 
4989	28 
4990	192 
4991	166 
4992	66 
4993	126 
4994	116 
4995	157 
4996	167 
4997	21 
4998	160 
4999	157 
5000	11 
