1	125 
2	193 
3	105 
4	17 
5	129 
6	193 
7	41 
8	145 
9	185 
10	82 
11	201 
12	113 
13	121 
14	206 
15	137 
16	59 
17	157 
18	14 
19	98 
20	37 
21	61 
22	126 
23	42 
24	41 
25	22 
26	204 
27	126 
28	184 
29	149 
30	91 
31	205 
32	20 
33	146 
34	38 
35	63 
36	8 
37	54 
38	159 
39	50 
40	134 
41	52 
42	9 
43	103 
44	9 
45	1 
46	146 
47	31 
48	41 
49	196 
50	137 
51	180 
52	68 
53	67 
54	146 
55	117 
56	145 
57	91 
58	36 
59	174 
60	180 
61	188 
62	51 
63	3 
64	35 
65	137 
66	191 
67	194 
68	170 
69	132 
70	24 
71	139 
72	159 
73	149 
74	90 
75	28 
76	26 
77	15 
78	195 
79	31 
80	40 
81	141 
82	196 
83	106 
84	105 
85	182 
86	41 
87	191 
88	34 
89	132 
90	183 
91	199 
92	116 
93	19 
94	62 
95	30 
96	128 
97	102 
98	116 
99	87 
100	151 
101	73 
102	129 
103	34 
104	46 
105	130 
106	44 
107	151 
108	168 
109	56 
110	138 
111	117 
112	163 
113	207 
114	8 
115	168 
116	116 
117	65 
118	3 
119	107 
120	107 
121	23 
122	17 
123	69 
124	171 
125	67 
126	169 
127	139 
128	12 
129	28 
130	17 
131	83 
132	121 
133	67 
134	95 
135	203 
136	11 
137	202 
138	157 
139	17 
140	119 
141	35 
142	5 
143	184 
144	83 
145	195 
146	58 
147	189 
148	141 
149	94 
150	72 
151	168 
152	141 
153	9 
154	42 
155	78 
156	96 
157	96 
158	40 
159	128 
160	104 
161	125 
162	172 
163	135 
164	160 
165	137 
166	41 
167	75 
168	15 
169	164 
170	150 
171	35 
172	187 
173	148 
174	87 
175	103 
176	163 
177	42 
178	12 
179	127 
180	57 
181	36 
182	188 
183	95 
184	149 
185	36 
186	48 
187	2 
188	153 
189	153 
190	126 
191	195 
192	78 
193	152 
194	75 
195	172 
196	170 
197	14 
198	58 
199	123 
200	45 
201	114 
202	42 
203	29 
204	111 
205	161 
206	138 
207	45 
208	148 
209	102 
210	91 
211	90 
212	181 
213	114 
214	160 
215	141 
216	104 
217	39 
218	39 
219	119 
220	28 
221	162 
222	78 
223	131 
224	97 
225	93 
226	193 
227	111 
228	36 
229	91 
230	149 
231	100 
232	57 
233	94 
234	84 
235	200 
236	35 
237	175 
238	162 
239	55 
240	204 
241	164 
242	25 
243	81 
244	160 
245	125 
246	18 
247	108 
248	179 
249	38 
250	88 
251	174 
252	95 
253	48 
254	191 
255	11 
256	82 
257	33 
258	71 
259	136 
260	1 
261	162 
262	62 
263	96 
264	2 
265	169 
266	13 
267	17 
268	174 
269	56 
270	87 
271	157 
272	31 
273	155 
274	127 
275	168 
276	122 
277	153 
278	105 
279	88 
280	111 
281	75 
282	154 
283	109 
284	42 
285	100 
286	185 
287	54 
288	123 
289	200 
290	67 
291	95 
292	120 
293	166 
294	15 
295	143 
296	140 
297	40 
298	186 
299	142 
300	206 
301	140 
302	32 
303	71 
304	26 
305	198 
306	46 
307	199 
308	120 
309	31 
310	110 
311	10 
312	59 
313	90 
314	114 
315	13 
316	58 
317	34 
318	20 
319	30 
320	195 
321	115 
322	59 
323	44 
324	133 
325	200 
326	106 
327	203 
328	87 
329	65 
330	11 
331	18 
332	21 
333	78 
334	63 
335	82 
336	202 
337	113 
338	168 
339	44 
340	34 
341	89 
342	156 
343	138 
344	126 
345	53 
346	94 
347	183 
348	98 
349	82 
350	30 
351	140 
352	136 
353	92 
354	112 
355	78 
356	204 
357	161 
358	207 
359	23 
360	94 
361	119 
362	120 
363	112 
364	80 
365	186 
366	91 
367	168 
368	3 
369	198 
370	65 
371	38 
372	53 
373	178 
374	23 
375	53 
376	45 
377	8 
378	167 
379	110 
380	91 
381	172 
382	4 
383	32 
384	191 
385	7 
386	103 
387	122 
388	15 
389	94 
390	82 
391	32 
392	11 
393	74 
394	32 
395	82 
396	205 
397	34 
398	162 
399	52 
400	96 
401	170 
402	60 
403	74 
404	14 
405	24 
406	53 
407	120 
408	141 
409	20 
410	156 
411	165 
412	190 
413	126 
414	71 
415	11 
416	170 
417	181 
418	129 
419	60 
420	193 
421	105 
422	57 
423	109 
424	121 
425	188 
426	199 
427	29 
428	122 
429	199 
430	64 
431	3 
432	18 
433	126 
434	30 
435	176 
436	197 
437	155 
438	57 
439	129 
440	205 
441	76 
442	37 
443	28 
444	4 
445	124 
446	174 
447	81 
448	200 
449	110 
450	204 
451	51 
452	4 
453	86 
454	59 
455	170 
456	66 
457	126 
458	149 
459	37 
460	150 
461	148 
462	120 
463	118 
464	107 
465	77 
466	30 
467	169 
468	126 
469	117 
470	17 
471	40 
472	43 
473	80 
474	94 
475	160 
476	72 
477	104 
478	45 
479	146 
480	42 
481	18 
482	186 
483	181 
484	131 
485	199 
486	163 
487	17 
488	4 
489	131 
490	94 
491	202 
492	125 
493	193 
494	189 
495	160 
496	148 
497	114 
498	8 
499	74 
500	38 
501	52 
502	46 
503	77 
504	205 
505	183 
506	62 
507	181 
508	24 
509	184 
510	105 
511	63 
512	131 
513	74 
514	59 
515	161 
516	177 
517	151 
518	203 
519	156 
520	195 
521	9 
522	151 
523	4 
524	66 
525	82 
526	193 
527	77 
528	80 
529	171 
530	174 
531	179 
532	150 
533	77 
534	153 
535	168 
536	157 
537	51 
538	152 
539	19 
540	149 
541	74 
542	55 
543	110 
544	124 
545	191 
546	43 
547	5 
548	128 
549	15 
550	146 
551	157 
552	134 
553	20 
554	105 
555	188 
556	22 
557	31 
558	40 
559	41 
560	191 
561	5 
562	125 
563	55 
564	145 
565	86 
566	188 
567	186 
568	140 
569	101 
570	36 
571	51 
572	131 
573	119 
574	142 
575	111 
576	161 
577	105 
578	105 
579	44 
580	161 
581	198 
582	126 
583	185 
584	112 
585	43 
586	181 
587	23 
588	143 
589	125 
590	190 
591	189 
592	160 
593	30 
594	178 
595	17 
596	163 
597	197 
598	82 
599	59 
600	36 
601	146 
602	172 
603	151 
604	94 
605	191 
606	15 
607	195 
608	75 
609	96 
610	176 
611	77 
612	139 
613	165 
614	125 
615	54 
616	35 
617	175 
618	102 
619	147 
620	98 
621	198 
622	181 
623	78 
624	78 
625	68 
626	158 
627	164 
628	121 
629	88 
630	137 
631	125 
632	158 
633	70 
634	87 
635	136 
636	84 
637	138 
638	133 
639	10 
640	150 
641	41 
642	20 
643	17 
644	168 
645	126 
646	66 
647	117 
648	44 
649	4 
650	173 
651	127 
652	199 
653	113 
654	17 
655	63 
656	150 
657	150 
658	71 
659	42 
660	96 
661	158 
662	189 
663	93 
664	39 
665	118 
666	35 
667	119 
668	193 
669	110 
670	168 
671	138 
672	145 
673	94 
674	46 
675	148 
676	112 
677	84 
678	57 
679	138 
680	38 
681	27 
682	55 
683	105 
684	153 
685	55 
686	150 
687	78 
688	165 
689	182 
690	202 
691	170 
692	99 
693	163 
694	163 
695	99 
696	91 
697	18 
698	31 
699	168 
700	130 
701	207 
702	166 
703	189 
704	41 
705	119 
706	187 
707	76 
708	167 
709	100 
710	71 
711	44 
712	146 
713	104 
714	80 
715	99 
716	177 
717	17 
718	75 
719	150 
720	128 
721	140 
722	65 
723	99 
724	33 
725	146 
726	74 
727	79 
728	177 
729	46 
730	55 
731	94 
732	205 
733	87 
734	41 
735	141 
736	85 
737	66 
738	82 
739	151 
740	6 
741	65 
742	62 
743	80 
744	54 
745	206 
746	77 
747	94 
748	152 
749	69 
750	6 
751	17 
752	125 
753	36 
754	30 
755	151 
756	205 
757	18 
758	142 
759	96 
760	11 
761	196 
762	179 
763	48 
764	107 
765	14 
766	90 
767	145 
768	196 
769	168 
770	141 
771	21 
772	89 
773	8 
774	117 
775	184 
776	7 
777	78 
778	23 
779	31 
780	133 
781	86 
782	26 
783	78 
784	59 
785	131 
786	182 
787	83 
788	52 
789	82 
790	73 
791	135 
792	13 
793	44 
794	121 
795	152 
796	78 
797	199 
798	194 
799	170 
800	160 
801	125 
802	191 
803	72 
804	187 
805	170 
806	134 
807	198 
808	37 
809	6 
810	110 
811	57 
812	51 
813	110 
814	107 
815	137 
816	190 
817	156 
818	107 
819	121 
820	93 
821	87 
822	88 
823	41 
824	186 
825	157 
826	149 
827	70 
828	20 
829	2 
830	41 
831	74 
832	170 
833	79 
834	190 
835	13 
836	133 
837	181 
838	78 
839	10 
840	73 
841	35 
842	44 
843	94 
844	21 
845	57 
846	101 
847	107 
848	100 
849	138 
850	67 
851	22 
852	49 
853	173 
854	79 
855	19 
856	108 
857	82 
858	72 
859	78 
860	15 
861	48 
862	74 
863	123 
864	178 
865	179 
866	95 
867	73 
868	13 
869	121 
870	37 
871	97 
872	181 
873	123 
874	64 
875	23 
876	204 
877	132 
878	102 
879	151 
880	102 
881	165 
882	85 
883	37 
884	167 
885	79 
886	119 
887	100 
888	126 
889	158 
890	82 
891	121 
892	97 
893	198 
894	198 
895	176 
896	154 
897	84 
898	41 
899	170 
900	179 
901	128 
902	177 
903	180 
904	3 
905	26 
906	198 
907	31 
908	120 
909	56 
910	60 
911	77 
912	174 
913	59 
914	205 
915	75 
916	167 
917	98 
918	161 
919	68 
920	161 
921	136 
922	78 
923	81 
924	195 
925	193 
926	151 
927	204 
928	190 
929	9 
930	101 
931	105 
932	77 
933	86 
934	114 
935	30 
936	153 
937	42 
938	90 
939	37 
940	70 
941	94 
942	18 
943	179 
944	153 
945	55 
946	74 
947	178 
948	27 
949	30 
950	114 
951	176 
952	142 
953	61 
954	76 
955	42 
956	109 
957	55 
958	124 
959	46 
960	206 
961	180 
962	51 
963	4 
964	75 
965	140 
966	207 
967	125 
968	176 
969	187 
970	23 
971	54 
972	78 
973	157 
974	203 
975	154 
976	54 
977	124 
978	52 
979	113 
980	12 
981	98 
982	105 
983	84 
984	183 
985	130 
986	190 
987	205 
988	90 
989	1 
990	54 
991	135 
992	22 
993	37 
994	44 
995	121 
996	55 
997	145 
998	2 
999	88 
1000	186 
1001	159 
1002	7 
1003	137 
1004	73 
1005	37 
1006	42 
1007	86 
1008	139 
1009	102 
1010	148 
1011	66 
1012	168 
1013	106 
1014	114 
1015	55 
1016	188 
1017	202 
1018	11 
1019	175 
1020	42 
1021	55 
1022	97 
1023	82 
1024	53 
1025	139 
1026	191 
1027	188 
1028	48 
1029	145 
1030	172 
1031	105 
1032	125 
1033	152 
1034	87 
1035	45 
1036	170 
1037	131 
1038	48 
1039	56 
1040	124 
1041	172 
1042	36 
1043	38 
1044	38 
1045	78 
1046	162 
1047	120 
1048	177 
1049	41 
1050	108 
1051	152 
1052	39 
1053	36 
1054	120 
1055	32 
1056	61 
1057	146 
1058	44 
1059	136 
1060	19 
1061	96 
1062	128 
1063	91 
1064	46 
1065	202 
1066	55 
1067	175 
1068	41 
1069	194 
1070	140 
1071	47 
1072	111 
1073	59 
1074	119 
1075	130 
1076	17 
1077	65 
1078	61 
1079	54 
1080	91 
1081	186 
1082	59 
1083	87 
1084	93 
1085	207 
1086	139 
1087	149 
1088	49 
1089	22 
1090	27 
1091	118 
1092	24 
1093	1 
1094	107 
1095	8 
1096	32 
1097	52 
1098	108 
1099	39 
1100	108 
1101	120 
1102	152 
1103	61 
1104	184 
1105	96 
1106	116 
1107	43 
1108	161 
1109	126 
1110	135 
1111	181 
1112	126 
1113	38 
1114	176 
1115	3 
1116	122 
1117	14 
1118	124 
1119	35 
1120	3 
1121	161 
1122	125 
1123	126 
1124	186 
1125	156 
1126	10 
1127	121 
1128	59 
1129	198 
1130	9 
1131	30 
1132	6 
1133	4 
1134	192 
1135	7 
1136	22 
1137	1 
1138	102 
1139	28 
1140	7 
1141	98 
1142	101 
1143	115 
1144	164 
1145	15 
1146	201 
1147	154 
1148	105 
1149	140 
1150	152 
1151	143 
1152	33 
1153	152 
1154	135 
1155	85 
1156	162 
1157	182 
1158	36 
1159	22 
1160	205 
1161	53 
1162	163 
1163	121 
1164	121 
1165	128 
1166	65 
1167	158 
1168	91 
1169	64 
1170	192 
1171	176 
1172	31 
1173	149 
1174	113 
1175	59 
1176	193 
1177	117 
1178	140 
1179	10 
1180	175 
1181	162 
1182	134 
1183	94 
1184	170 
1185	119 
1186	9 
1187	14 
1188	148 
1189	173 
1190	167 
1191	110 
1192	205 
1193	180 
1194	203 
1195	176 
1196	185 
1197	5 
1198	58 
1199	191 
1200	61 
1201	71 
1202	186 
1203	110 
1204	13 
1205	142 
1206	78 
1207	16 
1208	76 
1209	188 
1210	184 
1211	145 
1212	157 
1213	193 
1214	135 
1215	38 
1216	191 
1217	168 
1218	101 
1219	63 
1220	37 
1221	28 
1222	91 
1223	108 
1224	99 
1225	147 
1226	154 
1227	125 
1228	170 
1229	123 
1230	37 
1231	71 
1232	198 
1233	132 
1234	91 
1235	193 
1236	124 
1237	157 
1238	116 
1239	44 
1240	18 
1241	16 
1242	79 
1243	194 
1244	127 
1245	203 
1246	143 
1247	36 
1248	104 
1249	69 
1250	186 
1251	144 
1252	148 
1253	92 
1254	110 
1255	82 
1256	205 
1257	97 
1258	43 
1259	120 
1260	71 
1261	37 
1262	110 
1263	205 
1264	50 
1265	57 
1266	160 
1267	91 
1268	186 
1269	153 
1270	3 
1271	198 
1272	141 
1273	117 
1274	111 
1275	95 
1276	59 
1277	16 
1278	200 
1279	24 
1280	74 
1281	134 
1282	129 
1283	75 
1284	139 
1285	125 
1286	179 
1287	128 
1288	124 
1289	163 
1290	156 
1291	20 
1292	105 
1293	2 
1294	71 
1295	114 
1296	27 
1297	143 
1298	10 
1299	146 
1300	105 
1301	56 
1302	3 
1303	8 
1304	110 
1305	37 
1306	136 
1307	177 
1308	89 
1309	44 
1310	195 
1311	37 
1312	76 
1313	31 
1314	120 
1315	139 
1316	139 
1317	102 
1318	193 
1319	190 
1320	179 
1321	135 
1322	132 
1323	140 
1324	168 
1325	89 
1326	11 
1327	78 
1328	42 
1329	195 
1330	81 
1331	107 
1332	129 
1333	195 
1334	203 
1335	158 
1336	163 
1337	18 
1338	152 
1339	133 
1340	109 
1341	24 
1342	25 
1343	18 
1344	72 
1345	24 
1346	70 
1347	65 
1348	107 
1349	126 
1350	75 
1351	94 
1352	95 
1353	39 
1354	65 
1355	52 
1356	188 
1357	89 
1358	135 
1359	25 
1360	205 
1361	5 
1362	173 
1363	191 
1364	63 
1365	138 
1366	91 
1367	142 
1368	187 
1369	168 
1370	163 
1371	163 
1372	36 
1373	60 
1374	205 
1375	12 
1376	16 
1377	64 
1378	125 
1379	92 
1380	119 
1381	106 
1382	78 
1383	43 
1384	56 
1385	159 
1386	72 
1387	74 
1388	16 
1389	70 
1390	151 
1391	123 
1392	169 
1393	164 
1394	36 
1395	100 
1396	75 
1397	55 
1398	114 
1399	9 
1400	86 
1401	5 
1402	27 
1403	139 
1404	39 
1405	80 
1406	154 
1407	36 
1408	129 
1409	120 
1410	39 
1411	171 
1412	144 
1413	191 
1414	108 
1415	167 
1416	191 
1417	15 
1418	56 
1419	70 
1420	108 
1421	58 
1422	107 
1423	74 
1424	38 
1425	83 
1426	92 
1427	9 
1428	196 
1429	166 
1430	89 
1431	92 
1432	63 
1433	46 
1434	149 
1435	52 
1436	39 
1437	35 
1438	150 
1439	74 
1440	206 
1441	191 
1442	58 
1443	74 
1444	184 
1445	165 
1446	117 
1447	54 
1448	110 
1449	202 
1450	64 
1451	59 
1452	143 
1453	181 
1454	203 
1455	161 
1456	179 
1457	27 
1458	162 
1459	194 
1460	113 
1461	204 
1462	86 
1463	165 
1464	27 
1465	143 
1466	50 
1467	119 
1468	52 
1469	31 
1470	159 
1471	61 
1472	39 
1473	182 
1474	12 
1475	119 
1476	149 
1477	21 
1478	121 
1479	12 
1480	23 
1481	128 
1482	185 
1483	182 
1484	140 
1485	166 
1486	166 
1487	56 
1488	165 
1489	151 
1490	132 
1491	109 
1492	185 
1493	74 
1494	100 
1495	39 
1496	165 
1497	101 
1498	85 
1499	190 
1500	75 
1501	43 
1502	198 
1503	89 
1504	177 
1505	85 
1506	150 
1507	58 
1508	12 
1509	97 
1510	29 
1511	206 
1512	199 
1513	124 
1514	183 
1515	146 
1516	97 
1517	180 
1518	173 
1519	196 
1520	30 
1521	73 
1522	183 
1523	179 
1524	152 
1525	142 
1526	192 
1527	186 
1528	58 
1529	78 
1530	153 
1531	161 
1532	117 
1533	71 
1534	91 
1535	150 
1536	33 
1537	31 
1538	93 
1539	74 
1540	148 
1541	41 
1542	130 
1543	22 
1544	161 
1545	112 
1546	149 
1547	80 
1548	17 
1549	8 
1550	178 
1551	140 
1552	84 
1553	56 
1554	24 
1555	197 
1556	97 
1557	184 
1558	62 
1559	64 
1560	146 
1561	67 
1562	91 
1563	195 
1564	164 
1565	94 
1566	186 
1567	162 
1568	197 
1569	147 
1570	172 
1571	91 
1572	18 
1573	181 
1574	141 
1575	41 
1576	143 
1577	170 
1578	124 
1579	96 
1580	102 
1581	35 
1582	88 
1583	58 
1584	22 
1585	147 
1586	95 
1587	106 
1588	6 
1589	59 
1590	135 
1591	104 
1592	95 
1593	167 
1594	2 
1595	55 
1596	27 
1597	137 
1598	133 
1599	4 
1600	82 
1601	110 
1602	62 
1603	75 
1604	120 
1605	192 
1606	8 
1607	114 
1608	32 
1609	35 
1610	146 
1611	23 
1612	122 
1613	172 
1614	26 
1615	23 
1616	148 
1617	150 
1618	13 
1619	132 
1620	19 
1621	187 
1622	139 
1623	146 
1624	28 
1625	177 
1626	131 
1627	15 
1628	84 
1629	78 
1630	163 
1631	179 
1632	138 
1633	181 
1634	17 
1635	102 
1636	77 
1637	83 
1638	43 
1639	162 
1640	89 
1641	31 
1642	182 
1643	72 
1644	161 
1645	110 
1646	122 
1647	100 
1648	2 
1649	82 
1650	37 
1651	117 
1652	43 
1653	131 
1654	73 
1655	57 
1656	55 
1657	59 
1658	68 
1659	126 
1660	31 
1661	46 
1662	124 
1663	134 
1664	7 
1665	92 
1666	79 
1667	156 
1668	45 
1669	86 
1670	108 
1671	4 
1672	190 
1673	163 
1674	195 
1675	9 
1676	55 
1677	150 
1678	47 
1679	36 
1680	7 
1681	172 
1682	52 
1683	102 
1684	48 
1685	23 
1686	59 
1687	183 
1688	7 
1689	177 
1690	67 
1691	97 
1692	191 
1693	21 
1694	13 
1695	177 
1696	125 
1697	193 
1698	36 
1699	63 
1700	90 
1701	85 
1702	170 
1703	20 
1704	21 
1705	194 
1706	150 
1707	165 
1708	198 
1709	18 
1710	25 
1711	138 
1712	166 
1713	201 
1714	115 
1715	35 
1716	188 
1717	75 
1718	93 
1719	126 
1720	100 
1721	71 
1722	200 
1723	115 
1724	9 
1725	151 
1726	36 
1727	74 
1728	146 
1729	113 
1730	9 
1731	54 
1732	156 
1733	54 
1734	34 
1735	74 
1736	22 
1737	180 
1738	46 
1739	127 
1740	47 
1741	100 
1742	59 
1743	99 
1744	31 
1745	74 
1746	111 
1747	74 
1748	78 
1749	19 
1750	193 
1751	52 
1752	100 
1753	14 
1754	138 
1755	86 
1756	181 
1757	38 
1758	114 
1759	135 
1760	140 
1761	76 
1762	175 
1763	130 
1764	59 
1765	181 
1766	141 
1767	121 
1768	49 
1769	94 
1770	29 
1771	66 
1772	152 
1773	145 
1774	101 
1775	200 
1776	80 
1777	93 
1778	27 
1779	21 
1780	27 
1781	41 
1782	163 
1783	66 
1784	166 
1785	74 
1786	50 
1787	121 
1788	173 
1789	201 
1790	61 
1791	78 
1792	11 
1793	185 
1794	128 
1795	184 
1796	207 
1797	74 
1798	136 
1799	67 
1800	77 
1801	168 
1802	56 
1803	115 
1804	89 
1805	151 
1806	125 
1807	198 
1808	135 
1809	6 
1810	132 
1811	177 
1812	198 
1813	148 
1814	125 
1815	118 
1816	77 
1817	116 
1818	110 
1819	51 
1820	26 
1821	40 
1822	122 
1823	151 
1824	92 
1825	196 
1826	22 
1827	55 
1828	85 
1829	35 
1830	32 
1831	194 
1832	118 
1833	107 
1834	172 
1835	160 
1836	35 
1837	45 
1838	146 
1839	75 
1840	92 
1841	193 
1842	70 
1843	154 
1844	163 
1845	36 
1846	19 
1847	1 
1848	91 
1849	1 
1850	142 
1851	138 
1852	68 
1853	2 
1854	153 
1855	91 
1856	84 
1857	160 
1858	56 
1859	5 
1860	64 
1861	134 
1862	205 
1863	1 
1864	54 
1865	7 
1866	36 
1867	123 
1868	129 
1869	114 
1870	77 
1871	143 
1872	76 
1873	22 
1874	155 
1875	108 
1876	129 
1877	8 
1878	13 
1879	13 
1880	183 
1881	199 
1882	171 
1883	89 
1884	75 
1885	22 
1886	23 
1887	56 
1888	85 
1889	108 
1890	78 
1891	16 
1892	191 
1893	100 
1894	112 
1895	207 
1896	48 
1897	95 
1898	9 
1899	107 
1900	116 
1901	4 
1902	114 
1903	38 
1904	158 
1905	6 
1906	148 
1907	152 
1908	11 
1909	18 
1910	193 
1911	46 
1912	68 
1913	32 
1914	92 
1915	37 
1916	144 
1917	131 
1918	46 
1919	47 
1920	112 
1921	120 
1922	66 
1923	134 
1924	148 
1925	69 
1926	22 
1927	207 
1928	192 
1929	23 
1930	99 
1931	108 
1932	191 
1933	140 
1934	98 
1935	194 
1936	97 
1937	15 
1938	123 
1939	109 
1940	43 
1941	49 
1942	197 
1943	195 
1944	174 
1945	143 
1946	173 
1947	61 
1948	51 
1949	111 
1950	117 
1951	6 
1952	191 
1953	149 
1954	30 
1955	101 
1956	200 
1957	119 
1958	25 
1959	27 
1960	107 
1961	52 
1962	147 
1963	79 
1964	126 
1965	149 
1966	73 
1967	165 
1968	75 
1969	120 
1970	81 
1971	135 
1972	136 
1973	78 
1974	21 
1975	26 
1976	146 
1977	180 
1978	37 
1979	153 
1980	183 
1981	125 
1982	112 
1983	103 
1984	152 
1985	114 
1986	43 
1987	48 
1988	170 
1989	9 
1990	119 
1991	27 
1992	31 
1993	105 
1994	133 
1995	187 
1996	126 
1997	140 
1998	96 
1999	152 
2000	117 
2001	92 
2002	134 
2003	10 
2004	160 
2005	15 
2006	43 
2007	182 
2008	74 
2009	54 
2010	139 
2011	132 
2012	183 
2013	129 
2014	82 
2015	175 
2016	94 
2017	205 
2018	153 
2019	126 
2020	67 
2021	44 
2022	130 
2023	94 
2024	201 
2025	187 
2026	121 
2027	43 
2028	53 
2029	74 
2030	154 
2031	36 
2032	16 
2033	157 
2034	130 
2035	76 
2036	15 
2037	136 
2038	120 
2039	117 
2040	56 
2041	76 
2042	174 
2043	157 
2044	106 
2045	139 
2046	188 
2047	183 
2048	196 
2049	128 
2050	203 
2051	138 
2052	195 
2053	49 
2054	5 
2055	5 
2056	44 
2057	50 
2058	93 
2059	23 
2060	141 
2061	147 
2062	42 
2063	81 
2064	135 
2065	146 
2066	105 
2067	71 
2068	11 
2069	36 
2070	202 
2071	197 
2072	84 
2073	56 
2074	149 
2075	152 
2076	79 
2077	176 
2078	65 
2079	37 
2080	99 
2081	56 
2082	81 
2083	77 
2084	189 
2085	149 
2086	169 
2087	174 
2088	54 
2089	205 
2090	138 
2091	27 
2092	36 
2093	121 
2094	144 
2095	43 
2096	163 
2097	183 
2098	122 
2099	113 
2100	24 
2101	109 
2102	155 
2103	138 
2104	99 
2105	6 
2106	184 
2107	1 
2108	90 
2109	106 
2110	27 
2111	7 
2112	137 
2113	106 
2114	85 
2115	122 
2116	49 
2117	170 
2118	51 
2119	35 
2120	100 
2121	138 
2122	193 
2123	88 
2124	146 
2125	181 
2126	44 
2127	165 
2128	113 
2129	33 
2130	191 
2131	80 
2132	48 
2133	135 
2134	52 
2135	140 
2136	52 
2137	104 
2138	8 
2139	200 
2140	161 
2141	181 
2142	161 
2143	42 
2144	119 
2145	4 
2146	143 
2147	49 
2148	89 
2149	53 
2150	98 
2151	87 
2152	141 
2153	3 
2154	169 
2155	41 
2156	199 
2157	73 
2158	46 
2159	127 
2160	114 
2161	38 
2162	168 
2163	28 
2164	116 
2165	126 
2166	122 
2167	82 
2168	27 
2169	20 
2170	71 
2171	145 
2172	82 
2173	82 
2174	32 
2175	118 
2176	147 
2177	169 
2178	149 
2179	168 
2180	162 
2181	184 
2182	201 
2183	16 
2184	46 
2185	93 
2186	134 
2187	37 
2188	102 
2189	151 
2190	186 
2191	149 
2192	51 
2193	199 
2194	140 
2195	103 
2196	198 
2197	193 
2198	92 
2199	41 
2200	85 
2201	165 
2202	96 
2203	107 
2204	159 
2205	76 
2206	100 
2207	182 
2208	44 
2209	10 
2210	158 
2211	89 
2212	71 
2213	147 
2214	95 
2215	10 
2216	17 
2217	54 
2218	83 
2219	114 
2220	191 
2221	144 
2222	103 
2223	171 
2224	207 
2225	41 
2226	158 
2227	121 
2228	158 
2229	193 
2230	196 
2231	4 
2232	112 
2233	25 
2234	146 
2235	151 
2236	154 
2237	201 
2238	171 
2239	25 
2240	182 
2241	69 
2242	1 
2243	195 
2244	19 
2245	47 
2246	8 
2247	127 
2248	157 
2249	135 
2250	143 
2251	112 
2252	101 
2253	17 
2254	74 
2255	127 
2256	40 
2257	143 
2258	99 
2259	91 
2260	160 
2261	69 
2262	22 
2263	158 
2264	75 
2265	171 
2266	44 
2267	84 
2268	56 
2269	82 
2270	135 
2271	170 
2272	154 
2273	18 
2274	116 
2275	18 
2276	83 
2277	88 
2278	9 
2279	167 
2280	49 
2281	22 
2282	72 
2283	160 
2284	162 
2285	38 
2286	27 
2287	172 
2288	112 
2289	5 
2290	27 
2291	34 
2292	33 
2293	26 
2294	142 
2295	198 
2296	27 
2297	167 
2298	17 
2299	63 
2300	110 
2301	160 
2302	139 
2303	72 
2304	171 
2305	170 
2306	22 
2307	128 
2308	139 
2309	60 
2310	21 
2311	71 
2312	78 
2313	79 
2314	153 
2315	80 
2316	166 
2317	204 
2318	87 
2319	91 
2320	50 
2321	151 
2322	21 
2323	92 
2324	17 
2325	5 
2326	92 
2327	130 
2328	198 
2329	70 
2330	68 
2331	103 
2332	110 
2333	202 
2334	11 
2335	119 
2336	53 
2337	139 
2338	138 
2339	181 
2340	189 
2341	181 
2342	114 
2343	65 
2344	8 
2345	29 
2346	17 
2347	6 
2348	202 
2349	17 
2350	205 
2351	178 
2352	58 
2353	35 
2354	187 
2355	194 
2356	7 
2357	18 
2358	183 
2359	38 
2360	205 
2361	182 
2362	4 
2363	179 
2364	33 
2365	46 
2366	102 
2367	91 
2368	19 
2369	102 
2370	17 
2371	63 
2372	165 
2373	105 
2374	26 
2375	32 
2376	126 
2377	64 
2378	116 
2379	84 
2380	60 
2381	67 
2382	164 
2383	37 
2384	193 
2385	80 
2386	153 
2387	138 
2388	205 
2389	203 
2390	31 
2391	189 
2392	1 
2393	14 
2394	12 
2395	24 
2396	55 
2397	142 
2398	9 
2399	32 
2400	204 
2401	133 
2402	37 
2403	40 
2404	201 
2405	13 
2406	30 
2407	207 
2408	205 
2409	102 
2410	159 
2411	7 
2412	9 
2413	47 
2414	71 
2415	80 
2416	50 
2417	11 
2418	162 
2419	122 
2420	7 
2421	37 
2422	179 
2423	42 
2424	196 
2425	108 
2426	17 
2427	9 
2428	54 
2429	95 
2430	58 
2431	146 
2432	173 
2433	157 
2434	94 
2435	77 
2436	36 
2437	169 
2438	60 
2439	13 
2440	95 
2441	171 
2442	7 
2443	78 
2444	201 
2445	102 
2446	104 
2447	95 
2448	62 
2449	127 
2450	7 
2451	92 
2452	71 
2453	94 
2454	65 
2455	191 
2456	198 
2457	114 
2458	181 
2459	182 
2460	173 
2461	72 
2462	125 
2463	52 
2464	109 
2465	143 
2466	101 
2467	124 
2468	2 
2469	17 
2470	117 
2471	4 
2472	100 
2473	93 
2474	117 
2475	147 
2476	189 
2477	114 
2478	64 
2479	100 
2480	118 
2481	207 
2482	54 
2483	52 
2484	111 
2485	155 
2486	35 
2487	112 
2488	66 
2489	51 
2490	35 
2491	28 
2492	152 
2493	141 
2494	135 
2495	84 
2496	172 
2497	206 
2498	13 
2499	135 
2500	205 
2501	170 
2502	17 
2503	16 
2504	162 
2505	168 
2506	35 
2507	183 
2508	60 
2509	68 
2510	56 
2511	8 
2512	117 
2513	93 
2514	117 
2515	155 
2516	203 
2517	152 
2518	31 
2519	147 
2520	31 
2521	92 
2522	20 
2523	170 
2524	98 
2525	54 
2526	56 
2527	31 
2528	132 
2529	31 
2530	135 
2531	160 
2532	168 
2533	170 
2534	172 
2535	22 
2536	198 
2537	172 
2538	150 
2539	189 
2540	194 
2541	22 
2542	4 
2543	132 
2544	171 
2545	205 
2546	123 
2547	158 
2548	50 
2549	1 
2550	36 
2551	21 
2552	121 
2553	178 
2554	103 
2555	56 
2556	137 
2557	27 
2558	82 
2559	37 
2560	59 
2561	74 
2562	55 
2563	69 
2564	80 
2565	162 
2566	187 
2567	75 
2568	106 
2569	59 
2570	16 
2571	121 
2572	43 
2573	89 
2574	31 
2575	83 
2576	162 
2577	185 
2578	81 
2579	3 
2580	57 
2581	55 
2582	195 
2583	135 
2584	163 
2585	76 
2586	105 
2587	151 
2588	97 
2589	41 
2590	34 
2591	106 
2592	205 
2593	7 
2594	35 
2595	6 
2596	160 
2597	110 
2598	5 
2599	74 
2600	183 
2601	108 
2602	162 
2603	81 
2604	140 
2605	164 
2606	102 
2607	78 
2608	95 
2609	191 
2610	108 
2611	138 
2612	52 
2613	20 
2614	153 
2615	75 
2616	6 
2617	115 
2618	185 
2619	35 
2620	112 
2621	77 
2622	129 
2623	34 
2624	163 
2625	27 
2626	113 
2627	150 
2628	170 
2629	36 
2630	114 
2631	59 
2632	64 
2633	48 
2634	163 
2635	94 
2636	160 
2637	36 
2638	152 
2639	175 
2640	170 
2641	36 
2642	207 
2643	78 
2644	43 
2645	193 
2646	77 
2647	10 
2648	21 
2649	207 
2650	102 
2651	109 
2652	163 
2653	34 
2654	105 
2655	91 
2656	20 
2657	155 
2658	72 
2659	169 
2660	110 
2661	158 
2662	37 
2663	73 
2664	18 
2665	168 
2666	194 
2667	146 
2668	87 
2669	17 
2670	89 
2671	201 
2672	146 
2673	43 
2674	166 
2675	71 
2676	153 
2677	156 
2678	114 
2679	55 
2680	105 
2681	12 
2682	125 
2683	47 
2684	157 
2685	103 
2686	15 
2687	152 
2688	94 
2689	200 
2690	83 
2691	99 
2692	95 
2693	67 
2694	77 
2695	135 
2696	63 
2697	34 
2698	93 
2699	66 
2700	203 
2701	107 
2702	114 
2703	55 
2704	124 
2705	152 
2706	128 
2707	18 
2708	181 
2709	98 
2710	104 
2711	60 
2712	100 
2713	64 
2714	29 
2715	3 
2716	132 
2717	137 
2718	122 
2719	51 
2720	131 
2721	192 
2722	87 
2723	155 
2724	115 
2725	167 
2726	87 
2727	159 
2728	180 
2729	191 
2730	44 
2731	99 
2732	17 
2733	35 
2734	18 
2735	94 
2736	167 
2737	69 
2738	154 
2739	79 
2740	35 
2741	70 
2742	164 
2743	87 
2744	7 
2745	172 
2746	128 
2747	9 
2748	8 
2749	35 
2750	41 
2751	11 
2752	38 
2753	21 
2754	120 
2755	153 
2756	114 
2757	80 
2758	170 
2759	23 
2760	12 
2761	59 
2762	70 
2763	88 
2764	198 
2765	181 
2766	138 
2767	149 
2768	123 
2769	153 
2770	125 
2771	56 
2772	165 
2773	48 
2774	75 
2775	50 
2776	85 
2777	181 
2778	156 
2779	96 
2780	155 
2781	56 
2782	144 
2783	28 
2784	172 
2785	157 
2786	151 
2787	13 
2788	188 
2789	37 
2790	58 
2791	68 
2792	102 
2793	104 
2794	124 
2795	29 
2796	40 
2797	200 
2798	62 
2799	205 
2800	94 
2801	197 
2802	29 
2803	9 
2804	143 
2805	71 
2806	181 
2807	107 
2808	94 
2809	128 
2810	19 
2811	84 
2812	178 
2813	42 
2814	14 
2815	102 
2816	2 
2817	151 
2818	37 
2819	191 
2820	168 
2821	124 
2822	109 
2823	161 
2824	165 
2825	66 
2826	161 
2827	54 
2828	59 
2829	59 
2830	67 
2831	37 
2832	37 
2833	97 
2834	191 
2835	153 
2836	71 
2837	62 
2838	172 
2839	190 
2840	90 
2841	168 
2842	30 
2843	81 
2844	41 
2845	174 
2846	161 
2847	18 
2848	93 
2849	19 
2850	63 
2851	68 
2852	41 
2853	165 
2854	157 
2855	46 
2856	59 
2857	66 
2858	164 
2859	130 
2860	108 
2861	50 
2862	9 
2863	185 
2864	77 
2865	44 
2866	88 
2867	37 
2868	176 
2869	26 
2870	115 
2871	79 
2872	77 
2873	94 
2874	175 
2875	91 
2876	63 
2877	107 
2878	53 
2879	107 
2880	114 
2881	198 
2882	87 
2883	183 
2884	55 
2885	151 
2886	40 
2887	112 
2888	179 
2889	49 
2890	203 
2891	37 
2892	2 
2893	115 
2894	169 
2895	100 
2896	165 
2897	107 
2898	189 
2899	9 
2900	108 
2901	75 
2902	1 
2903	181 
2904	205 
2905	59 
2906	8 
2907	126 
2908	174 
2909	63 
2910	61 
2911	138 
2912	43 
2913	199 
2914	151 
2915	162 
2916	207 
2917	79 
2918	86 
2919	168 
2920	46 
2921	27 
2922	9 
2923	36 
2924	172 
2925	45 
2926	114 
2927	176 
2928	94 
2929	74 
2930	36 
2931	188 
2932	32 
2933	176 
2934	29 
2935	149 
2936	173 
2937	18 
2938	36 
2939	13 
2940	71 
2941	57 
2942	198 
2943	160 
2944	78 
2945	133 
2946	112 
2947	39 
2948	121 
2949	10 
2950	138 
2951	123 
2952	114 
2953	162 
2954	178 
2955	120 
2956	194 
2957	120 
2958	168 
2959	35 
2960	124 
2961	135 
2962	183 
2963	107 
2964	39 
2965	84 
2966	198 
2967	95 
2968	93 
2969	141 
2970	87 
2971	94 
2972	80 
2973	159 
2974	168 
2975	66 
2976	93 
2977	55 
2978	163 
2979	200 
2980	170 
2981	134 
2982	45 
2983	47 
2984	18 
2985	38 
2986	21 
2987	110 
2988	72 
2989	163 
2990	32 
2991	132 
2992	91 
2993	71 
2994	189 
2995	175 
2996	128 
2997	19 
2998	60 
2999	189 
3000	207 
3001	137 
3002	95 
3003	45 
3004	47 
3005	16 
3006	180 
3007	129 
3008	7 
3009	75 
3010	185 
3011	133 
3012	44 
3013	183 
3014	107 
3015	124 
3016	201 
3017	58 
3018	183 
3019	180 
3020	119 
3021	91 
3022	205 
3023	110 
3024	168 
3025	75 
3026	115 
3027	205 
3028	116 
3029	22 
3030	92 
3031	56 
3032	33 
3033	156 
3034	175 
3035	206 
3036	175 
3037	193 
3038	129 
3039	76 
3040	22 
3041	26 
3042	80 
3043	83 
3044	74 
3045	81 
3046	1 
3047	19 
3048	180 
3049	108 
3050	69 
3051	151 
3052	98 
3053	207 
3054	178 
3055	124 
3056	55 
3057	92 
3058	207 
3059	114 
3060	144 
3061	106 
3062	107 
3063	196 
3064	101 
3065	42 
3066	13 
3067	163 
3068	77 
3069	121 
3070	4 
3071	21 
3072	55 
3073	100 
3074	146 
3075	143 
3076	92 
3077	43 
3078	18 
3079	84 
3080	179 
3081	181 
3082	153 
3083	186 
3084	133 
3085	143 
3086	163 
3087	148 
3088	35 
3089	143 
3090	19 
3091	48 
3092	77 
3093	65 
3094	152 
3095	42 
3096	90 
3097	206 
3098	36 
3099	38 
3100	158 
3101	100 
3102	204 
3103	150 
3104	5 
3105	166 
3106	162 
3107	13 
3108	69 
3109	190 
3110	27 
3111	71 
3112	118 
3113	93 
3114	102 
3115	91 
3116	171 
3117	84 
3118	139 
3119	105 
3120	103 
3121	104 
3122	113 
3123	127 
3124	182 
3125	206 
3126	27 
3127	15 
3128	198 
3129	126 
3130	186 
3131	9 
3132	186 
3133	1 
3134	157 
3135	35 
3136	49 
3137	168 
3138	47 
3139	189 
3140	134 
3141	139 
3142	118 
3143	142 
3144	117 
3145	138 
3146	56 
3147	181 
3148	165 
3149	38 
3150	97 
3151	89 
3152	146 
3153	167 
3154	15 
3155	22 
3156	143 
3157	12 
3158	135 
3159	30 
3160	198 
3161	29 
3162	167 
3163	120 
3164	191 
3165	76 
3166	112 
3167	109 
3168	69 
3169	124 
3170	168 
3171	28 
3172	108 
3173	150 
3174	196 
3175	78 
3176	159 
3177	162 
3178	19 
3179	25 
3180	124 
3181	191 
3182	106 
3183	24 
3184	186 
3185	191 
3186	194 
3187	136 
3188	21 
3189	151 
3190	71 
3191	23 
3192	55 
3193	77 
3194	154 
3195	152 
3196	75 
3197	45 
3198	105 
3199	133 
3200	111 
3201	52 
3202	82 
3203	124 
3204	160 
3205	110 
3206	206 
3207	163 
3208	160 
3209	162 
3210	146 
3211	124 
3212	149 
3213	192 
3214	176 
3215	169 
3216	35 
3217	79 
3218	191 
3219	62 
3220	191 
3221	108 
3222	53 
3223	23 
3224	176 
3225	56 
3226	185 
3227	183 
3228	178 
3229	183 
3230	112 
3231	23 
3232	193 
3233	135 
3234	204 
3235	74 
3236	10 
3237	61 
3238	179 
3239	192 
3240	101 
3241	76 
3242	82 
3243	201 
3244	18 
3245	107 
3246	164 
3247	198 
3248	48 
3249	205 
3250	114 
3251	69 
3252	141 
3253	169 
3254	54 
3255	197 
3256	100 
3257	86 
3258	203 
3259	54 
3260	68 
3261	184 
3262	96 
3263	83 
3264	50 
3265	42 
3266	66 
3267	167 
3268	159 
3269	15 
3270	205 
3271	36 
3272	188 
3273	22 
3274	33 
3275	94 
3276	24 
3277	148 
3278	13 
3279	74 
3280	205 
3281	109 
3282	100 
3283	195 
3284	99 
3285	75 
3286	49 
3287	93 
3288	7 
3289	155 
3290	43 
3291	15 
3292	201 
3293	204 
3294	191 
3295	110 
3296	142 
3297	10 
3298	204 
3299	123 
3300	137 
3301	149 
3302	144 
3303	19 
3304	120 
3305	75 
3306	191 
3307	189 
3308	62 
3309	50 
3310	82 
3311	75 
3312	78 
3313	27 
3314	184 
3315	169 
3316	165 
3317	154 
3318	84 
3319	26 
3320	123 
3321	118 
3322	198 
3323	167 
3324	96 
3325	101 
3326	108 
3327	81 
3328	14 
3329	4 
3330	104 
3331	36 
3332	193 
3333	193 
3334	153 
3335	125 
3336	181 
3337	53 
3338	151 
3339	91 
3340	45 
3341	42 
3342	162 
3343	162 
3344	181 
3345	121 
3346	102 
3347	202 
3348	46 
3349	55 
3350	158 
3351	188 
3352	175 
3353	36 
3354	33 
3355	20 
3356	29 
3357	113 
3358	111 
3359	96 
3360	51 
3361	26 
3362	37 
3363	77 
3364	5 
3365	153 
3366	187 
3367	133 
3368	187 
3369	75 
3370	162 
3371	34 
3372	13 
3373	117 
3374	30 
3375	115 
3376	78 
3377	205 
3378	84 
3379	33 
3380	52 
3381	52 
3382	25 
3383	158 
3384	87 
3385	124 
3386	76 
3387	104 
3388	128 
3389	1 
3390	118 
3391	83 
3392	95 
3393	201 
3394	181 
3395	65 
3396	64 
3397	77 
3398	117 
3399	78 
3400	45 
3401	192 
3402	100 
3403	97 
3404	168 
3405	56 
3406	93 
3407	196 
3408	193 
3409	193 
3410	38 
3411	50 
3412	151 
3413	183 
3414	124 
3415	37 
3416	84 
3417	134 
3418	129 
3419	149 
3420	162 
3421	194 
3422	161 
3423	195 
3424	48 
3425	64 
3426	116 
3427	51 
3428	94 
3429	97 
3430	1 
3431	114 
3432	12 
3433	205 
3434	162 
3435	58 
3436	132 
3437	138 
3438	121 
3439	74 
3440	187 
3441	121 
3442	32 
3443	29 
3444	164 
3445	203 
3446	18 
3447	58 
3448	114 
3449	69 
3450	56 
3451	91 
3452	70 
3453	146 
3454	196 
3455	107 
3456	109 
3457	161 
3458	24 
3459	43 
3460	105 
3461	136 
3462	38 
3463	117 
3464	33 
3465	31 
3466	144 
3467	202 
3468	189 
3469	102 
3470	194 
3471	181 
3472	76 
3473	72 
3474	195 
3475	168 
3476	46 
3477	153 
3478	47 
3479	105 
3480	76 
3481	153 
3482	37 
3483	168 
3484	88 
3485	191 
3486	56 
3487	191 
3488	64 
3489	92 
3490	168 
3491	9 
3492	23 
3493	71 
3494	20 
3495	30 
3496	1 
3497	149 
3498	135 
3499	153 
3500	58 
3501	18 
3502	200 
3503	100 
3504	9 
3505	7 
3506	193 
3507	195 
3508	25 
3509	108 
3510	75 
3511	197 
3512	137 
3513	11 
3514	58 
3515	74 
3516	82 
3517	142 
3518	178 
3519	97 
3520	38 
3521	11 
3522	6 
3523	62 
3524	66 
3525	22 
3526	31 
3527	27 
3528	124 
3529	25 
3530	42 
3531	134 
3532	34 
3533	47 
3534	181 
3535	105 
3536	156 
3537	187 
3538	25 
3539	117 
3540	107 
3541	7 
3542	94 
3543	91 
3544	56 
3545	93 
3546	44 
3547	151 
3548	55 
3549	11 
3550	100 
3551	207 
3552	162 
3553	99 
3554	36 
3555	31 
3556	23 
3557	105 
3558	20 
3559	156 
3560	182 
3561	186 
3562	100 
3563	107 
3564	58 
3565	188 
3566	14 
3567	46 
3568	178 
3569	64 
3570	181 
3571	74 
3572	205 
3573	125 
3574	76 
3575	100 
3576	72 
3577	190 
3578	150 
3579	47 
3580	64 
3581	19 
3582	100 
3583	186 
3584	183 
3585	12 
3586	135 
3587	170 
3588	22 
3589	169 
3590	125 
3591	207 
3592	136 
3593	198 
3594	168 
3595	28 
3596	55 
3597	114 
3598	99 
3599	63 
3600	94 
3601	119 
3602	129 
3603	70 
3604	176 
3605	58 
3606	197 
3607	23 
3608	2 
3609	74 
3610	108 
3611	116 
3612	116 
3613	80 
3614	31 
3615	33 
3616	28 
3617	159 
3618	91 
3619	44 
3620	18 
3621	9 
3622	89 
3623	170 
3624	200 
3625	155 
3626	101 
3627	185 
3628	185 
3629	148 
3630	11 
3631	75 
3632	198 
3633	68 
3634	81 
3635	186 
3636	114 
3637	191 
3638	43 
3639	123 
3640	178 
3641	55 
3642	156 
3643	61 
3644	22 
3645	116 
3646	5 
3647	9 
3648	107 
3649	135 
3650	153 
3651	171 
3652	106 
3653	183 
3654	48 
3655	139 
3656	56 
3657	11 
3658	165 
3659	189 
3660	77 
3661	78 
3662	133 
3663	181 
3664	22 
3665	16 
3666	161 
3667	183 
3668	66 
3669	163 
3670	35 
3671	84 
3672	12 
3673	98 
3674	66 
3675	22 
3676	116 
3677	196 
3678	35 
3679	46 
3680	43 
3681	172 
3682	138 
3683	128 
3684	87 
3685	168 
3686	165 
3687	75 
3688	30 
3689	139 
3690	160 
3691	144 
3692	181 
3693	49 
3694	131 
3695	131 
3696	31 
3697	113 
3698	185 
3699	93 
3700	160 
3701	100 
3702	100 
3703	116 
3704	23 
3705	181 
3706	105 
3707	3 
3708	19 
3709	47 
3710	101 
3711	150 
3712	55 
3713	14 
3714	164 
3715	13 
3716	46 
3717	116 
3718	25 
3719	78 
3720	27 
3721	193 
3722	124 
3723	42 
3724	122 
3725	162 
3726	93 
3727	81 
3728	123 
3729	132 
3730	39 
3731	185 
3732	12 
3733	98 
3734	191 
3735	170 
3736	192 
3737	149 
3738	160 
3739	108 
3740	54 
3741	93 
3742	191 
3743	27 
3744	41 
3745	114 
3746	74 
3747	10 
3748	139 
3749	169 
3750	26 
3751	158 
3752	186 
3753	17 
3754	87 
3755	71 
3756	204 
3757	99 
3758	153 
3759	149 
3760	159 
3761	138 
3762	114 
3763	20 
3764	117 
3765	183 
3766	99 
3767	33 
3768	94 
3769	76 
3770	32 
3771	198 
3772	135 
3773	170 
3774	135 
3775	107 
3776	161 
3777	88 
3778	64 
3779	136 
3780	203 
3781	35 
3782	22 
3783	46 
3784	153 
3785	181 
3786	102 
3787	203 
3788	198 
3789	29 
3790	114 
3791	193 
3792	102 
3793	63 
3794	138 
3795	36 
3796	54 
3797	198 
3798	169 
3799	16 
3800	32 
3801	56 
3802	29 
3803	104 
3804	151 
3805	117 
3806	126 
3807	87 
3808	82 
3809	121 
3810	42 
3811	53 
3812	158 
3813	33 
3814	16 
3815	75 
3816	170 
3817	197 
3818	56 
3819	131 
3820	135 
3821	197 
3822	205 
3823	205 
3824	105 
3825	175 
3826	13 
3827	201 
3828	64 
3829	68 
3830	53 
3831	55 
3832	61 
3833	177 
3834	193 
3835	74 
3836	22 
3837	184 
3838	44 
3839	20 
3840	194 
3841	66 
3842	54 
3843	195 
3844	32 
3845	38 
3846	87 
3847	35 
3848	203 
3849	108 
3850	194 
3851	48 
3852	122 
3853	44 
3854	100 
3855	100 
3856	102 
3857	134 
3858	157 
3859	67 
3860	135 
3861	32 
3862	74 
3863	17 
3864	192 
3865	76 
3866	15 
3867	43 
3868	186 
3869	124 
3870	37 
3871	135 
3872	125 
3873	18 
3874	14 
3875	68 
3876	181 
3877	157 
3878	143 
3879	69 
3880	152 
3881	100 
3882	183 
3883	10 
3884	78 
3885	164 
3886	45 
3887	126 
3888	97 
3889	91 
3890	23 
3891	20 
3892	91 
3893	144 
3894	56 
3895	93 
3896	181 
3897	31 
3898	71 
3899	158 
3900	183 
3901	88 
3902	66 
3903	54 
3904	181 
3905	38 
3906	117 
3907	80 
3908	54 
3909	154 
3910	41 
3911	185 
3912	96 
3913	61 
3914	171 
3915	56 
3916	188 
3917	138 
3918	91 
3919	150 
3920	172 
3921	120 
3922	95 
3923	135 
3924	10 
3925	135 
3926	193 
3927	189 
3928	175 
3929	14 
3930	82 
3931	149 
3932	36 
3933	36 
3934	99 
3935	37 
3936	104 
3937	106 
3938	68 
3939	46 
3940	102 
3941	105 
3942	88 
3943	31 
3944	112 
3945	32 
3946	33 
3947	185 
3948	162 
3949	20 
3950	11 
3951	50 
3952	29 
3953	97 
3954	68 
3955	44 
3956	176 
3957	109 
3958	30 
3959	168 
3960	65 
3961	19 
3962	139 
3963	108 
3964	150 
3965	81 
3966	30 
3967	13 
3968	41 
3969	38 
3970	30 
3971	21 
3972	36 
3973	82 
3974	171 
3975	107 
3976	195 
3977	64 
3978	140 
3979	35 
3980	100 
3981	88 
3982	75 
3983	165 
3984	107 
3985	29 
3986	164 
3987	66 
3988	63 
3989	122 
3990	1 
3991	18 
3992	108 
3993	195 
3994	175 
3995	205 
3996	114 
3997	1 
3998	126 
3999	42 
4000	193 
4001	125 
4002	152 
4003	55 
4004	54 
4005	139 
4006	36 
4007	144 
4008	113 
4009	204 
4010	22 
4011	29 
4012	117 
4013	154 
4014	19 
4015	53 
4016	124 
4017	170 
4018	125 
4019	84 
4020	78 
4021	91 
4022	41 
4023	69 
4024	162 
4025	155 
4026	44 
4027	81 
4028	7 
4029	171 
4030	81 
4031	192 
4032	207 
4033	157 
4034	116 
4035	81 
4036	197 
4037	62 
4038	207 
4039	71 
4040	88 
4041	56 
4042	23 
4043	135 
4044	124 
4045	149 
4046	104 
4047	78 
4048	55 
4049	1 
4050	62 
4051	125 
4052	191 
4053	56 
4054	77 
4055	44 
4056	71 
4057	82 
4058	167 
4059	177 
4060	121 
4061	81 
4062	27 
4063	62 
4064	46 
4065	113 
4066	94 
4067	181 
4068	59 
4069	67 
4070	184 
4071	55 
4072	38 
4073	15 
4074	71 
4075	116 
4076	71 
4077	107 
4078	37 
4079	150 
4080	35 
4081	29 
4082	15 
4083	63 
4084	31 
4085	149 
4086	49 
4087	102 
4088	183 
4089	120 
4090	179 
4091	144 
4092	156 
4093	191 
4094	43 
4095	100 
4096	18 
4097	75 
4098	94 
4099	41 
4100	94 
4101	168 
4102	102 
4103	110 
4104	143 
4105	188 
4106	100 
4107	82 
4108	41 
4109	20 
4110	93 
4111	35 
4112	139 
4113	110 
4114	122 
4115	153 
4116	185 
4117	61 
4118	187 
4119	105 
4120	41 
4121	162 
4122	22 
4123	133 
4124	141 
4125	148 
4126	54 
4127	197 
4128	37 
4129	20 
4130	77 
4131	10 
4132	88 
4133	23 
4134	91 
4135	196 
4136	107 
4137	87 
4138	125 
4139	155 
4140	191 
4141	207 
4142	148 
4143	27 
4144	172 
4145	205 
4146	160 
4147	88 
4148	197 
4149	62 
4150	95 
4151	192 
4152	119 
4153	69 
4154	23 
4155	102 
4156	37 
4157	168 
4158	93 
4159	106 
4160	36 
4161	163 
4162	169 
4163	49 
4164	194 
4165	132 
4166	201 
4167	186 
4168	54 
4169	207 
4170	193 
4171	4 
4172	112 
4173	49 
4174	59 
4175	49 
4176	22 
4177	192 
4178	162 
4179	93 
4180	87 
4181	93 
4182	61 
4183	23 
4184	32 
4185	162 
4186	186 
4187	151 
4188	76 
4189	179 
4190	38 
4191	91 
4192	183 
4193	48 
4194	170 
4195	139 
4196	9 
4197	192 
4198	82 
4199	78 
4200	88 
4201	48 
4202	114 
4203	76 
4204	134 
4205	33 
4206	141 
4207	153 
4208	152 
4209	139 
4210	80 
4211	64 
4212	19 
4213	132 
4214	154 
4215	139 
4216	186 
4217	8 
4218	170 
4219	71 
4220	181 
4221	97 
4222	36 
4223	108 
4224	160 
4225	41 
4226	155 
4227	110 
4228	116 
4229	4 
4230	134 
4231	126 
4232	122 
4233	126 
4234	8 
4235	100 
4236	120 
4237	19 
4238	144 
4239	82 
4240	207 
4241	87 
4242	36 
4243	66 
4244	133 
4245	37 
4246	7 
4247	124 
4248	121 
4249	151 
4250	20 
4251	59 
4252	49 
4253	154 
4254	55 
4255	192 
4256	114 
4257	59 
4258	196 
4259	191 
4260	143 
4261	156 
4262	9 
4263	207 
4264	44 
4265	19 
4266	163 
4267	172 
4268	125 
4269	80 
4270	56 
4271	139 
4272	36 
4273	170 
4274	53 
4275	179 
4276	121 
4277	185 
4278	41 
4279	162 
4280	18 
4281	76 
4282	32 
4283	119 
4284	88 
4285	155 
4286	43 
4287	204 
4288	154 
4289	107 
4290	54 
4291	170 
4292	36 
4293	10 
4294	149 
4295	11 
4296	67 
4297	167 
4298	20 
4299	21 
4300	154 
4301	17 
4302	22 
4303	117 
4304	126 
4305	59 
4306	149 
4307	161 
4308	168 
4309	22 
4310	74 
4311	150 
4312	68 
4313	102 
4314	168 
4315	105 
4316	38 
4317	55 
4318	13 
4319	155 
4320	197 
4321	177 
4322	121 
4323	11 
4324	133 
4325	160 
4326	78 
4327	132 
4328	197 
4329	56 
4330	64 
4331	195 
4332	55 
4333	179 
4334	107 
4335	146 
4336	30 
4337	116 
4338	140 
4339	114 
4340	128 
4341	59 
4342	160 
4343	21 
4344	144 
4345	179 
4346	27 
4347	95 
4348	160 
4349	156 
4350	110 
4351	87 
4352	191 
4353	92 
4354	160 
4355	110 
4356	97 
4357	189 
4358	37 
4359	76 
4360	97 
4361	82 
4362	157 
4363	158 
4364	205 
4365	198 
4366	110 
4367	205 
4368	15 
4369	91 
4370	135 
4371	155 
4372	20 
4373	169 
4374	151 
4375	1 
4376	23 
4377	13 
4378	68 
4379	162 
4380	146 
4381	82 
4382	107 
4383	158 
4384	36 
4385	78 
4386	121 
4387	37 
4388	62 
4389	154 
4390	95 
4391	148 
4392	91 
4393	196 
4394	126 
4395	38 
4396	133 
4397	170 
4398	195 
4399	161 
4400	107 
4401	22 
4402	162 
4403	51 
4404	181 
4405	126 
4406	78 
4407	151 
4408	150 
4409	15 
4410	207 
4411	122 
4412	33 
4413	78 
4414	53 
4415	172 
4416	22 
4417	51 
4418	110 
4419	114 
4420	162 
4421	194 
4422	87 
4423	151 
4424	52 
4425	150 
4426	63 
4427	74 
4428	162 
4429	132 
4430	160 
4431	100 
4432	100 
4433	140 
4434	95 
4435	120 
4436	177 
4437	143 
4438	10 
4439	92 
4440	140 
4441	144 
4442	195 
4443	48 
4444	36 
4445	195 
4446	67 
4447	133 
4448	77 
4449	160 
4450	181 
4451	27 
4452	35 
4453	158 
4454	172 
4455	93 
4456	120 
4457	114 
4458	167 
4459	94 
4460	41 
4461	51 
4462	177 
4463	124 
4464	128 
4465	41 
4466	29 
4467	108 
4468	177 
4469	110 
4470	67 
4471	87 
4472	30 
4473	54 
4474	149 
4475	138 
4476	148 
4477	7 
4478	119 
4479	33 
4480	151 
4481	107 
4482	148 
4483	198 
4484	91 
4485	20 
4486	205 
4487	156 
4488	51 
4489	22 
4490	68 
4491	13 
4492	183 
4493	54 
4494	132 
4495	77 
4496	153 
4497	156 
4498	53 
4499	7 
4500	8 
4501	78 
4502	51 
4503	157 
4504	125 
4505	126 
4506	74 
4507	205 
4508	36 
4509	35 
4510	189 
4511	67 
4512	27 
4513	37 
4514	20 
4515	15 
4516	132 
4517	158 
4518	152 
4519	119 
4520	156 
4521	196 
4522	162 
4523	149 
4524	146 
4525	135 
4526	205 
4527	102 
4528	139 
4529	196 
4530	58 
4531	203 
4532	62 
4533	144 
4534	91 
4535	160 
4536	23 
4537	139 
4538	107 
4539	177 
4540	205 
4541	18 
4542	13 
4543	156 
4544	59 
4545	13 
4546	153 
4547	185 
4548	68 
4549	112 
4550	146 
4551	64 
4552	18 
4553	62 
4554	22 
4555	144 
4556	144 
4557	126 
4558	30 
4559	153 
4560	157 
4561	112 
4562	150 
4563	144 
4564	55 
4565	29 
4566	37 
4567	133 
4568	77 
4569	114 
4570	33 
4571	152 
4572	94 
4573	107 
4574	107 
4575	35 
4576	64 
4577	152 
4578	42 
4579	105 
4580	126 
4581	170 
4582	165 
4583	8 
4584	30 
4585	7 
4586	62 
4587	135 
4588	84 
4589	95 
4590	71 
4591	117 
4592	15 
4593	153 
4594	138 
4595	149 
4596	7 
4597	139 
4598	162 
4599	121 
4600	181 
4601	75 
4602	77 
4603	149 
4604	77 
4605	53 
4606	13 
4607	140 
4608	93 
4609	10 
4610	119 
4611	170 
4612	152 
4613	66 
4614	52 
4615	186 
4616	74 
4617	148 
4618	114 
4619	53 
4620	143 
4621	121 
4622	203 
4623	78 
4624	152 
4625	177 
4626	44 
4627	48 
4628	8 
4629	105 
4630	161 
4631	77 
4632	133 
4633	205 
4634	41 
4635	19 
4636	152 
4637	95 
4638	74 
4639	120 
4640	114 
4641	154 
4642	1 
4643	168 
4644	80 
4645	153 
4646	105 
4647	56 
4648	160 
4649	108 
4650	156 
4651	93 
4652	120 
4653	189 
4654	177 
4655	38 
4656	121 
4657	76 
4658	186 
4659	119 
4660	77 
4661	156 
4662	183 
4663	18 
4664	31 
4665	198 
4666	189 
4667	18 
4668	55 
4669	76 
4670	191 
4671	146 
4672	66 
4673	77 
4674	15 
4675	93 
4676	29 
4677	152 
4678	153 
4679	29 
4680	71 
4681	36 
4682	139 
4683	23 
4684	157 
4685	35 
4686	51 
4687	41 
4688	205 
4689	100 
4690	196 
4691	191 
4692	41 
4693	58 
4694	172 
4695	11 
4696	160 
4697	82 
4698	20 
4699	203 
4700	161 
4701	140 
4702	149 
4703	107 
4704	43 
4705	1 
4706	18 
4707	183 
4708	140 
4709	193 
4710	37 
4711	75 
4712	55 
4713	9 
4714	163 
4715	31 
4716	46 
4717	110 
4718	32 
4719	55 
4720	59 
4721	156 
4722	77 
4723	156 
4724	82 
4725	91 
4726	183 
4727	168 
4728	107 
4729	44 
4730	177 
4731	148 
4732	124 
4733	93 
4734	23 
4735	74 
4736	100 
4737	93 
4738	41 
4739	78 
4740	121 
4741	56 
4742	121 
4743	205 
4744	183 
4745	126 
4746	163 
4747	107 
4748	110 
4749	46 
4750	207 
4751	91 
4752	62 
4753	177 
4754	76 
4755	94 
4756	114 
4757	183 
4758	125 
4759	94 
4760	110 
4761	119 
4762	78 
4763	146 
4764	135 
4765	82 
4766	76 
4767	97 
4768	59 
4769	168 
4770	117 
4771	93 
4772	152 
4773	105 
4774	105 
4775	152 
4776	117 
4777	170 
4778	41 
4779	22 
4780	17 
4781	117 
4782	132 
4783	116 
4784	114 
4785	76 
4786	95 
4787	56 
4788	108 
4789	77 
4790	102 
4791	135 
4792	207 
4793	125 
4794	168 
4795	15 
4796	37 
4797	196 
4798	76 
4799	59 
4800	172 
4801	94 
4802	119 
4803	19 
4804	186 
4805	108 
4806	100 
4807	110 
4808	125 
4809	132 
4810	138 
4811	100 
4812	87 
4813	23 
4814	120 
4815	140 
4816	121 
4817	1 
4818	23 
4819	119 
4820	13 
4821	1 
4822	23 
4823	41 
4824	108 
4825	170 
4826	35 
4827	94 
4828	56 
4829	108 
4830	144 
4831	120 
4832	170 
4833	52 
4834	97 
4835	152 
4836	172 
4837	20 
4838	76 
4839	144 
4840	31 
4841	144 
4842	56 
4843	125 
4844	93 
4845	54 
4846	23 
4847	78 
4848	66 
4849	120 
4850	54 
4851	9 
4852	7 
4853	59 
4854	207 
4855	124 
4856	168 
4857	150 
4858	76 
4859	181 
4860	163 
4861	135 
4862	38 
4863	20 
4864	77 
4865	150 
4866	165 
4867	168 
4868	55 
4869	42 
4870	110 
4871	117 
4872	56 
4873	55 
4874	152 
4875	102 
4876	205 
4877	22 
4878	152 
4879	119 
4880	144 
4881	138 
4882	22 
4883	138 
4884	186 
4885	108 
4886	35 
4887	114 
4888	132 
4889	126 
4890	38 
4891	35 
4892	125 
4893	143 
4894	186 
4895	151 
4896	186 
4897	162 
4898	126 
4899	172 
4900	71 
4901	56 
4902	193 
4903	108 
4904	77 
4905	15 
4906	20 
4907	23 
4908	107 
4909	186 
4910	140 
4911	193 
4912	181 
4913	93 
4914	91 
4915	91 
4916	153 
4917	17 
4918	149 
4919	157 
4920	195 
4921	19 
4922	146 
4923	11 
4924	207 
4925	37 
4926	74 
4927	183 
4928	27 
4929	37 
4930	82 
4931	59 
4932	38 
4933	140 
4934	135 
4935	18 
4936	11 
4937	105 
4938	54 
4939	15 
4940	95 
4941	22 
4942	125 
4943	17 
4944	146 
4945	183 
4946	59 
4947	107 
4948	20 
4949	181 
4950	186 
4951	20 
4952	102 
4953	75 
4954	75 
4955	150 
4956	46 
4957	198 
4958	119 
4959	41 
4960	126 
4961	9 
4962	107 
4963	82 
4964	121 
4965	205 
4966	17 
4967	46 
4968	44 
4969	138 
4970	108 
4971	138 
4972	100 
4973	54 
4974	191 
4975	151 
4976	91 
4977	11 
4978	37 
4979	125 
4980	38 
4981	102 
4982	37 
4983	35 
4984	140 
4985	140 
4986	105 
4987	71 
4988	22 
4989	9 
4990	105 
4991	37 
4992	23 
4993	75 
4994	125 
4995	93 
4996	42 
4997	124 
4998	11 
4999	152 
5000	198 
