1	27 
2	7 
3	60 
4	38 
5	12 
6	14 
7	21 
8	51 
9	19 
10	1 
11	17 
12	52 
13	43 
14	18 
15	30 
16	30 
17	30 
18	57 
19	31 
20	57 
21	61 
22	32 
23	64 
24	57 
25	4 
26	30 
27	32 
28	18 
29	51 
30	48 
31	36 
32	63 
33	56 
34	21 
35	2 
36	37 
37	43 
38	38 
39	62 
40	10 
41	24 
42	43 
43	25 
44	32 
45	30 
46	10 
47	17 
48	43 
49	20 
50	42 
51	19 
52	42 
53	41 
54	23 
55	17 
56	49 
57	10 
58	41 
59	24 
60	54 
61	41 
62	21 
63	35 
64	21 
65	62 
66	52 
67	7 
68	26 
69	39 
70	33 
71	50 
72	24 
73	45 
74	3 
75	61 
76	18 
77	63 
78	36 
79	55 
80	57 
81	37 
82	27 
83	34 
84	63 
85	38 
86	50 
87	25 
88	18 
89	7 
90	17 
91	36 
92	22 
93	5 
94	54 
95	3 
96	65 
97	31 
98	46 
99	38 
100	34 
101	61 
102	60 
103	58 
104	19 
105	60 
106	56 
107	31 
108	5 
109	22 
110	45 
111	31 
112	50 
113	29 
114	19 
115	8 
116	29 
117	35 
118	64 
119	50 
120	38 
121	30 
122	63 
123	49 
124	53 
125	42 
126	47 
127	8 
128	44 
129	11 
130	22 
131	32 
132	24 
133	29 
134	31 
135	61 
136	22 
137	19 
138	6 
139	12 
140	48 
141	51 
142	53 
143	53 
144	13 
145	27 
146	48 
147	62 
148	41 
149	57 
150	10 
151	52 
152	46 
153	14 
154	15 
155	49 
156	4 
157	29 
158	7 
159	65 
160	34 
161	45 
162	5 
163	22 
164	29 
165	38 
166	7 
167	43 
168	4 
169	7 
170	22 
171	25 
172	44 
173	29 
174	62 
175	22 
176	51 
177	9 
178	47 
179	29 
180	45 
181	20 
182	5 
183	15 
184	2 
185	16 
186	20 
187	24 
188	39 
189	46 
190	55 
191	18 
192	49 
193	37 
194	24 
195	49 
196	37 
197	10 
198	31 
199	10 
200	55 
201	41 
202	65 
203	19 
204	9 
205	49 
206	41 
207	59 
208	52 
209	58 
210	24 
211	9 
212	65 
213	47 
214	39 
215	57 
216	20 
217	60 
218	64 
219	54 
220	22 
221	1 
222	24 
223	19 
224	35 
225	57 
226	47 
227	31 
228	27 
229	17 
230	2 
231	49 
232	56 
233	61 
234	63 
235	19 
236	47 
237	14 
238	4 
239	3 
240	33 
241	43 
242	59 
243	63 
244	59 
245	14 
246	11 
247	52 
248	21 
249	56 
250	50 
251	61 
252	13 
253	49 
254	52 
255	6 
256	40 
257	59 
258	61 
259	12 
260	50 
261	54 
262	58 
263	58 
264	43 
265	49 
266	62 
267	45 
268	64 
269	63 
270	29 
271	56 
272	40 
273	17 
274	65 
275	46 
276	48 
277	50 
278	50 
279	41 
280	2 
281	44 
282	12 
283	38 
284	22 
285	33 
286	19 
287	34 
288	64 
289	30 
290	35 
291	59 
292	21 
293	23 
294	45 
295	17 
296	8 
297	4 
298	59 
299	24 
300	9 
301	45 
302	59 
303	25 
304	3 
305	43 
306	14 
307	7 
308	38 
309	51 
310	28 
311	26 
312	19 
313	30 
314	21 
315	49 
316	51 
317	6 
318	46 
319	17 
320	25 
321	21 
322	50 
323	31 
324	43 
325	7 
326	1 
327	61 
328	37 
329	38 
330	24 
331	19 
332	24 
333	20 
334	12 
335	19 
336	57 
337	17 
338	55 
339	44 
340	24 
341	45 
342	52 
343	63 
344	23 
345	41 
346	1 
347	3 
348	32 
349	47 
350	36 
351	43 
352	17 
353	53 
354	54 
355	56 
356	39 
357	32 
358	10 
359	32 
360	11 
361	9 
362	1 
363	32 
364	60 
365	27 
366	28 
367	32 
368	53 
369	31 
370	48 
371	31 
372	23 
373	64 
374	51 
375	11 
376	55 
377	3 
378	14 
379	31 
380	41 
381	64 
382	13 
383	40 
384	53 
385	50 
386	61 
387	49 
388	65 
389	52 
390	64 
391	1 
392	40 
393	53 
394	61 
395	47 
396	11 
397	64 
398	51 
399	57 
400	35 
401	40 
402	45 
403	1 
404	37 
405	36 
406	37 
407	5 
408	31 
409	1 
410	14 
411	40 
412	10 
413	53 
414	24 
415	9 
416	24 
417	53 
418	54 
419	43 
420	19 
421	50 
422	40 
423	19 
424	19 
425	25 
426	21 
427	34 
428	9 
429	16 
430	54 
431	41 
432	24 
433	29 
434	15 
435	40 
436	34 
437	19 
438	49 
439	22 
440	20 
441	2 
442	34 
443	19 
444	52 
445	9 
446	20 
447	6 
448	30 
449	14 
450	50 
451	54 
452	10 
453	4 
454	3 
455	43 
456	11 
457	18 
458	21 
459	10 
460	44 
461	28 
462	46 
463	59 
464	57 
465	27 
466	10 
467	36 
468	65 
469	7 
470	33 
471	52 
472	34 
473	7 
474	29 
475	62 
476	11 
477	53 
478	4 
479	26 
480	8 
481	1 
482	40 
483	22 
484	42 
485	49 
486	51 
487	58 
488	4 
489	49 
490	52 
491	55 
492	14 
493	21 
494	18 
495	52 
496	56 
497	41 
498	30 
499	44 
500	50 
501	49 
502	46 
503	33 
504	35 
505	57 
506	42 
507	38 
508	13 
509	41 
510	13 
511	2 
512	45 
513	5 
514	39 
515	36 
516	41 
517	27 
518	1 
519	25 
520	46 
521	45 
522	31 
523	40 
524	54 
525	60 
526	28 
527	14 
528	26 
529	63 
530	54 
531	59 
532	28 
533	39 
534	22 
535	52 
536	12 
537	1 
538	14 
539	21 
540	10 
541	28 
542	48 
543	50 
544	39 
545	24 
546	51 
547	38 
548	35 
549	17 
550	30 
551	58 
552	4 
553	39 
554	59 
555	28 
556	17 
557	34 
558	48 
559	42 
560	29 
561	63 
562	65 
563	24 
564	59 
565	2 
566	44 
567	24 
568	62 
569	35 
570	61 
571	11 
572	21 
573	9 
574	24 
575	5 
576	27 
577	57 
578	8 
579	17 
580	50 
581	12 
582	8 
583	11 
584	52 
585	8 
586	59 
587	48 
588	63 
589	52 
590	58 
591	6 
592	21 
593	35 
594	38 
595	17 
596	18 
597	24 
598	12 
599	33 
600	46 
601	6 
602	64 
603	42 
604	33 
605	19 
606	37 
607	34 
608	31 
609	24 
610	43 
611	15 
612	17 
613	42 
614	63 
615	61 
616	22 
617	22 
618	65 
619	40 
620	57 
621	64 
622	33 
623	51 
624	19 
625	63 
626	24 
627	18 
628	21 
629	22 
630	24 
631	21 
632	15 
633	25 
634	61 
635	31 
636	30 
637	35 
638	25 
639	3 
640	43 
641	31 
642	4 
643	19 
644	22 
645	21 
646	37 
647	14 
648	50 
649	37 
650	59 
651	58 
652	37 
653	23 
654	13 
655	21 
656	18 
657	27 
658	1 
659	35 
660	23 
661	55 
662	3 
663	22 
664	34 
665	12 
666	57 
667	36 
668	65 
669	28 
670	62 
671	10 
672	58 
673	14 
674	47 
675	51 
676	27 
677	21 
678	41 
679	56 
680	61 
681	34 
682	31 
683	49 
684	46 
685	37 
686	34 
687	57 
688	54 
689	65 
690	5 
691	22 
692	55 
693	21 
694	30 
695	56 
696	23 
697	49 
698	18 
699	55 
700	22 
701	56 
702	15 
703	10 
704	24 
705	44 
706	54 
707	4 
708	39 
709	43 
710	63 
711	19 
712	32 
713	40 
714	52 
715	17 
716	36 
717	42 
718	1 
719	53 
720	63 
721	22 
722	14 
723	18 
724	63 
725	5 
726	25 
727	30 
728	25 
729	53 
730	49 
731	47 
732	35 
733	45 
734	63 
735	54 
736	41 
737	24 
738	2 
739	44 
740	62 
741	17 
742	3 
743	3 
744	33 
745	24 
746	27 
747	40 
748	55 
749	56 
750	33 
751	64 
752	6 
753	5 
754	52 
755	13 
756	17 
757	10 
758	37 
759	6 
760	38 
761	27 
762	49 
763	18 
764	29 
765	8 
766	47 
767	59 
768	7 
769	43 
770	27 
771	60 
772	30 
773	59 
774	18 
775	41 
776	12 
777	44 
778	65 
779	10 
780	60 
781	36 
782	45 
783	52 
784	35 
785	16 
786	10 
787	19 
788	51 
789	21 
790	9 
791	40 
792	42 
793	61 
794	52 
795	15 
796	47 
797	47 
798	50 
799	32 
800	23 
801	28 
802	57 
803	8 
804	13 
805	59 
806	25 
807	2 
808	4 
809	58 
810	26 
811	26 
812	38 
813	21 
814	18 
815	38 
816	53 
817	20 
818	49 
819	6 
820	51 
821	24 
822	48 
823	62 
824	35 
825	52 
826	9 
827	22 
828	36 
829	24 
830	41 
831	1 
832	39 
833	47 
834	36 
835	1 
836	1 
837	13 
838	32 
839	36 
840	53 
841	59 
842	37 
843	9 
844	59 
845	18 
846	50 
847	39 
848	9 
849	10 
850	54 
851	63 
852	15 
853	57 
854	39 
855	35 
856	9 
857	61 
858	28 
859	43 
860	31 
861	52 
862	45 
863	19 
864	14 
865	8 
866	33 
867	6 
868	38 
869	4 
870	62 
871	54 
872	22 
873	60 
874	51 
875	26 
876	18 
877	59 
878	18 
879	32 
880	42 
881	8 
882	54 
883	4 
884	46 
885	45 
886	3 
887	8 
888	8 
889	43 
890	1 
891	53 
892	25 
893	44 
894	57 
895	30 
896	7 
897	15 
898	28 
899	57 
900	5 
901	49 
902	65 
903	42 
904	7 
905	52 
906	23 
907	21 
908	45 
909	2 
910	42 
911	57 
912	17 
913	59 
914	45 
915	60 
916	34 
917	33 
918	41 
919	10 
920	31 
921	49 
922	61 
923	22 
924	38 
925	37 
926	8 
927	56 
928	10 
929	57 
930	65 
931	34 
932	18 
933	5 
934	57 
935	44 
936	24 
937	35 
938	32 
939	36 
940	62 
941	9 
942	13 
943	59 
944	25 
945	43 
946	63 
947	22 
948	35 
949	44 
950	15 
951	35 
952	30 
953	2 
954	23 
955	17 
956	15 
957	13 
958	36 
959	37 
960	57 
961	21 
962	47 
963	38 
964	45 
965	50 
966	6 
967	14 
968	10 
969	53 
970	17 
971	24 
972	22 
973	58 
974	53 
975	36 
976	52 
977	36 
978	43 
979	35 
980	57 
981	57 
982	24 
983	9 
984	50 
985	14 
986	25 
987	9 
988	21 
989	42 
990	4 
991	38 
992	42 
993	22 
994	23 
995	19 
996	37 
997	14 
998	57 
999	45 
1000	22 
1001	53 
1002	37 
1003	5 
1004	56 
1005	63 
1006	45 
1007	43 
1008	54 
1009	51 
1010	2 
1011	25 
1012	65 
1013	60 
1014	5 
1015	6 
1016	32 
1017	49 
1018	34 
1019	64 
1020	18 
1021	13 
1022	7 
1023	46 
1024	34 
1025	54 
1026	60 
1027	61 
1028	1 
1029	13 
1030	53 
1031	9 
1032	46 
1033	60 
1034	17 
1035	39 
1036	25 
1037	14 
1038	65 
1039	8 
1040	22 
1041	26 
1042	7 
1043	50 
1044	65 
1045	22 
1046	5 
1047	30 
1048	26 
1049	5 
1050	43 
1051	51 
1052	59 
1053	62 
1054	12 
1055	1 
1056	47 
1057	57 
1058	18 
1059	48 
1060	20 
1061	55 
1062	39 
1063	13 
1064	11 
1065	31 
1066	4 
1067	37 
1068	25 
1069	39 
1070	48 
1071	54 
1072	63 
1073	62 
1074	41 
1075	22 
1076	15 
1077	55 
1078	57 
1079	55 
1080	8 
1081	12 
1082	14 
1083	8 
1084	20 
1085	28 
1086	6 
1087	50 
1088	10 
1089	20 
1090	1 
1091	20 
1092	54 
1093	63 
1094	61 
1095	21 
1096	16 
1097	58 
1098	10 
1099	5 
1100	54 
1101	61 
1102	17 
1103	51 
1104	9 
1105	50 
1106	48 
1107	39 
1108	43 
1109	24 
1110	33 
1111	34 
1112	37 
1113	58 
1114	8 
1115	32 
1116	35 
1117	5 
1118	22 
1119	37 
1120	46 
1121	17 
1122	64 
1123	35 
1124	30 
1125	14 
1126	27 
1127	6 
1128	56 
1129	3 
1130	3 
1131	27 
1132	56 
1133	38 
1134	1 
1135	62 
1136	56 
1137	57 
1138	42 
1139	58 
1140	21 
1141	57 
1142	17 
1143	63 
1144	16 
1145	41 
1146	32 
1147	64 
1148	1 
1149	55 
1150	55 
1151	38 
1152	57 
1153	37 
1154	32 
1155	11 
1156	65 
1157	40 
1158	65 
1159	63 
1160	5 
1161	51 
1162	16 
1163	9 
1164	28 
1165	12 
1166	17 
1167	45 
1168	45 
1169	18 
1170	39 
1171	2 
1172	23 
1173	65 
1174	7 
1175	41 
1176	61 
1177	9 
1178	8 
1179	43 
1180	55 
1181	22 
1182	35 
1183	26 
1184	30 
1185	56 
1186	35 
1187	40 
1188	54 
1189	63 
1190	23 
1191	21 
1192	19 
1193	58 
1194	47 
1195	65 
1196	65 
1197	5 
1198	60 
1199	17 
1200	8 
1201	52 
1202	55 
1203	9 
1204	9 
1205	4 
1206	25 
1207	59 
1208	22 
1209	4 
1210	30 
1211	13 
1212	59 
1213	44 
1214	46 
1215	52 
1216	8 
1217	48 
1218	18 
1219	60 
1220	44 
1221	4 
1222	60 
1223	11 
1224	58 
1225	28 
1226	22 
1227	1 
1228	23 
1229	36 
1230	16 
1231	42 
1232	30 
1233	23 
1234	19 
1235	5 
1236	3 
1237	50 
1238	65 
1239	45 
1240	60 
1241	49 
1242	32 
1243	51 
1244	32 
1245	3 
1246	63 
1247	19 
1248	60 
1249	44 
1250	31 
1251	62 
1252	44 
1253	13 
1254	44 
1255	18 
1256	40 
1257	38 
1258	61 
1259	7 
1260	61 
1261	11 
1262	29 
1263	61 
1264	19 
1265	41 
1266	62 
1267	63 
1268	32 
1269	9 
1270	20 
1271	9 
1272	34 
1273	60 
1274	47 
1275	23 
1276	30 
1277	60 
1278	32 
1279	3 
1280	20 
1281	64 
1282	30 
1283	49 
1284	61 
1285	2 
1286	38 
1287	26 
1288	55 
1289	3 
1290	41 
1291	29 
1292	19 
1293	23 
1294	7 
1295	6 
1296	17 
1297	60 
1298	16 
1299	39 
1300	38 
1301	32 
1302	33 
1303	17 
1304	64 
1305	57 
1306	1 
1307	5 
1308	14 
1309	1 
1310	17 
1311	65 
1312	59 
1313	38 
1314	61 
1315	50 
1316	49 
1317	63 
1318	40 
1319	46 
1320	32 
1321	29 
1322	28 
1323	37 
1324	39 
1325	52 
1326	44 
1327	33 
1328	26 
1329	5 
1330	1 
1331	61 
1332	53 
1333	42 
1334	54 
1335	61 
1336	33 
1337	13 
1338	59 
1339	33 
1340	32 
1341	10 
1342	25 
1343	14 
1344	45 
1345	3 
1346	37 
1347	58 
1348	65 
1349	57 
1350	46 
1351	57 
1352	27 
1353	42 
1354	28 
1355	9 
1356	24 
1357	44 
1358	49 
1359	25 
1360	12 
1361	17 
1362	11 
1363	34 
1364	31 
1365	28 
1366	11 
1367	60 
1368	40 
1369	3 
1370	46 
1371	11 
1372	19 
1373	13 
1374	3 
1375	39 
1376	33 
1377	34 
1378	29 
1379	3 
1380	25 
1381	29 
1382	9 
1383	1 
1384	12 
1385	54 
1386	59 
1387	23 
1388	41 
1389	5 
1390	26 
1391	19 
1392	7 
1393	32 
1394	31 
1395	34 
1396	45 
1397	3 
1398	24 
1399	40 
1400	37 
1401	37 
1402	29 
1403	29 
1404	10 
1405	46 
1406	35 
1407	63 
1408	39 
1409	51 
1410	65 
1411	22 
1412	9 
1413	13 
1414	1 
1415	55 
1416	39 
1417	23 
1418	12 
1419	52 
1420	19 
1421	45 
1422	52 
1423	51 
1424	35 
1425	5 
1426	15 
1427	43 
1428	10 
1429	32 
1430	18 
1431	41 
1432	55 
1433	21 
1434	43 
1435	10 
1436	31 
1437	51 
1438	9 
1439	8 
1440	52 
1441	63 
1442	38 
1443	62 
1444	64 
1445	3 
1446	34 
1447	1 
1448	54 
1449	4 
1450	26 
1451	6 
1452	21 
1453	45 
1454	59 
1455	34 
1456	47 
1457	65 
1458	38 
1459	12 
1460	64 
1461	26 
1462	27 
1463	32 
1464	41 
1465	16 
1466	50 
1467	5 
1468	49 
1469	53 
1470	32 
1471	52 
1472	43 
1473	24 
1474	47 
1475	49 
1476	43 
1477	14 
1478	24 
1479	55 
1480	62 
1481	26 
1482	58 
1483	9 
1484	17 
1485	33 
1486	35 
1487	31 
1488	62 
1489	23 
1490	55 
1491	33 
1492	4 
1493	28 
1494	24 
1495	64 
1496	29 
1497	25 
1498	4 
1499	41 
1500	47 
1501	51 
1502	7 
1503	14 
1504	32 
1505	10 
1506	51 
1507	5 
1508	17 
1509	17 
1510	48 
1511	48 
1512	46 
1513	65 
1514	37 
1515	58 
1516	31 
1517	64 
1518	62 
1519	20 
1520	1 
1521	10 
1522	40 
1523	65 
1524	36 
1525	33 
1526	4 
1527	4 
1528	7 
1529	25 
1530	25 
1531	8 
1532	38 
1533	16 
1534	20 
1535	46 
1536	34 
1537	4 
1538	35 
1539	51 
1540	38 
1541	46 
1542	35 
1543	30 
1544	47 
1545	5 
1546	12 
1547	62 
1548	23 
1549	59 
1550	39 
1551	29 
1552	46 
1553	59 
1554	21 
1555	27 
1556	21 
1557	47 
1558	50 
1559	63 
1560	10 
1561	36 
1562	48 
1563	47 
1564	15 
1565	8 
1566	37 
1567	11 
1568	63 
1569	2 
1570	48 
1571	61 
1572	62 
1573	48 
1574	2 
1575	53 
1576	23 
1577	5 
1578	55 
1579	42 
1580	7 
1581	26 
1582	41 
1583	62 
1584	48 
1585	31 
1586	55 
1587	21 
1588	22 
1589	15 
1590	39 
1591	65 
1592	36 
1593	23 
1594	36 
1595	57 
1596	50 
1597	59 
1598	20 
1599	7 
1600	53 
1601	7 
1602	33 
1603	37 
1604	37 
1605	59 
1606	13 
1607	41 
1608	55 
1609	6 
1610	38 
1611	17 
1612	38 
1613	30 
1614	36 
1615	15 
1616	60 
1617	58 
1618	21 
1619	13 
1620	46 
1621	26 
1622	64 
1623	14 
1624	36 
1625	12 
1626	31 
1627	41 
1628	48 
1629	55 
1630	28 
1631	28 
1632	31 
1633	47 
1634	65 
1635	44 
1636	63 
1637	45 
1638	31 
1639	58 
1640	47 
1641	63 
1642	10 
1643	30 
1644	21 
1645	1 
1646	22 
1647	19 
1648	54 
1649	56 
1650	5 
1651	53 
1652	65 
1653	28 
1654	15 
1655	34 
1656	40 
1657	21 
1658	20 
1659	12 
1660	45 
1661	12 
1662	47 
1663	1 
1664	63 
1665	13 
1666	55 
1667	17 
1668	39 
1669	8 
1670	12 
1671	32 
1672	19 
1673	53 
1674	15 
1675	9 
1676	21 
1677	3 
1678	46 
1679	65 
1680	27 
1681	49 
1682	9 
1683	48 
1684	64 
1685	14 
1686	63 
1687	23 
1688	11 
1689	29 
1690	38 
1691	38 
1692	1 
1693	10 
1694	29 
1695	6 
1696	40 
1697	8 
1698	16 
1699	19 
1700	22 
1701	26 
1702	59 
1703	22 
1704	44 
1705	2 
1706	58 
1707	7 
1708	54 
1709	32 
1710	16 
1711	35 
1712	54 
1713	8 
1714	15 
1715	12 
1716	15 
1717	56 
1718	20 
1719	43 
1720	13 
1721	55 
1722	51 
1723	43 
1724	60 
1725	36 
1726	41 
1727	53 
1728	63 
1729	14 
1730	13 
1731	60 
1732	54 
1733	19 
1734	9 
1735	40 
1736	24 
1737	38 
1738	63 
1739	62 
1740	8 
1741	39 
1742	19 
1743	36 
1744	60 
1745	16 
1746	58 
1747	9 
1748	15 
1749	43 
1750	9 
1751	20 
1752	17 
1753	52 
1754	49 
1755	56 
1756	46 
1757	14 
1758	46 
1759	14 
1760	44 
1761	1 
1762	3 
1763	3 
1764	20 
1765	1 
1766	1 
1767	14 
1768	41 
1769	43 
1770	59 
1771	55 
1772	44 
1773	20 
1774	30 
1775	25 
1776	47 
1777	63 
1778	51 
1779	47 
1780	46 
1781	60 
1782	14 
1783	41 
1784	42 
1785	6 
1786	39 
1787	12 
1788	4 
1789	7 
1790	33 
1791	15 
1792	16 
1793	41 
1794	13 
1795	34 
1796	27 
1797	18 
1798	51 
1799	30 
1800	34 
1801	20 
1802	4 
1803	30 
1804	38 
1805	33 
1806	44 
1807	25 
1808	39 
1809	40 
1810	32 
1811	34 
1812	25 
1813	34 
1814	26 
1815	52 
1816	57 
1817	50 
1818	8 
1819	25 
1820	13 
1821	37 
1822	54 
1823	8 
1824	23 
1825	27 
1826	57 
1827	36 
1828	65 
1829	64 
1830	16 
1831	55 
1832	58 
1833	3 
1834	62 
1835	10 
1836	46 
1837	61 
1838	62 
1839	2 
1840	40 
1841	46 
1842	31 
1843	10 
1844	21 
1845	17 
1846	59 
1847	10 
1848	9 
1849	44 
1850	45 
1851	11 
1852	18 
1853	20 
1854	25 
1855	36 
1856	55 
1857	60 
1858	35 
1859	55 
1860	2 
1861	20 
1862	23 
1863	4 
1864	8 
1865	16 
1866	48 
1867	28 
1868	8 
1869	24 
1870	26 
1871	34 
1872	18 
1873	16 
1874	25 
1875	6 
1876	65 
1877	14 
1878	49 
1879	24 
1880	39 
1881	31 
1882	22 
1883	32 
1884	10 
1885	42 
1886	23 
1887	30 
1888	49 
1889	29 
1890	9 
1891	24 
1892	57 
1893	8 
1894	7 
1895	56 
1896	39 
1897	48 
1898	28 
1899	2 
1900	25 
1901	21 
1902	41 
1903	31 
1904	43 
1905	10 
1906	45 
1907	41 
1908	62 
1909	52 
1910	30 
1911	27 
1912	62 
1913	61 
1914	44 
1915	44 
1916	44 
1917	51 
1918	1 
1919	28 
1920	25 
1921	19 
1922	38 
1923	32 
1924	16 
1925	35 
1926	52 
1927	24 
1928	39 
1929	15 
1930	10 
1931	54 
1932	55 
1933	8 
1934	29 
1935	7 
1936	8 
1937	51 
1938	24 
1939	14 
1940	16 
1941	26 
1942	37 
1943	15 
1944	8 
1945	1 
1946	14 
1947	10 
1948	4 
1949	41 
1950	28 
1951	6 
1952	54 
1953	40 
1954	61 
1955	3 
1956	46 
1957	52 
1958	16 
1959	62 
1960	19 
1961	18 
1962	24 
1963	54 
1964	49 
1965	23 
1966	23 
1967	11 
1968	46 
1969	59 
1970	22 
1971	12 
1972	62 
1973	57 
1974	1 
1975	59 
1976	15 
1977	37 
1978	45 
1979	42 
1980	5 
1981	48 
1982	54 
1983	15 
1984	33 
1985	11 
1986	4 
1987	46 
1988	16 
1989	8 
1990	2 
1991	32 
1992	31 
1993	64 
1994	20 
1995	25 
1996	27 
1997	43 
1998	41 
1999	64 
2000	22 
2001	7 
2002	63 
2003	35 
2004	31 
2005	28 
2006	41 
2007	45 
2008	20 
2009	59 
2010	12 
2011	1 
2012	42 
2013	48 
2014	11 
2015	50 
2016	33 
2017	8 
2018	44 
2019	32 
2020	29 
2021	63 
2022	13 
2023	36 
2024	19 
2025	19 
2026	52 
2027	30 
2028	39 
2029	51 
2030	27 
2031	35 
2032	3 
2033	37 
2034	46 
2035	17 
2036	41 
2037	14 
2038	55 
2039	23 
2040	19 
2041	21 
2042	22 
2043	43 
2044	37 
2045	32 
2046	40 
2047	55 
2048	42 
2049	47 
2050	25 
2051	59 
2052	33 
2053	47 
2054	13 
2055	52 
2056	39 
2057	16 
2058	24 
2059	59 
2060	59 
2061	21 
2062	15 
2063	54 
2064	55 
2065	48 
2066	2 
2067	47 
2068	60 
2069	19 
2070	62 
2071	35 
2072	56 
2073	59 
2074	45 
2075	37 
2076	47 
2077	9 
2078	10 
2079	47 
2080	16 
2081	23 
2082	49 
2083	9 
2084	47 
2085	52 
2086	13 
2087	29 
2088	60 
2089	26 
2090	26 
2091	58 
2092	1 
2093	18 
2094	10 
2095	15 
2096	63 
2097	8 
2098	31 
2099	12 
2100	39 
2101	13 
2102	31 
2103	32 
2104	55 
2105	37 
2106	56 
2107	49 
2108	7 
2109	25 
2110	51 
2111	37 
2112	63 
2113	8 
2114	25 
2115	25 
2116	57 
2117	16 
2118	49 
2119	19 
2120	41 
2121	47 
2122	39 
2123	6 
2124	21 
2125	8 
2126	49 
2127	8 
2128	64 
2129	61 
2130	1 
2131	11 
2132	38 
2133	50 
2134	26 
2135	32 
2136	1 
2137	26 
2138	34 
2139	57 
2140	63 
2141	1 
2142	5 
2143	3 
2144	63 
2145	4 
2146	20 
2147	14 
2148	53 
2149	36 
2150	33 
2151	41 
2152	26 
2153	53 
2154	63 
2155	30 
2156	9 
2157	60 
2158	16 
2159	26 
2160	41 
2161	19 
2162	6 
2163	35 
2164	51 
2165	33 
2166	42 
2167	45 
2168	41 
2169	26 
2170	42 
2171	13 
2172	9 
2173	52 
2174	12 
2175	45 
2176	28 
2177	59 
2178	60 
2179	31 
2180	65 
2181	54 
2182	42 
2183	46 
2184	1 
2185	24 
2186	29 
2187	48 
2188	28 
2189	35 
2190	64 
2191	3 
2192	52 
2193	33 
2194	37 
2195	64 
2196	44 
2197	23 
2198	6 
2199	14 
2200	45 
2201	47 
2202	43 
2203	12 
2204	26 
2205	22 
2206	33 
2207	48 
2208	36 
2209	65 
2210	55 
2211	51 
2212	8 
2213	24 
2214	55 
2215	42 
2216	29 
2217	36 
2218	28 
2219	60 
2220	46 
2221	10 
2222	21 
2223	12 
2224	30 
2225	23 
2226	43 
2227	33 
2228	46 
2229	65 
2230	26 
2231	29 
2232	16 
2233	39 
2234	27 
2235	32 
2236	38 
2237	21 
2238	10 
2239	18 
2240	19 
2241	11 
2242	32 
2243	14 
2244	49 
2245	25 
2246	55 
2247	15 
2248	39 
2249	9 
2250	5 
2251	22 
2252	64 
2253	61 
2254	55 
2255	32 
2256	35 
2257	2 
2258	45 
2259	43 
2260	1 
2261	23 
2262	65 
2263	27 
2264	46 
2265	25 
2266	4 
2267	27 
2268	34 
2269	16 
2270	11 
2271	19 
2272	4 
2273	26 
2274	56 
2275	54 
2276	37 
2277	53 
2278	2 
2279	41 
2280	1 
2281	8 
2282	42 
2283	47 
2284	38 
2285	7 
2286	58 
2287	35 
2288	49 
2289	8 
2290	32 
2291	30 
2292	4 
2293	51 
2294	15 
2295	48 
2296	33 
2297	57 
2298	31 
2299	19 
2300	57 
2301	27 
2302	60 
2303	35 
2304	32 
2305	33 
2306	57 
2307	45 
2308	38 
2309	16 
2310	55 
2311	4 
2312	48 
2313	46 
2314	5 
2315	10 
2316	59 
2317	21 
2318	45 
2319	5 
2320	48 
2321	22 
2322	15 
2323	53 
2324	35 
2325	39 
2326	13 
2327	15 
2328	54 
2329	34 
2330	20 
2331	27 
2332	43 
2333	40 
2334	53 
2335	53 
2336	55 
2337	15 
2338	12 
2339	46 
2340	49 
2341	1 
2342	13 
2343	29 
2344	56 
2345	38 
2346	47 
2347	47 
2348	55 
2349	55 
2350	35 
2351	24 
2352	3 
2353	12 
2354	45 
2355	63 
2356	1 
2357	35 
2358	34 
2359	33 
2360	60 
2361	14 
2362	38 
2363	1 
2364	21 
2365	9 
2366	9 
2367	60 
2368	61 
2369	44 
2370	36 
2371	26 
2372	26 
2373	17 
2374	25 
2375	62 
2376	31 
2377	31 
2378	8 
2379	54 
2380	42 
2381	7 
2382	1 
2383	4 
2384	62 
2385	12 
2386	44 
2387	22 
2388	34 
2389	49 
2390	38 
2391	13 
2392	17 
2393	32 
2394	23 
2395	50 
2396	19 
2397	7 
2398	5 
2399	5 
2400	10 
2401	65 
2402	43 
2403	46 
2404	54 
2405	17 
2406	24 
2407	49 
2408	7 
2409	3 
2410	11 
2411	44 
2412	54 
2413	21 
2414	32 
2415	46 
2416	24 
2417	21 
2418	39 
2419	35 
2420	22 
2421	43 
2422	48 
2423	45 
2424	24 
2425	45 
2426	38 
2427	32 
2428	63 
2429	11 
2430	23 
2431	9 
2432	59 
2433	2 
2434	31 
2435	6 
2436	4 
2437	3 
2438	23 
2439	28 
2440	44 
2441	39 
2442	48 
2443	37 
2444	31 
2445	52 
2446	38 
2447	20 
2448	16 
2449	52 
2450	34 
2451	14 
2452	3 
2453	41 
2454	27 
2455	9 
2456	16 
2457	36 
2458	60 
2459	32 
2460	65 
2461	47 
2462	17 
2463	11 
2464	46 
2465	4 
2466	16 
2467	7 
2468	16 
2469	15 
2470	41 
2471	19 
2472	60 
2473	53 
2474	42 
2475	32 
2476	9 
2477	28 
2478	37 
2479	49 
2480	19 
2481	50 
2482	10 
2483	49 
2484	4 
2485	55 
2486	22 
2487	34 
2488	1 
2489	17 
2490	4 
2491	59 
2492	45 
2493	63 
2494	51 
2495	10 
2496	64 
2497	38 
2498	48 
2499	1 
2500	8 
2501	28 
2502	1 
2503	16 
2504	6 
2505	43 
2506	25 
2507	9 
2508	61 
2509	21 
2510	57 
2511	47 
2512	38 
2513	47 
2514	38 
2515	63 
2516	57 
2517	48 
2518	48 
2519	35 
2520	47 
2521	14 
2522	47 
2523	33 
2524	1 
2525	30 
2526	29 
2527	35 
2528	51 
2529	9 
2530	25 
2531	63 
2532	54 
2533	19 
2534	34 
2535	21 
2536	59 
2537	50 
2538	29 
2539	23 
2540	34 
2541	63 
2542	6 
2543	23 
2544	47 
2545	28 
2546	26 
2547	59 
2548	35 
2549	60 
2550	32 
2551	39 
2552	55 
2553	22 
2554	26 
2555	63 
2556	46 
2557	59 
2558	31 
2559	17 
2560	55 
2561	55 
2562	16 
2563	32 
2564	11 
2565	20 
2566	62 
2567	56 
2568	35 
2569	12 
2570	62 
2571	19 
2572	22 
2573	12 
2574	6 
2575	48 
2576	28 
2577	28 
2578	11 
2579	12 
2580	34 
2581	48 
2582	51 
2583	42 
2584	12 
2585	2 
2586	31 
2587	52 
2588	54 
2589	12 
2590	15 
2591	49 
2592	27 
2593	48 
2594	13 
2595	24 
2596	26 
2597	58 
2598	63 
2599	20 
2600	19 
2601	41 
2602	36 
2603	14 
2604	34 
2605	56 
2606	35 
2607	22 
2608	16 
2609	20 
2610	38 
2611	59 
2612	29 
2613	12 
2614	60 
2615	40 
2616	24 
2617	42 
2618	50 
2619	32 
2620	18 
2621	12 
2622	63 
2623	59 
2624	19 
2625	32 
2626	62 
2627	31 
2628	32 
2629	35 
2630	59 
2631	9 
2632	50 
2633	18 
2634	34 
2635	7 
2636	13 
2637	47 
2638	14 
2639	6 
2640	4 
2641	33 
2642	55 
2643	8 
2644	49 
2645	47 
2646	12 
2647	26 
2648	44 
2649	25 
2650	7 
2651	57 
2652	53 
2653	43 
2654	45 
2655	49 
2656	26 
2657	55 
2658	40 
2659	43 
2660	5 
2661	27 
2662	36 
2663	62 
2664	1 
2665	17 
2666	31 
2667	41 
2668	28 
2669	21 
2670	38 
2671	9 
2672	24 
2673	39 
2674	34 
2675	7 
2676	16 
2677	1 
2678	47 
2679	17 
2680	59 
2681	49 
2682	45 
2683	32 
2684	36 
2685	57 
2686	8 
2687	22 
2688	53 
2689	36 
2690	35 
2691	35 
2692	38 
2693	54 
2694	44 
2695	3 
2696	42 
2697	32 
2698	34 
2699	59 
2700	64 
2701	62 
2702	60 
2703	32 
2704	37 
2705	65 
2706	15 
2707	1 
2708	20 
2709	32 
2710	14 
2711	46 
2712	23 
2713	33 
2714	50 
2715	31 
2716	30 
2717	49 
2718	25 
2719	49 
2720	35 
2721	55 
2722	5 
2723	21 
2724	59 
2725	36 
2726	52 
2727	57 
2728	53 
2729	21 
2730	33 
2731	4 
2732	45 
2733	52 
2734	59 
2735	33 
2736	35 
2737	41 
2738	56 
2739	45 
2740	38 
2741	55 
2742	24 
2743	17 
2744	40 
2745	50 
2746	7 
2747	6 
2748	45 
2749	1 
2750	20 
2751	60 
2752	40 
2753	14 
2754	47 
2755	50 
2756	13 
2757	55 
2758	12 
2759	23 
2760	37 
2761	21 
2762	2 
2763	20 
2764	6 
2765	2 
2766	56 
2767	10 
2768	31 
2769	65 
2770	10 
2771	29 
2772	14 
2773	22 
2774	49 
2775	56 
2776	26 
2777	11 
2778	43 
2779	59 
2780	56 
2781	2 
2782	57 
2783	36 
2784	65 
2785	7 
2786	49 
2787	50 
2788	21 
2789	50 
2790	38 
2791	52 
2792	14 
2793	57 
2794	15 
2795	1 
2796	47 
2797	43 
2798	14 
2799	6 
2800	28 
2801	2 
2802	45 
2803	30 
2804	54 
2805	46 
2806	6 
2807	41 
2808	54 
2809	30 
2810	6 
2811	47 
2812	2 
2813	62 
2814	41 
2815	5 
2816	5 
2817	55 
2818	6 
2819	22 
2820	37 
2821	63 
2822	17 
2823	8 
2824	1 
2825	53 
2826	28 
2827	64 
2828	1 
2829	35 
2830	4 
2831	17 
2832	42 
2833	34 
2834	38 
2835	23 
2836	45 
2837	44 
2838	2 
2839	2 
2840	46 
2841	28 
2842	11 
2843	46 
2844	10 
2845	18 
2846	16 
2847	52 
2848	39 
2849	19 
2850	24 
2851	63 
2852	24 
2853	2 
2854	48 
2855	17 
2856	46 
2857	14 
2858	8 
2859	60 
2860	32 
2861	46 
2862	59 
2863	10 
2864	60 
2865	52 
2866	51 
2867	35 
2868	56 
2869	8 
2870	45 
2871	42 
2872	17 
2873	46 
2874	57 
2875	9 
2876	27 
2877	24 
2878	32 
2879	15 
2880	18 
2881	3 
2882	24 
2883	55 
2884	38 
2885	24 
2886	65 
2887	17 
2888	56 
2889	47 
2890	36 
2891	16 
2892	26 
2893	12 
2894	18 
2895	47 
2896	12 
2897	60 
2898	10 
2899	47 
2900	3 
2901	18 
2902	21 
2903	19 
2904	5 
2905	49 
2906	34 
2907	51 
2908	8 
2909	58 
2910	63 
2911	63 
2912	57 
2913	61 
2914	35 
2915	64 
2916	32 
2917	18 
2918	10 
2919	17 
2920	5 
2921	25 
2922	8 
2923	47 
2924	21 
2925	19 
2926	56 
2927	6 
2928	25 
2929	52 
2930	5 
2931	7 
2932	20 
2933	55 
2934	60 
2935	35 
2936	18 
2937	26 
2938	54 
2939	54 
2940	17 
2941	21 
2942	16 
2943	30 
2944	24 
2945	35 
2946	10 
2947	40 
2948	8 
2949	52 
2950	20 
2951	22 
2952	22 
2953	36 
2954	59 
2955	11 
2956	34 
2957	10 
2958	21 
2959	46 
2960	32 
2961	12 
2962	46 
2963	28 
2964	40 
2965	51 
2966	11 
2967	9 
2968	27 
2969	17 
2970	26 
2971	15 
2972	10 
2973	45 
2974	36 
2975	52 
2976	19 
2977	37 
2978	19 
2979	64 
2980	17 
2981	9 
2982	2 
2983	42 
2984	30 
2985	57 
2986	6 
2987	48 
2988	65 
2989	41 
2990	28 
2991	5 
2992	53 
2993	23 
2994	5 
2995	58 
2996	29 
2997	15 
2998	20 
2999	41 
3000	38 
3001	42 
3002	1 
3003	5 
3004	42 
3005	5 
3006	53 
3007	13 
3008	37 
3009	30 
3010	45 
3011	29 
3012	55 
3013	13 
3014	1 
3015	24 
3016	1 
3017	23 
3018	38 
3019	16 
3020	7 
3021	25 
3022	62 
3023	62 
3024	24 
3025	25 
3026	18 
3027	3 
3028	10 
3029	32 
3030	4 
3031	37 
3032	42 
3033	22 
3034	62 
3035	29 
3036	17 
3037	46 
3038	29 
3039	51 
3040	28 
3041	26 
3042	40 
3043	34 
3044	55 
3045	8 
3046	25 
3047	22 
3048	20 
3049	4 
3050	54 
3051	34 
3052	21 
3053	60 
3054	13 
3055	22 
3056	56 
3057	32 
3058	11 
3059	3 
3060	39 
3061	28 
3062	24 
3063	42 
3064	16 
3065	38 
3066	48 
3067	56 
3068	37 
3069	48 
3070	19 
3071	61 
3072	56 
3073	61 
3074	63 
3075	47 
3076	14 
3077	3 
3078	64 
3079	33 
3080	50 
3081	39 
3082	25 
3083	28 
3084	60 
3085	44 
3086	54 
3087	6 
3088	18 
3089	47 
3090	48 
3091	59 
3092	28 
3093	3 
3094	48 
3095	7 
3096	15 
3097	21 
3098	46 
3099	65 
3100	23 
3101	4 
3102	23 
3103	52 
3104	35 
3105	63 
3106	19 
3107	9 
3108	9 
3109	61 
3110	14 
3111	51 
3112	24 
3113	59 
3114	53 
3115	25 
3116	13 
3117	16 
3118	28 
3119	2 
3120	25 
3121	52 
3122	47 
3123	55 
3124	12 
3125	1 
3126	20 
3127	32 
3128	35 
3129	29 
3130	44 
3131	24 
3132	37 
3133	54 
3134	29 
3135	60 
3136	18 
3137	22 
3138	27 
3139	26 
3140	56 
3141	55 
3142	14 
3143	49 
3144	23 
3145	47 
3146	1 
3147	65 
3148	30 
3149	63 
3150	57 
3151	45 
3152	15 
3153	21 
3154	21 
3155	63 
3156	46 
3157	2 
3158	6 
3159	27 
3160	47 
3161	14 
3162	43 
3163	63 
3164	55 
3165	39 
3166	15 
3167	3 
3168	39 
3169	7 
3170	45 
3171	5 
3172	44 
3173	21 
3174	14 
3175	18 
3176	40 
3177	47 
3178	56 
3179	63 
3180	41 
3181	37 
3182	14 
3183	34 
3184	1 
3185	22 
3186	1 
3187	36 
3188	65 
3189	3 
3190	9 
3191	59 
3192	49 
3193	50 
3194	34 
3195	11 
3196	18 
3197	39 
3198	14 
3199	11 
3200	26 
3201	15 
3202	32 
3203	39 
3204	60 
3205	2 
3206	13 
3207	15 
3208	23 
3209	34 
3210	16 
3211	15 
3212	24 
3213	59 
3214	48 
3215	29 
3216	60 
3217	1 
3218	47 
3219	40 
3220	51 
3221	52 
3222	43 
3223	55 
3224	33 
3225	24 
3226	59 
3227	8 
3228	5 
3229	11 
3230	49 
3231	46 
3232	45 
3233	62 
3234	20 
3235	9 
3236	33 
3237	43 
3238	30 
3239	4 
3240	50 
3241	36 
3242	8 
3243	24 
3244	62 
3245	7 
3246	63 
3247	40 
3248	34 
3249	44 
3250	17 
3251	48 
3252	16 
3253	8 
3254	57 
3255	47 
3256	57 
3257	54 
3258	14 
3259	28 
3260	26 
3261	57 
3262	60 
3263	51 
3264	17 
3265	45 
3266	16 
3267	5 
3268	57 
3269	56 
3270	8 
3271	8 
3272	43 
3273	28 
3274	24 
3275	65 
3276	7 
3277	14 
3278	46 
3279	30 
3280	52 
3281	58 
3282	45 
3283	14 
3284	24 
3285	31 
3286	20 
3287	38 
3288	2 
3289	50 
3290	56 
3291	28 
3292	39 
3293	22 
3294	9 
3295	3 
3296	32 
3297	49 
3298	5 
3299	57 
3300	29 
3301	28 
3302	47 
3303	13 
3304	43 
3305	60 
3306	46 
3307	33 
3308	3 
3309	8 
3310	2 
3311	1 
3312	12 
3313	7 
3314	34 
3315	19 
3316	27 
3317	17 
3318	48 
3319	31 
3320	20 
3321	22 
3322	48 
3323	14 
3324	61 
3325	50 
3326	13 
3327	6 
3328	28 
3329	21 
3330	58 
3331	41 
3332	45 
3333	39 
3334	35 
3335	47 
3336	4 
3337	8 
3338	50 
3339	41 
3340	43 
3341	47 
3342	49 
3343	3 
3344	12 
3345	49 
3346	60 
3347	45 
3348	51 
3349	15 
3350	39 
3351	52 
3352	51 
3353	8 
3354	40 
3355	9 
3356	46 
3357	12 
3358	23 
3359	62 
3360	61 
3361	8 
3362	41 
3363	49 
3364	43 
3365	45 
3366	23 
3367	39 
3368	24 
3369	23 
3370	1 
3371	33 
3372	36 
3373	46 
3374	9 
3375	17 
3376	20 
3377	21 
3378	10 
3379	2 
3380	13 
3381	17 
3382	21 
3383	53 
3384	33 
3385	52 
3386	42 
3387	59 
3388	24 
3389	37 
3390	12 
3391	55 
3392	37 
3393	52 
3394	4 
3395	58 
3396	34 
3397	55 
3398	47 
3399	35 
3400	28 
3401	17 
3402	30 
3403	34 
3404	33 
3405	52 
3406	60 
3407	59 
3408	38 
3409	47 
3410	12 
3411	35 
3412	54 
3413	60 
3414	59 
3415	8 
3416	28 
3417	32 
3418	15 
3419	56 
3420	21 
3421	19 
3422	15 
3423	51 
3424	32 
3425	41 
3426	24 
3427	40 
3428	38 
3429	47 
3430	38 
3431	21 
3432	57 
3433	6 
3434	3 
3435	57 
3436	35 
3437	17 
3438	20 
3439	13 
3440	60 
3441	16 
3442	59 
3443	23 
3444	61 
3445	20 
3446	51 
3447	56 
3448	10 
3449	19 
3450	51 
3451	64 
3452	28 
3453	22 
3454	28 
3455	21 
3456	62 
3457	41 
3458	3 
3459	12 
3460	37 
3461	35 
3462	25 
3463	12 
3464	52 
3465	64 
3466	27 
3467	5 
3468	46 
3469	32 
3470	27 
3471	23 
3472	44 
3473	48 
3474	4 
3475	44 
3476	54 
3477	25 
3478	51 
3479	64 
3480	21 
3481	29 
3482	33 
3483	34 
3484	45 
3485	42 
3486	2 
3487	9 
3488	36 
3489	54 
3490	33 
3491	57 
3492	9 
3493	58 
3494	14 
3495	63 
3496	8 
3497	36 
3498	30 
3499	29 
3500	21 
3501	56 
3502	44 
3503	41 
3504	30 
3505	43 
3506	64 
3507	62 
3508	60 
3509	50 
3510	64 
3511	41 
3512	22 
3513	34 
3514	54 
3515	39 
3516	46 
3517	65 
3518	49 
3519	9 
3520	21 
3521	61 
3522	31 
3523	26 
3524	16 
3525	62 
3526	65 
3527	46 
3528	5 
3529	2 
3530	61 
3531	6 
3532	4 
3533	17 
3534	54 
3535	60 
3536	63 
3537	17 
3538	61 
3539	22 
3540	25 
3541	18 
3542	63 
3543	64 
3544	51 
3545	17 
3546	51 
3547	15 
3548	65 
3549	45 
3550	29 
3551	36 
3552	65 
3553	28 
3554	28 
3555	34 
3556	32 
3557	1 
3558	18 
3559	46 
3560	60 
3561	55 
3562	26 
3563	40 
3564	16 
3565	63 
3566	28 
3567	54 
3568	25 
3569	3 
3570	53 
3571	17 
3572	25 
3573	43 
3574	40 
3575	64 
3576	58 
3577	64 
3578	53 
3579	39 
3580	26 
3581	44 
3582	44 
3583	46 
3584	54 
3585	38 
3586	14 
3587	21 
3588	25 
3589	45 
3590	54 
3591	63 
3592	1 
3593	24 
3594	49 
3595	21 
3596	1 
3597	50 
3598	28 
3599	45 
3600	5 
3601	24 
3602	21 
3603	14 
3604	9 
3605	49 
3606	2 
3607	32 
3608	9 
3609	20 
3610	44 
3611	54 
3612	8 
3613	19 
3614	6 
3615	53 
3616	8 
3617	5 
3618	25 
3619	59 
3620	52 
3621	65 
3622	8 
3623	43 
3624	14 
3625	21 
3626	38 
3627	6 
3628	32 
3629	9 
3630	3 
3631	62 
3632	46 
3633	38 
3634	1 
3635	29 
3636	25 
3637	40 
3638	49 
3639	49 
3640	49 
3641	27 
3642	41 
3643	53 
3644	9 
3645	24 
3646	52 
3647	53 
3648	41 
3649	53 
3650	62 
3651	20 
3652	59 
3653	52 
3654	52 
3655	41 
3656	44 
3657	27 
3658	35 
3659	36 
3660	35 
3661	21 
3662	18 
3663	53 
3664	36 
3665	60 
3666	55 
3667	29 
3668	47 
3669	23 
3670	3 
3671	30 
3672	49 
3673	52 
3674	17 
3675	29 
3676	5 
3677	1 
3678	23 
3679	35 
3680	54 
3681	55 
3682	27 
3683	34 
3684	23 
3685	51 
3686	44 
3687	48 
3688	57 
3689	65 
3690	9 
3691	56 
3692	30 
3693	4 
3694	38 
3695	15 
3696	64 
3697	64 
3698	6 
3699	58 
3700	17 
3701	25 
3702	3 
3703	13 
3704	53 
3705	52 
3706	59 
3707	29 
3708	1 
3709	60 
3710	34 
3711	42 
3712	59 
3713	64 
3714	2 
3715	44 
3716	65 
3717	57 
3718	41 
3719	64 
3720	28 
3721	42 
3722	58 
3723	31 
3724	52 
3725	21 
3726	45 
3727	30 
3728	42 
3729	48 
3730	20 
3731	14 
3732	20 
3733	10 
3734	58 
3735	64 
3736	55 
3737	57 
3738	40 
3739	9 
3740	12 
3741	5 
3742	31 
3743	63 
3744	30 
3745	65 
3746	9 
3747	36 
3748	50 
3749	34 
3750	35 
3751	19 
3752	40 
3753	16 
3754	23 
3755	55 
3756	31 
3757	30 
3758	18 
3759	46 
3760	52 
3761	47 
3762	31 
3763	64 
3764	8 
3765	18 
3766	49 
3767	29 
3768	9 
3769	41 
3770	44 
3771	21 
3772	18 
3773	56 
3774	15 
3775	52 
3776	35 
3777	62 
3778	46 
3779	39 
3780	39 
3781	47 
3782	62 
3783	64 
3784	62 
3785	64 
3786	1 
3787	57 
3788	1 
3789	63 
3790	44 
3791	50 
3792	24 
3793	11 
3794	33 
3795	7 
3796	37 
3797	39 
3798	41 
3799	55 
3800	36 
3801	64 
3802	43 
3803	15 
3804	25 
3805	14 
3806	53 
3807	56 
3808	54 
3809	43 
3810	48 
3811	28 
3812	35 
3813	62 
3814	41 
3815	12 
3816	22 
3817	25 
3818	35 
3819	34 
3820	50 
3821	7 
3822	43 
3823	6 
3824	12 
3825	25 
3826	18 
3827	38 
3828	36 
3829	60 
3830	14 
3831	11 
3832	40 
3833	8 
3834	7 
3835	1 
3836	3 
3837	60 
3838	36 
3839	22 
3840	59 
3841	55 
3842	27 
3843	11 
3844	29 
3845	15 
3846	15 
3847	49 
3848	29 
3849	8 
3850	14 
3851	10 
3852	47 
3853	3 
3854	32 
3855	53 
3856	30 
3857	34 
3858	17 
3859	47 
3860	44 
3861	20 
3862	28 
3863	38 
3864	2 
3865	5 
3866	19 
3867	1 
3868	57 
3869	57 
3870	32 
3871	8 
3872	54 
3873	52 
3874	13 
3875	43 
3876	31 
3877	31 
3878	5 
3879	47 
3880	29 
3881	41 
3882	65 
3883	32 
3884	31 
3885	46 
3886	46 
3887	49 
3888	43 
3889	10 
3890	43 
3891	56 
3892	58 
3893	22 
3894	62 
3895	55 
3896	5 
3897	18 
3898	45 
3899	31 
3900	55 
3901	10 
3902	56 
3903	57 
3904	4 
3905	34 
3906	36 
3907	2 
3908	54 
3909	39 
3910	31 
3911	32 
3912	36 
3913	8 
3914	34 
3915	7 
3916	38 
3917	62 
3918	14 
3919	6 
3920	30 
3921	62 
3922	59 
3923	63 
3924	41 
3925	28 
3926	39 
3927	48 
3928	53 
3929	28 
3930	44 
3931	9 
3932	38 
3933	59 
3934	1 
3935	47 
3936	25 
3937	38 
3938	48 
3939	39 
3940	46 
3941	2 
3942	24 
3943	18 
3944	40 
3945	49 
3946	59 
3947	43 
3948	10 
3949	11 
3950	56 
3951	31 
3952	45 
3953	8 
3954	28 
3955	63 
3956	47 
3957	64 
3958	53 
3959	54 
3960	55 
3961	10 
3962	57 
3963	24 
3964	45 
3965	21 
3966	17 
3967	47 
3968	12 
3969	60 
3970	8 
3971	47 
3972	20 
3973	17 
3974	36 
3975	58 
3976	4 
3977	15 
3978	10 
3979	7 
3980	22 
3981	60 
3982	14 
3983	50 
3984	15 
3985	65 
3986	61 
3987	23 
3988	59 
3989	8 
3990	45 
3991	22 
3992	47 
3993	18 
3994	34 
3995	62 
3996	53 
3997	49 
3998	44 
3999	33 
4000	59 
4001	54 
4002	7 
4003	16 
4004	60 
4005	45 
4006	34 
4007	34 
4008	28 
4009	51 
4010	8 
4011	62 
4012	8 
4013	18 
4014	32 
4015	50 
4016	16 
4017	59 
4018	32 
4019	8 
4020	32 
4021	38 
4022	1 
4023	22 
4024	41 
4025	40 
4026	33 
4027	10 
4028	33 
4029	26 
4030	10 
4031	65 
4032	11 
4033	63 
4034	17 
4035	49 
4036	59 
4037	16 
4038	11 
4039	57 
4040	21 
4041	28 
4042	1 
4043	22 
4044	5 
4045	3 
4046	48 
4047	41 
4048	22 
4049	5 
4050	30 
4051	11 
4052	21 
4053	34 
4054	13 
4055	14 
4056	15 
4057	28 
4058	53 
4059	21 
4060	15 
4061	5 
4062	46 
4063	40 
4064	10 
4065	63 
4066	64 
4067	4 
4068	46 
4069	46 
4070	54 
4071	57 
4072	14 
4073	30 
4074	37 
4075	40 
4076	27 
4077	32 
4078	64 
4079	25 
4080	19 
4081	5 
4082	23 
4083	64 
4084	18 
4085	34 
4086	40 
4087	40 
4088	9 
4089	1 
4090	20 
4091	26 
4092	50 
4093	60 
4094	64 
4095	19 
4096	9 
4097	35 
4098	14 
4099	39 
4100	41 
4101	34 
4102	33 
4103	21 
4104	53 
4105	51 
4106	38 
4107	20 
4108	44 
4109	56 
4110	32 
4111	33 
4112	33 
4113	21 
4114	26 
4115	46 
4116	42 
4117	26 
4118	58 
4119	37 
4120	61 
4121	36 
4122	22 
4123	58 
4124	61 
4125	57 
4126	11 
4127	63 
4128	39 
4129	39 
4130	37 
4131	33 
4132	35 
4133	7 
4134	60 
4135	2 
4136	58 
4137	20 
4138	64 
4139	59 
4140	20 
4141	45 
4142	55 
4143	6 
4144	65 
4145	33 
4146	47 
4147	16 
4148	49 
4149	18 
4150	63 
4151	19 
4152	45 
4153	38 
4154	18 
4155	26 
4156	52 
4157	27 
4158	31 
4159	14 
4160	28 
4161	54 
4162	45 
4163	33 
4164	60 
4165	63 
4166	6 
4167	36 
4168	63 
4169	38 
4170	44 
4171	55 
4172	31 
4173	17 
4174	33 
4175	34 
4176	1 
4177	39 
4178	43 
4179	54 
4180	54 
4181	47 
4182	47 
4183	32 
4184	55 
4185	10 
4186	12 
4187	52 
4188	5 
4189	14 
4190	53 
4191	12 
4192	30 
4193	43 
4194	45 
4195	25 
4196	26 
4197	33 
4198	30 
4199	63 
4200	34 
4201	48 
4202	50 
4203	9 
4204	29 
4205	33 
4206	25 
4207	65 
4208	59 
4209	30 
4210	26 
4211	53 
4212	57 
4213	54 
4214	4 
4215	43 
4216	28 
4217	65 
4218	55 
4219	46 
4220	3 
4221	17 
4222	50 
4223	53 
4224	62 
4225	57 
4226	45 
4227	39 
4228	19 
4229	6 
4230	22 
4231	23 
4232	4 
4233	18 
4234	61 
4235	38 
4236	37 
4237	34 
4238	31 
4239	50 
4240	46 
4241	17 
4242	45 
4243	17 
4244	7 
4245	48 
4246	51 
4247	14 
4248	20 
4249	44 
4250	49 
4251	38 
4252	22 
4253	26 
4254	30 
4255	35 
4256	43 
4257	58 
4258	25 
4259	54 
4260	24 
4261	29 
4262	26 
4263	60 
4264	44 
4265	47 
4266	7 
4267	35 
4268	24 
4269	38 
4270	30 
4271	1 
4272	62 
4273	22 
4274	33 
4275	3 
4276	17 
4277	65 
4278	22 
4279	61 
4280	31 
4281	23 
4282	2 
4283	58 
4284	54 
4285	57 
4286	47 
4287	20 
4288	35 
4289	52 
4290	27 
4291	46 
4292	21 
4293	1 
4294	35 
4295	37 
4296	14 
4297	30 
4298	13 
4299	45 
4300	29 
4301	17 
4302	47 
4303	55 
4304	29 
4305	39 
4306	58 
4307	9 
4308	51 
4309	46 
4310	11 
4311	47 
4312	43 
4313	40 
4314	57 
4315	38 
4316	36 
4317	34 
4318	63 
4319	2 
4320	2 
4321	41 
4322	3 
4323	31 
4324	25 
4325	21 
4326	38 
4327	7 
4328	41 
4329	49 
4330	9 
4331	24 
4332	20 
4333	23 
4334	4 
4335	31 
4336	34 
4337	10 
4338	17 
4339	22 
4340	48 
4341	62 
4342	20 
4343	24 
4344	52 
4345	4 
4346	20 
4347	36 
4348	35 
4349	63 
4350	41 
4351	23 
4352	57 
4353	20 
4354	6 
4355	53 
4356	37 
4357	54 
4358	7 
4359	21 
4360	57 
4361	22 
4362	44 
4363	62 
4364	11 
4365	59 
4366	45 
4367	18 
4368	23 
4369	8 
4370	40 
4371	48 
4372	38 
4373	63 
4374	17 
4375	3 
4376	21 
4377	12 
4378	23 
4379	1 
4380	55 
4381	57 
4382	54 
4383	24 
4384	17 
4385	12 
4386	52 
4387	57 
4388	27 
4389	45 
4390	13 
4391	25 
4392	64 
4393	58 
4394	50 
4395	10 
4396	55 
4397	22 
4398	65 
4399	27 
4400	3 
4401	23 
4402	36 
4403	9 
4404	14 
4405	12 
4406	53 
4407	58 
4408	5 
4409	42 
4410	64 
4411	41 
4412	36 
4413	47 
4414	19 
4415	36 
4416	64 
4417	60 
4418	38 
4419	51 
4420	38 
4421	24 
4422	22 
4423	64 
4424	49 
4425	35 
4426	38 
4427	10 
4428	27 
4429	34 
4430	53 
4431	30 
4432	16 
4433	63 
4434	59 
4435	49 
4436	32 
4437	13 
4438	64 
4439	13 
4440	36 
4441	51 
4442	52 
4443	38 
4444	62 
4445	58 
4446	57 
4447	52 
4448	38 
4449	28 
4450	63 
4451	52 
4452	48 
4453	62 
4454	17 
4455	27 
4456	17 
4457	11 
4458	5 
4459	58 
4460	32 
4461	38 
4462	34 
4463	34 
4464	57 
4465	45 
4466	48 
4467	33 
4468	63 
4469	27 
4470	56 
4471	3 
4472	9 
4473	42 
4474	18 
4475	57 
4476	9 
4477	33 
4478	14 
4479	36 
4480	45 
4481	19 
4482	51 
4483	46 
4484	25 
4485	64 
4486	8 
4487	47 
4488	39 
4489	11 
4490	19 
4491	14 
4492	56 
4493	57 
4494	60 
4495	6 
4496	3 
4497	13 
4498	4 
4499	59 
4500	29 
4501	34 
4502	64 
4503	23 
4504	5 
4505	32 
4506	2 
4507	48 
4508	39 
4509	22 
4510	48 
4511	44 
4512	45 
4513	26 
4514	32 
4515	4 
4516	56 
4517	31 
4518	57 
4519	56 
4520	51 
4521	19 
4522	46 
4523	35 
4524	49 
4525	20 
4526	1 
4527	19 
4528	7 
4529	18 
4530	52 
4531	5 
4532	8 
4533	49 
4534	64 
4535	39 
4536	27 
4537	39 
4538	38 
4539	58 
4540	21 
4541	42 
4542	21 
4543	41 
4544	55 
4545	47 
4546	29 
4547	9 
4548	51 
4549	18 
4550	49 
4551	63 
4552	60 
4553	62 
4554	65 
4555	30 
4556	22 
4557	8 
4558	17 
4559	63 
4560	35 
4561	13 
4562	19 
4563	16 
4564	3 
4565	57 
4566	45 
4567	42 
4568	46 
4569	8 
4570	39 
4571	11 
4572	51 
4573	33 
4574	45 
4575	26 
4576	61 
4577	1 
4578	57 
4579	14 
4580	63 
4581	21 
4582	47 
4583	28 
4584	58 
4585	27 
4586	3 
4587	2 
4588	62 
4589	63 
4590	15 
4591	23 
4592	26 
4593	30 
4594	9 
4595	23 
4596	39 
4597	59 
4598	32 
4599	34 
4600	61 
4601	6 
4602	22 
4603	4 
4604	24 
4605	23 
4606	13 
4607	51 
4608	52 
4609	24 
4610	47 
4611	8 
4612	35 
4613	39 
4614	21 
4615	2 
4616	60 
4617	12 
4618	65 
4619	50 
4620	53 
4621	10 
4622	23 
4623	65 
4624	52 
4625	34 
4626	7 
4627	23 
4628	25 
4629	46 
4630	22 
4631	24 
4632	64 
4633	64 
4634	35 
4635	7 
4636	47 
4637	9 
4638	4 
4639	45 
4640	34 
4641	64 
4642	15 
4643	5 
4644	49 
4645	63 
4646	13 
4647	56 
4648	3 
4649	7 
4650	52 
4651	39 
4652	16 
4653	4 
4654	18 
4655	18 
4656	12 
4657	52 
4658	40 
4659	11 
4660	52 
4661	25 
4662	11 
4663	54 
4664	19 
4665	3 
4666	2 
4667	30 
4668	34 
4669	42 
4670	64 
4671	46 
4672	24 
4673	28 
4674	32 
4675	35 
4676	11 
4677	12 
4678	9 
4679	1 
4680	41 
4681	62 
4682	39 
4683	40 
4684	42 
4685	45 
4686	31 
4687	34 
4688	40 
4689	9 
4690	14 
4691	41 
4692	3 
4693	39 
4694	32 
4695	1 
4696	63 
4697	60 
4698	65 
4699	64 
4700	2 
4701	38 
4702	34 
4703	14 
4704	44 
4705	49 
4706	35 
4707	64 
4708	39 
4709	60 
4710	46 
4711	12 
4712	11 
4713	19 
4714	7 
4715	27 
4716	41 
4717	58 
4718	27 
4719	42 
4720	43 
4721	57 
4722	62 
4723	65 
4724	18 
4725	52 
4726	41 
4727	20 
4728	10 
4729	54 
4730	55 
4731	48 
4732	34 
4733	50 
4734	40 
4735	35 
4736	43 
4737	52 
4738	52 
4739	6 
4740	8 
4741	35 
4742	63 
4743	15 
4744	39 
4745	29 
4746	17 
4747	34 
4748	37 
4749	35 
4750	64 
4751	8 
4752	62 
4753	60 
4754	26 
4755	33 
4756	31 
4757	41 
4758	25 
4759	19 
4760	25 
4761	23 
4762	6 
4763	22 
4764	59 
4765	65 
4766	34 
4767	22 
4768	6 
4769	40 
4770	41 
4771	10 
4772	25 
4773	63 
4774	18 
4775	8 
4776	53 
4777	46 
4778	1 
4779	19 
4780	18 
4781	44 
4782	24 
4783	24 
4784	58 
4785	24 
4786	25 
4787	45 
4788	58 
4789	59 
4790	5 
4791	61 
4792	64 
4793	12 
4794	44 
4795	30 
4796	41 
4797	42 
4798	5 
4799	63 
4800	51 
4801	3 
4802	36 
4803	5 
4804	10 
4805	59 
4806	56 
4807	44 
4808	62 
4809	19 
4810	61 
4811	47 
4812	40 
4813	47 
4814	36 
4815	10 
4816	44 
4817	58 
4818	20 
4819	6 
4820	43 
4821	33 
4822	27 
4823	49 
4824	60 
4825	19 
4826	16 
4827	42 
4828	55 
4829	22 
4830	48 
4831	61 
4832	54 
4833	65 
4834	52 
4835	9 
4836	21 
4837	43 
4838	41 
4839	14 
4840	4 
4841	37 
4842	19 
4843	60 
4844	11 
4845	51 
4846	20 
4847	25 
4848	64 
4849	26 
4850	3 
4851	54 
4852	15 
4853	17 
4854	25 
4855	20 
4856	6 
4857	34 
4858	21 
4859	32 
4860	57 
4861	30 
4862	21 
4863	12 
4864	43 
4865	36 
4866	38 
4867	27 
4868	31 
4869	12 
4870	52 
4871	58 
4872	17 
4873	9 
4874	33 
4875	46 
4876	59 
4877	21 
4878	44 
4879	19 
4880	38 
4881	24 
4882	3 
4883	57 
4884	55 
4885	36 
4886	62 
4887	24 
4888	47 
4889	3 
4890	15 
4891	42 
4892	50 
4893	58 
4894	41 
4895	8 
4896	47 
4897	64 
4898	60 
4899	18 
4900	60 
4901	17 
4902	29 
4903	30 
4904	27 
4905	64 
4906	60 
4907	37 
4908	46 
4909	33 
4910	36 
4911	23 
4912	6 
4913	24 
4914	53 
4915	35 
4916	47 
4917	39 
4918	29 
4919	52 
4920	25 
4921	56 
4922	65 
4923	28 
4924	57 
4925	52 
4926	59 
4927	8 
4928	14 
4929	65 
4930	40 
4931	8 
4932	24 
4933	37 
4934	31 
4935	53 
4936	58 
4937	55 
4938	26 
4939	64 
4940	24 
4941	13 
4942	22 
4943	13 
4944	8 
4945	4 
4946	51 
4947	33 
4948	59 
4949	6 
4950	20 
4951	8 
4952	33 
4953	9 
4954	32 
4955	46 
4956	57 
4957	48 
4958	38 
4959	5 
4960	35 
4961	11 
4962	56 
4963	36 
4964	53 
4965	37 
4966	40 
4967	62 
4968	26 
4969	30 
4970	34 
4971	49 
4972	26 
4973	25 
4974	21 
4975	38 
4976	38 
4977	39 
4978	55 
4979	36 
4980	16 
4981	44 
4982	4 
4983	42 
4984	58 
4985	19 
4986	56 
4987	21 
4988	31 
4989	22 
4990	55 
4991	18 
4992	24 
4993	54 
4994	56 
4995	63 
4996	64 
4997	1 
4998	65 
4999	49 
5000	54 
