1	5 
2	62 
3	46 
4	53 
5	7 
6	20 
7	26 
8	9 
9	59 
10	51 
11	63 
12	10 
13	37 
14	29 
15	44 
16	49 
17	53 
18	62 
19	2 
20	9 
21	32 
22	49 
23	11 
24	51 
25	40 
26	55 
27	21 
28	61 
29	12 
30	46 
31	5 
32	20 
33	15 
34	22 
35	57 
36	46 
37	12 
38	43 
39	13 
40	8 
41	23 
42	9 
43	37 
44	32 
45	27 
46	14 
47	27 
48	30 
49	39 
50	9 
51	32 
52	51 
53	47 
54	10 
55	12 
56	42 
57	36 
58	48 
59	7 
60	23 
61	19 
62	9 
63	19 
64	64 
65	60 
66	57 
67	7 
68	25 
69	36 
70	50 
71	45 
72	13 
73	59 
74	62 
75	5 
76	39 
77	4 
78	10 
79	36 
80	38 
81	34 
82	45 
83	32 
84	32 
85	23 
86	35 
87	1 
88	1 
89	27 
90	43 
91	43 
92	62 
93	44 
94	9 
95	30 
96	51 
97	56 
98	56 
99	6 
100	59 
101	31 
102	60 
103	62 
104	17 
105	41 
106	38 
107	15 
108	14 
109	55 
110	39 
111	35 
112	43 
113	31 
114	59 
115	17 
116	47 
117	44 
118	51 
119	14 
120	54 
121	24 
122	21 
123	61 
124	27 
125	38 
126	61 
127	16 
128	5 
129	56 
130	23 
131	8 
132	35 
133	26 
134	12 
135	47 
136	47 
137	33 
138	43 
139	16 
140	49 
141	23 
142	47 
143	3 
144	45 
145	8 
146	32 
147	6 
148	50 
149	55 
150	64 
151	39 
152	5 
153	14 
154	24 
155	15 
156	41 
157	45 
158	9 
159	57 
160	29 
161	12 
162	62 
163	38 
164	11 
165	49 
166	61 
167	47 
168	7 
169	28 
170	48 
171	45 
172	32 
173	46 
174	32 
175	20 
176	40 
177	3 
178	18 
179	50 
180	38 
181	5 
182	27 
183	16 
184	50 
185	22 
186	45 
187	30 
188	28 
189	26 
190	40 
191	48 
192	35 
193	44 
194	15 
195	30 
196	63 
197	54 
198	26 
199	60 
200	8 
201	27 
202	19 
203	64 
204	34 
205	39 
206	50 
207	34 
208	55 
209	16 
210	60 
211	37 
212	4 
213	64 
214	16 
215	17 
216	39 
217	42 
218	55 
219	18 
220	33 
221	15 
222	64 
223	2 
224	4 
225	46 
226	7 
227	62 
228	4 
229	40 
230	57 
231	56 
232	42 
233	29 
234	42 
235	40 
236	55 
237	55 
238	57 
239	43 
240	3 
241	5 
242	64 
243	22 
244	23 
245	14 
246	11 
247	53 
248	22 
249	43 
250	24 
251	63 
252	63 
253	12 
254	8 
255	34 
256	11 
257	7 
258	32 
259	57 
260	59 
261	3 
262	49 
263	11 
264	9 
265	59 
266	23 
267	7 
268	55 
269	46 
270	1 
271	6 
272	10 
273	2 
274	11 
275	64 
276	41 
277	12 
278	36 
279	38 
280	23 
281	36 
282	17 
283	19 
284	44 
285	34 
286	21 
287	56 
288	27 
289	62 
290	44 
291	42 
292	46 
293	19 
294	52 
295	59 
296	36 
297	3 
298	42 
299	63 
300	24 
301	59 
302	42 
303	14 
304	38 
305	51 
306	1 
307	57 
308	44 
309	43 
310	57 
311	61 
312	33 
313	3 
314	47 
315	30 
316	3 
317	30 
318	36 
319	62 
320	62 
321	52 
322	20 
323	19 
324	62 
325	22 
326	27 
327	61 
328	4 
329	41 
330	19 
331	25 
332	3 
333	5 
334	37 
335	30 
336	2 
337	9 
338	44 
339	21 
340	8 
341	28 
342	61 
343	31 
344	18 
345	58 
346	52 
347	24 
348	4 
349	46 
350	12 
351	31 
352	57 
353	40 
354	20 
355	24 
356	2 
357	41 
358	28 
359	40 
360	61 
361	8 
362	5 
363	55 
364	24 
365	5 
366	52 
367	35 
368	50 
369	8 
370	12 
371	55 
372	54 
373	39 
374	39 
375	14 
376	36 
377	50 
378	57 
379	57 
380	60 
381	16 
382	6 
383	36 
384	6 
385	56 
386	15 
387	32 
388	56 
389	48 
390	16 
391	30 
392	30 
393	2 
394	1 
395	15 
396	18 
397	11 
398	64 
399	41 
400	12 
401	30 
402	15 
403	26 
404	27 
405	44 
406	63 
407	57 
408	62 
409	20 
410	43 
411	47 
412	37 
413	7 
414	48 
415	22 
416	44 
417	7 
418	33 
419	56 
420	15 
421	26 
422	12 
423	64 
424	30 
425	24 
426	7 
427	22 
428	55 
429	52 
430	58 
431	22 
432	26 
433	21 
434	50 
435	55 
436	56 
437	32 
438	54 
439	5 
440	61 
441	14 
442	56 
443	50 
444	27 
445	21 
446	49 
447	62 
448	21 
449	57 
450	64 
451	6 
452	48 
453	36 
454	64 
455	19 
456	63 
457	61 
458	12 
459	60 
460	26 
461	45 
462	57 
463	8 
464	20 
465	17 
466	37 
467	9 
468	23 
469	35 
470	60 
471	47 
472	63 
473	4 
474	61 
475	17 
476	48 
477	12 
478	46 
479	16 
480	4 
481	30 
482	32 
483	60 
484	12 
485	54 
486	55 
487	38 
488	51 
489	30 
490	57 
491	48 
492	17 
493	30 
494	46 
495	62 
496	23 
497	58 
498	64 
499	12 
500	21 
501	35 
502	18 
503	20 
504	48 
505	58 
506	31 
507	12 
508	36 
509	49 
510	16 
511	28 
512	9 
513	38 
514	31 
515	41 
516	16 
517	54 
518	8 
519	58 
520	40 
521	35 
522	2 
523	5 
524	16 
525	28 
526	45 
527	34 
528	63 
529	20 
530	63 
531	21 
532	31 
533	8 
534	31 
535	62 
536	29 
537	26 
538	32 
539	41 
540	44 
541	47 
542	35 
543	35 
544	21 
545	6 
546	57 
547	5 
548	17 
549	11 
550	63 
551	57 
552	27 
553	20 
554	46 
555	62 
556	9 
557	33 
558	57 
559	20 
560	16 
561	7 
562	56 
563	43 
564	27 
565	58 
566	23 
567	37 
568	9 
569	10 
570	47 
571	31 
572	40 
573	2 
574	55 
575	27 
576	34 
577	30 
578	22 
579	58 
580	19 
581	46 
582	47 
583	56 
584	44 
585	40 
586	35 
587	30 
588	31 
589	57 
590	12 
591	20 
592	44 
593	46 
594	27 
595	19 
596	44 
597	17 
598	23 
599	30 
600	64 
601	12 
602	24 
603	48 
604	60 
605	33 
606	2 
607	53 
608	21 
609	18 
610	31 
611	60 
612	5 
613	26 
614	27 
615	29 
616	43 
617	51 
618	42 
619	38 
620	42 
621	28 
622	52 
623	58 
624	32 
625	44 
626	46 
627	57 
628	45 
629	48 
630	14 
631	17 
632	53 
633	51 
634	20 
635	33 
636	43 
637	13 
638	24 
639	51 
640	43 
641	31 
642	26 
643	60 
644	48 
645	54 
646	57 
647	30 
648	1 
649	17 
650	21 
651	30 
652	63 
653	6 
654	64 
655	47 
656	47 
657	19 
658	49 
659	58 
660	63 
661	21 
662	36 
663	3 
664	7 
665	43 
666	47 
667	44 
668	62 
669	11 
670	53 
671	7 
672	44 
673	5 
674	22 
675	13 
676	15 
677	50 
678	36 
679	54 
680	7 
681	55 
682	2 
683	61 
684	61 
685	63 
686	49 
687	64 
688	57 
689	54 
690	48 
691	54 
692	12 
693	25 
694	13 
695	42 
696	40 
697	1 
698	38 
699	37 
700	18 
701	12 
702	2 
703	52 
704	2 
705	59 
706	31 
707	19 
708	62 
709	6 
710	23 
711	23 
712	22 
713	45 
714	42 
715	6 
716	16 
717	4 
718	52 
719	56 
720	38 
721	61 
722	8 
723	33 
724	51 
725	46 
726	1 
727	12 
728	12 
729	35 
730	64 
731	30 
732	6 
733	57 
734	57 
735	53 
736	20 
737	36 
738	8 
739	10 
740	36 
741	7 
742	10 
743	57 
744	9 
745	37 
746	60 
747	56 
748	62 
749	9 
750	16 
751	29 
752	42 
753	26 
754	6 
755	48 
756	47 
757	21 
758	60 
759	18 
760	61 
761	41 
762	5 
763	62 
764	54 
765	48 
766	8 
767	24 
768	48 
769	50 
770	8 
771	4 
772	37 
773	48 
774	15 
775	22 
776	19 
777	35 
778	9 
779	62 
780	32 
781	14 
782	38 
783	19 
784	7 
785	53 
786	38 
787	63 
788	16 
789	1 
790	57 
791	8 
792	31 
793	42 
794	45 
795	14 
796	61 
797	62 
798	2 
799	6 
800	6 
801	42 
802	40 
803	14 
804	34 
805	5 
806	55 
807	8 
808	22 
809	6 
810	40 
811	36 
812	21 
813	59 
814	63 
815	35 
816	36 
817	57 
818	13 
819	36 
820	18 
821	43 
822	14 
823	49 
824	1 
825	9 
826	30 
827	49 
828	60 
829	23 
830	7 
831	22 
832	23 
833	44 
834	63 
835	2 
836	21 
837	56 
838	14 
839	39 
840	5 
841	7 
842	19 
843	12 
844	30 
845	48 
846	12 
847	42 
848	54 
849	8 
850	38 
851	44 
852	1 
853	58 
854	31 
855	31 
856	47 
857	50 
858	22 
859	31 
860	8 
861	60 
862	49 
863	43 
864	16 
865	12 
866	41 
867	27 
868	62 
869	43 
870	47 
871	6 
872	21 
873	4 
874	58 
875	21 
876	3 
877	24 
878	22 
879	56 
880	48 
881	61 
882	7 
883	12 
884	33 
885	59 
886	59 
887	5 
888	5 
889	56 
890	38 
891	16 
892	54 
893	4 
894	35 
895	64 
896	20 
897	42 
898	51 
899	50 
900	57 
901	16 
902	12 
903	54 
904	16 
905	54 
906	15 
907	43 
908	62 
909	15 
910	63 
911	49 
912	26 
913	5 
914	32 
915	8 
916	55 
917	39 
918	6 
919	18 
920	20 
921	61 
922	11 
923	21 
924	30 
925	17 
926	64 
927	40 
928	21 
929	50 
930	12 
931	54 
932	47 
933	35 
934	35 
935	1 
936	33 
937	59 
938	51 
939	56 
940	50 
941	43 
942	42 
943	5 
944	64 
945	51 
946	15 
947	51 
948	12 
949	21 
950	61 
951	1 
952	64 
953	14 
954	58 
955	62 
956	21 
957	25 
958	6 
959	9 
960	63 
961	50 
962	39 
963	56 
964	21 
965	10 
966	45 
967	60 
968	7 
969	48 
970	32 
971	19 
972	13 
973	9 
974	45 
975	61 
976	2 
977	57 
978	23 
979	39 
980	22 
981	2 
982	63 
983	26 
984	16 
985	26 
986	5 
987	42 
988	8 
989	29 
990	19 
991	48 
992	30 
993	57 
994	21 
995	1 
996	30 
997	34 
998	31 
999	31 
1000	17 
1001	50 
1002	3 
1003	41 
1004	29 
1005	43 
1006	22 
1007	25 
1008	1 
1009	47 
1010	33 
1011	51 
1012	24 
1013	5 
1014	21 
1015	59 
1016	60 
1017	7 
1018	47 
1019	7 
1020	23 
1021	60 
1022	34 
1023	62 
1024	4 
1025	17 
1026	7 
1027	18 
1028	44 
1029	62 
1030	39 
1031	30 
1032	26 
1033	8 
1034	44 
1035	16 
1036	59 
1037	12 
1038	49 
1039	2 
1040	11 
1041	26 
1042	56 
1043	34 
1044	24 
1045	64 
1046	30 
1047	39 
1048	49 
1049	42 
1050	36 
1051	24 
1052	39 
1053	58 
1054	30 
1055	2 
1056	12 
1057	7 
1058	16 
1059	35 
1060	7 
1061	25 
1062	32 
1063	3 
1064	47 
1065	50 
1066	13 
1067	17 
1068	35 
1069	18 
1070	63 
1071	11 
1072	20 
1073	40 
1074	36 
1075	28 
1076	21 
1077	6 
1078	49 
1079	26 
1080	62 
1081	42 
1082	62 
1083	41 
1084	7 
1085	30 
1086	34 
1087	32 
1088	55 
1089	44 
1090	46 
1091	18 
1092	7 
1093	53 
1094	36 
1095	7 
1096	64 
1097	25 
1098	2 
1099	4 
1100	59 
1101	63 
1102	43 
1103	46 
1104	45 
1105	8 
1106	55 
1107	47 
1108	59 
1109	34 
1110	14 
1111	28 
1112	19 
1113	21 
1114	4 
1115	61 
1116	56 
1117	58 
1118	18 
1119	39 
1120	2 
1121	28 
1122	37 
1123	39 
1124	34 
1125	62 
1126	61 
1127	51 
1128	19 
1129	12 
1130	56 
1131	5 
1132	9 
1133	33 
1134	63 
1135	63 
1136	14 
1137	46 
1138	43 
1139	54 
1140	43 
1141	6 
1142	31 
1143	59 
1144	16 
1145	38 
1146	26 
1147	6 
1148	44 
1149	16 
1150	21 
1151	24 
1152	62 
1153	5 
1154	13 
1155	33 
1156	19 
1157	49 
1158	49 
1159	6 
1160	63 
1161	58 
1162	25 
1163	29 
1164	61 
1165	54 
1166	30 
1167	37 
1168	54 
1169	18 
1170	30 
1171	35 
1172	63 
1173	26 
1174	21 
1175	3 
1176	57 
1177	33 
1178	39 
1179	10 
1180	9 
1181	51 
1182	45 
1183	4 
1184	21 
1185	10 
1186	40 
1187	62 
1188	59 
1189	12 
1190	55 
1191	6 
1192	48 
1193	49 
1194	35 
1195	59 
1196	21 
1197	51 
1198	37 
1199	60 
1200	27 
1201	22 
1202	27 
1203	3 
1204	47 
1205	32 
1206	25 
1207	8 
1208	12 
1209	54 
1210	24 
1211	23 
1212	59 
1213	3 
1214	45 
1215	35 
1216	24 
1217	2 
1218	25 
1219	13 
1220	21 
1221	37 
1222	46 
1223	40 
1224	25 
1225	62 
1226	56 
1227	13 
1228	20 
1229	28 
1230	53 
1231	9 
1232	60 
1233	27 
1234	5 
1235	40 
1236	21 
1237	13 
1238	24 
1239	14 
1240	21 
1241	62 
1242	19 
1243	13 
1244	38 
1245	61 
1246	30 
1247	1 
1248	1 
1249	35 
1250	18 
1251	61 
1252	59 
1253	58 
1254	8 
1255	51 
1256	9 
1257	47 
1258	61 
1259	41 
1260	8 
1261	35 
1262	51 
1263	58 
1264	19 
1265	63 
1266	51 
1267	32 
1268	10 
1269	64 
1270	40 
1271	15 
1272	23 
1273	60 
1274	58 
1275	44 
1276	40 
1277	54 
1278	3 
1279	40 
1280	17 
1281	4 
1282	13 
1283	7 
1284	46 
1285	7 
1286	62 
1287	7 
1288	21 
1289	39 
1290	20 
1291	25 
1292	62 
1293	8 
1294	51 
1295	51 
1296	61 
1297	49 
1298	39 
1299	1 
1300	63 
1301	56 
1302	42 
1303	28 
1304	13 
1305	54 
1306	12 
1307	5 
1308	41 
1309	41 
1310	22 
1311	49 
1312	13 
1313	11 
1314	27 
1315	33 
1316	55 
1317	1 
1318	1 
1319	30 
1320	18 
1321	48 
1322	5 
1323	43 
1324	6 
1325	30 
1326	25 
1327	47 
1328	14 
1329	17 
1330	59 
1331	23 
1332	14 
1333	19 
1334	10 
1335	39 
1336	64 
1337	62 
1338	11 
1339	15 
1340	55 
1341	35 
1342	16 
1343	23 
1344	30 
1345	9 
1346	6 
1347	47 
1348	21 
1349	19 
1350	24 
1351	5 
1352	40 
1353	14 
1354	62 
1355	32 
1356	39 
1357	61 
1358	19 
1359	60 
1360	19 
1361	59 
1362	30 
1363	6 
1364	6 
1365	53 
1366	8 
1367	14 
1368	64 
1369	61 
1370	48 
1371	7 
1372	22 
1373	6 
1374	23 
1375	1 
1376	26 
1377	38 
1378	29 
1379	5 
1380	30 
1381	43 
1382	52 
1383	49 
1384	1 
1385	42 
1386	37 
1387	12 
1388	16 
1389	21 
1390	26 
1391	19 
1392	1 
1393	57 
1394	55 
1395	64 
1396	18 
1397	37 
1398	28 
1399	7 
1400	14 
1401	7 
1402	29 
1403	24 
1404	24 
1405	7 
1406	31 
1407	7 
1408	13 
1409	43 
1410	29 
1411	37 
1412	63 
1413	47 
1414	26 
1415	61 
1416	15 
1417	14 
1418	58 
1419	54 
1420	59 
1421	20 
1422	40 
1423	51 
1424	27 
1425	56 
1426	62 
1427	61 
1428	18 
1429	61 
1430	13 
1431	54 
1432	7 
1433	60 
1434	40 
1435	3 
1436	50 
1437	42 
1438	38 
1439	35 
1440	54 
1441	57 
1442	31 
1443	53 
1444	27 
1445	12 
1446	38 
1447	42 
1448	27 
1449	10 
1450	17 
1451	14 
1452	34 
1453	3 
1454	32 
1455	29 
1456	13 
1457	1 
1458	38 
1459	51 
1460	8 
1461	42 
1462	59 
1463	24 
1464	63 
1465	5 
1466	26 
1467	41 
1468	23 
1469	30 
1470	28 
1471	5 
1472	34 
1473	32 
1474	37 
1475	64 
1476	63 
1477	37 
1478	60 
1479	3 
1480	51 
1481	21 
1482	31 
1483	23 
1484	47 
1485	21 
1486	24 
1487	38 
1488	51 
1489	19 
1490	26 
1491	46 
1492	14 
1493	1 
1494	51 
1495	45 
1496	21 
1497	20 
1498	21 
1499	30 
1500	42 
1501	20 
1502	48 
1503	6 
1504	13 
1505	25 
1506	7 
1507	41 
1508	26 
1509	13 
1510	34 
1511	13 
1512	62 
1513	7 
1514	12 
1515	40 
1516	9 
1517	18 
1518	41 
1519	19 
1520	6 
1521	3 
1522	11 
1523	40 
1524	48 
1525	11 
1526	46 
1527	20 
1528	31 
1529	49 
1530	61 
1531	19 
1532	21 
1533	29 
1534	44 
1535	43 
1536	18 
1537	25 
1538	32 
1539	13 
1540	39 
1541	42 
1542	44 
1543	53 
1544	58 
1545	11 
1546	45 
1547	39 
1548	62 
1549	4 
1550	17 
1551	21 
1552	20 
1553	8 
1554	49 
1555	44 
1556	23 
1557	57 
1558	25 
1559	35 
1560	6 
1561	47 
1562	5 
1563	17 
1564	64 
1565	50 
1566	53 
1567	46 
1568	17 
1569	24 
1570	51 
1571	54 
1572	19 
1573	4 
1574	21 
1575	51 
1576	61 
1577	5 
1578	57 
1579	13 
1580	28 
1581	7 
1582	23 
1583	35 
1584	1 
1585	28 
1586	8 
1587	8 
1588	62 
1589	51 
1590	56 
1591	57 
1592	52 
1593	59 
1594	52 
1595	34 
1596	40 
1597	44 
1598	15 
1599	8 
1600	34 
1601	61 
1602	8 
1603	2 
1604	9 
1605	21 
1606	11 
1607	14 
1608	1 
1609	32 
1610	5 
1611	44 
1612	61 
1613	49 
1614	37 
1615	42 
1616	24 
1617	1 
1618	29 
1619	34 
1620	21 
1621	29 
1622	46 
1623	51 
1624	11 
1625	47 
1626	9 
1627	38 
1628	7 
1629	51 
1630	29 
1631	62 
1632	37 
1633	3 
1634	35 
1635	51 
1636	38 
1637	30 
1638	1 
1639	37 
1640	55 
1641	13 
1642	43 
1643	53 
1644	29 
1645	30 
1646	24 
1647	1 
1648	49 
1649	3 
1650	15 
1651	21 
1652	48 
1653	61 
1654	2 
1655	16 
1656	8 
1657	37 
1658	33 
1659	36 
1660	20 
1661	47 
1662	12 
1663	19 
1664	52 
1665	23 
1666	32 
1667	9 
1668	27 
1669	27 
1670	43 
1671	44 
1672	41 
1673	43 
1674	2 
1675	60 
1676	37 
1677	53 
1678	14 
1679	42 
1680	61 
1681	28 
1682	35 
1683	40 
1684	16 
1685	21 
1686	35 
1687	36 
1688	47 
1689	54 
1690	22 
1691	21 
1692	57 
1693	30 
1694	55 
1695	6 
1696	55 
1697	21 
1698	2 
1699	22 
1700	20 
1701	35 
1702	18 
1703	51 
1704	33 
1705	15 
1706	21 
1707	6 
1708	27 
1709	57 
1710	28 
1711	6 
1712	26 
1713	12 
1714	58 
1715	42 
1716	11 
1717	14 
1718	35 
1719	32 
1720	13 
1721	14 
1722	52 
1723	14 
1724	35 
1725	10 
1726	7 
1727	42 
1728	36 
1729	21 
1730	56 
1731	10 
1732	31 
1733	40 
1734	36 
1735	7 
1736	55 
1737	10 
1738	35 
1739	63 
1740	28 
1741	10 
1742	48 
1743	52 
1744	56 
1745	42 
1746	51 
1747	28 
1748	47 
1749	2 
1750	5 
1751	32 
1752	9 
1753	54 
1754	35 
1755	53 
1756	35 
1757	54 
1758	64 
1759	7 
1760	24 
1761	12 
1762	14 
1763	52 
1764	40 
1765	27 
1766	7 
1767	50 
1768	9 
1769	1 
1770	62 
1771	4 
1772	47 
1773	35 
1774	58 
1775	34 
1776	32 
1777	44 
1778	38 
1779	2 
1780	34 
1781	21 
1782	28 
1783	55 
1784	27 
1785	20 
1786	13 
1787	47 
1788	12 
1789	29 
1790	35 
1791	48 
1792	60 
1793	49 
1794	30 
1795	34 
1796	3 
1797	53 
1798	41 
1799	44 
1800	47 
1801	53 
1802	48 
1803	47 
1804	36 
1805	60 
1806	24 
1807	49 
1808	8 
1809	27 
1810	8 
1811	49 
1812	40 
1813	63 
1814	33 
1815	43 
1816	22 
1817	15 
1818	46 
1819	32 
1820	12 
1821	58 
1822	31 
1823	26 
1824	1 
1825	43 
1826	4 
1827	38 
1828	4 
1829	34 
1830	57 
1831	12 
1832	49 
1833	61 
1834	53 
1835	37 
1836	19 
1837	58 
1838	4 
1839	17 
1840	32 
1841	63 
1842	10 
1843	40 
1844	36 
1845	10 
1846	27 
1847	64 
1848	34 
1849	29 
1850	35 
1851	15 
1852	6 
1853	24 
1854	12 
1855	34 
1856	42 
1857	32 
1858	48 
1859	39 
1860	29 
1861	41 
1862	22 
1863	27 
1864	64 
1865	43 
1866	58 
1867	1 
1868	39 
1869	41 
1870	5 
1871	4 
1872	42 
1873	1 
1874	14 
1875	21 
1876	25 
1877	20 
1878	52 
1879	26 
1880	60 
1881	44 
1882	59 
1883	17 
1884	12 
1885	14 
1886	14 
1887	27 
1888	55 
1889	53 
1890	38 
1891	57 
1892	6 
1893	59 
1894	61 
1895	43 
1896	12 
1897	5 
1898	20 
1899	56 
1900	4 
1901	7 
1902	31 
1903	6 
1904	13 
1905	36 
1906	36 
1907	19 
1908	64 
1909	59 
1910	44 
1911	35 
1912	41 
1913	40 
1914	21 
1915	43 
1916	55 
1917	64 
1918	9 
1919	63 
1920	58 
1921	35 
1922	55 
1923	6 
1924	35 
1925	63 
1926	47 
1927	24 
1928	34 
1929	14 
1930	56 
1931	40 
1932	42 
1933	63 
1934	8 
1935	9 
1936	54 
1937	59 
1938	44 
1939	11 
1940	27 
1941	45 
1942	39 
1943	57 
1944	11 
1945	45 
1946	23 
1947	59 
1948	27 
1949	29 
1950	58 
1951	29 
1952	23 
1953	57 
1954	59 
1955	23 
1956	15 
1957	26 
1958	59 
1959	40 
1960	6 
1961	31 
1962	24 
1963	20 
1964	3 
1965	31 
1966	20 
1967	50 
1968	9 
1969	55 
1970	36 
1971	3 
1972	44 
1973	30 
1974	18 
1975	2 
1976	46 
1977	4 
1978	3 
1979	13 
1980	8 
1981	27 
1982	26 
1983	11 
1984	26 
1985	17 
1986	24 
1987	54 
1988	8 
1989	39 
1990	50 
1991	14 
1992	10 
1993	15 
1994	58 
1995	18 
1996	44 
1997	47 
1998	33 
1999	12 
2000	48 
2001	59 
2002	40 
2003	30 
2004	16 
2005	16 
2006	63 
2007	50 
2008	34 
2009	7 
2010	34 
2011	1 
2012	62 
2013	30 
2014	49 
2015	47 
2016	48 
2017	37 
2018	61 
2019	48 
2020	37 
2021	5 
2022	14 
2023	61 
2024	25 
2025	23 
2026	6 
2027	29 
2028	13 
2029	42 
2030	50 
2031	16 
2032	43 
2033	26 
2034	53 
2035	22 
2036	38 
2037	62 
2038	8 
2039	22 
2040	1 
2041	62 
2042	39 
2043	36 
2044	13 
2045	24 
2046	37 
2047	21 
2048	41 
2049	50 
2050	10 
2051	27 
2052	30 
2053	57 
2054	30 
2055	46 
2056	28 
2057	29 
2058	35 
2059	5 
2060	59 
2061	23 
2062	48 
2063	55 
2064	11 
2065	31 
2066	61 
2067	28 
2068	25 
2069	62 
2070	21 
2071	36 
2072	24 
2073	21 
2074	56 
2075	20 
2076	37 
2077	21 
2078	36 
2079	36 
2080	53 
2081	29 
2082	14 
2083	50 
2084	60 
2085	54 
2086	18 
2087	39 
2088	46 
2089	45 
2090	26 
2091	54 
2092	58 
2093	49 
2094	1 
2095	4 
2096	29 
2097	10 
2098	34 
2099	37 
2100	56 
2101	36 
2102	27 
2103	57 
2104	64 
2105	24 
2106	34 
2107	63 
2108	14 
2109	46 
2110	64 
2111	48 
2112	41 
2113	52 
2114	14 
2115	42 
2116	14 
2117	31 
2118	19 
2119	62 
2120	61 
2121	39 
2122	21 
2123	16 
2124	47 
2125	17 
2126	62 
2127	16 
2128	35 
2129	7 
2130	64 
2131	24 
2132	9 
2133	59 
2134	33 
2135	14 
2136	16 
2137	36 
2138	2 
2139	21 
2140	41 
2141	44 
2142	17 
2143	49 
2144	48 
2145	17 
2146	12 
2147	8 
2148	55 
2149	14 
2150	59 
2151	31 
2152	29 
2153	5 
2154	54 
2155	20 
2156	13 
2157	19 
2158	43 
2159	20 
2160	64 
2161	3 
2162	8 
2163	35 
2164	60 
2165	32 
2166	16 
2167	58 
2168	32 
2169	56 
2170	44 
2171	3 
2172	26 
2173	17 
2174	33 
2175	35 
2176	9 
2177	5 
2178	18 
2179	62 
2180	37 
2181	63 
2182	28 
2183	27 
2184	22 
2185	55 
2186	62 
2187	26 
2188	39 
2189	15 
2190	3 
2191	51 
2192	47 
2193	43 
2194	18 
2195	5 
2196	63 
2197	37 
2198	17 
2199	41 
2200	37 
2201	53 
2202	33 
2203	33 
2204	40 
2205	34 
2206	10 
2207	7 
2208	55 
2209	14 
2210	41 
2211	60 
2212	41 
2213	44 
2214	54 
2215	7 
2216	3 
2217	64 
2218	45 
2219	21 
2220	21 
2221	33 
2222	52 
2223	49 
2224	13 
2225	12 
2226	32 
2227	9 
2228	34 
2229	56 
2230	44 
2231	14 
2232	58 
2233	17 
2234	29 
2235	8 
2236	61 
2237	13 
2238	53 
2239	36 
2240	1 
2241	21 
2242	36 
2243	13 
2244	20 
2245	54 
2246	48 
2247	17 
2248	62 
2249	22 
2250	19 
2251	38 
2252	26 
2253	38 
2254	43 
2255	12 
2256	13 
2257	64 
2258	13 
2259	38 
2260	54 
2261	34 
2262	40 
2263	53 
2264	53 
2265	32 
2266	32 
2267	59 
2268	46 
2269	57 
2270	10 
2271	39 
2272	53 
2273	62 
2274	10 
2275	44 
2276	19 
2277	44 
2278	56 
2279	14 
2280	59 
2281	12 
2282	58 
2283	60 
2284	20 
2285	51 
2286	1 
2287	21 
2288	50 
2289	1 
2290	63 
2291	11 
2292	14 
2293	41 
2294	57 
2295	38 
2296	3 
2297	41 
2298	49 
2299	47 
2300	55 
2301	43 
2302	24 
2303	17 
2304	46 
2305	3 
2306	17 
2307	24 
2308	31 
2309	60 
2310	45 
2311	52 
2312	15 
2313	7 
2314	1 
2315	24 
2316	58 
2317	22 
2318	64 
2319	35 
2320	53 
2321	25 
2322	59 
2323	4 
2324	21 
2325	36 
2326	10 
2327	55 
2328	34 
2329	33 
2330	45 
2331	12 
2332	60 
2333	48 
2334	54 
2335	31 
2336	24 
2337	15 
2338	62 
2339	24 
2340	45 
2341	64 
2342	20 
2343	43 
2344	5 
2345	30 
2346	27 
2347	22 
2348	22 
2349	40 
2350	48 
2351	51 
2352	15 
2353	9 
2354	11 
2355	30 
2356	1 
2357	19 
2358	38 
2359	46 
2360	23 
2361	15 
2362	46 
2363	39 
2364	15 
2365	28 
2366	51 
2367	37 
2368	54 
2369	35 
2370	39 
2371	34 
2372	28 
2373	34 
2374	64 
2375	7 
2376	6 
2377	27 
2378	63 
2379	40 
2380	36 
2381	14 
2382	55 
2383	26 
2384	63 
2385	32 
2386	54 
2387	16 
2388	56 
2389	26 
2390	57 
2391	64 
2392	53 
2393	42 
2394	20 
2395	26 
2396	36 
2397	51 
2398	45 
2399	53 
2400	55 
2401	63 
2402	38 
2403	24 
2404	16 
2405	32 
2406	1 
2407	24 
2408	19 
2409	50 
2410	37 
2411	21 
2412	35 
2413	47 
2414	25 
2415	6 
2416	10 
2417	14 
2418	41 
2419	29 
2420	62 
2421	21 
2422	7 
2423	27 
2424	37 
2425	20 
2426	61 
2427	4 
2428	43 
2429	31 
2430	63 
2431	25 
2432	57 
2433	41 
2434	19 
2435	6 
2436	12 
2437	48 
2438	30 
2439	14 
2440	31 
2441	39 
2442	6 
2443	20 
2444	9 
2445	21 
2446	36 
2447	39 
2448	24 
2449	51 
2450	30 
2451	4 
2452	21 
2453	29 
2454	21 
2455	60 
2456	9 
2457	4 
2458	27 
2459	16 
2460	12 
2461	35 
2462	20 
2463	6 
2464	58 
2465	40 
2466	49 
2467	25 
2468	33 
2469	17 
2470	50 
2471	40 
2472	20 
2473	42 
2474	8 
2475	24 
2476	59 
2477	7 
2478	17 
2479	8 
2480	30 
2481	55 
2482	60 
2483	60 
2484	16 
2485	64 
2486	37 
2487	41 
2488	21 
2489	12 
2490	37 
2491	6 
2492	8 
2493	4 
2494	25 
2495	13 
2496	9 
2497	27 
2498	42 
2499	18 
2500	43 
2501	54 
2502	51 
2503	30 
2504	57 
2505	59 
2506	28 
2507	2 
2508	20 
2509	38 
2510	43 
2511	28 
2512	43 
2513	33 
2514	14 
2515	22 
2516	44 
2517	6 
2518	2 
2519	28 
2520	17 
2521	44 
2522	59 
2523	45 
2524	43 
2525	43 
2526	27 
2527	54 
2528	61 
2529	62 
2530	12 
2531	17 
2532	54 
2533	33 
2534	4 
2535	42 
2536	7 
2537	18 
2538	2 
2539	44 
2540	14 
2541	40 
2542	4 
2543	47 
2544	18 
2545	53 
2546	59 
2547	41 
2548	34 
2549	35 
2550	3 
2551	40 
2552	36 
2553	55 
2554	43 
2555	15 
2556	63 
2557	61 
2558	54 
2559	19 
2560	43 
2561	57 
2562	36 
2563	19 
2564	43 
2565	35 
2566	36 
2567	27 
2568	62 
2569	36 
2570	40 
2571	12 
2572	12 
2573	36 
2574	12 
2575	27 
2576	45 
2577	36 
2578	10 
2579	52 
2580	37 
2581	42 
2582	8 
2583	48 
2584	43 
2585	32 
2586	47 
2587	61 
2588	33 
2589	8 
2590	43 
2591	59 
2592	30 
2593	40 
2594	58 
2595	39 
2596	61 
2597	17 
2598	14 
2599	1 
2600	17 
2601	60 
2602	6 
2603	24 
2604	41 
2605	64 
2606	14 
2607	27 
2608	7 
2609	58 
2610	32 
2611	49 
2612	49 
2613	12 
2614	55 
2615	21 
2616	32 
2617	20 
2618	46 
2619	62 
2620	57 
2621	24 
2622	46 
2623	61 
2624	48 
2625	39 
2626	22 
2627	6 
2628	36 
2629	55 
2630	12 
2631	48 
2632	17 
2633	33 
2634	11 
2635	7 
2636	61 
2637	21 
2638	28 
2639	32 
2640	58 
2641	44 
2642	14 
2643	43 
2644	11 
2645	17 
2646	24 
2647	15 
2648	33 
2649	30 
2650	58 
2651	23 
2652	43 
2653	8 
2654	27 
2655	31 
2656	31 
2657	57 
2658	16 
2659	28 
2660	47 
2661	21 
2662	38 
2663	40 
2664	41 
2665	55 
2666	44 
2667	22 
2668	43 
2669	10 
2670	14 
2671	6 
2672	11 
2673	49 
2674	48 
2675	42 
2676	49 
2677	27 
2678	61 
2679	37 
2680	51 
2681	39 
2682	45 
2683	19 
2684	23 
2685	17 
2686	1 
2687	37 
2688	49 
2689	34 
2690	3 
2691	46 
2692	6 
2693	2 
2694	13 
2695	64 
2696	7 
2697	17 
2698	9 
2699	56 
2700	15 
2701	26 
2702	18 
2703	59 
2704	24 
2705	61 
2706	54 
2707	11 
2708	27 
2709	4 
2710	29 
2711	13 
2712	58 
2713	5 
2714	17 
2715	62 
2716	51 
2717	41 
2718	32 
2719	10 
2720	14 
2721	63 
2722	35 
2723	22 
2724	64 
2725	23 
2726	6 
2727	63 
2728	58 
2729	46 
2730	61 
2731	10 
2732	52 
2733	63 
2734	43 
2735	54 
2736	23 
2737	32 
2738	52 
2739	55 
2740	40 
2741	7 
2742	24 
2743	21 
2744	18 
2745	11 
2746	27 
2747	38 
2748	25 
2749	33 
2750	52 
2751	42 
2752	19 
2753	22 
2754	11 
2755	48 
2756	64 
2757	23 
2758	35 
2759	17 
2760	43 
2761	4 
2762	49 
2763	30 
2764	24 
2765	1 
2766	56 
2767	44 
2768	55 
2769	17 
2770	42 
2771	23 
2772	11 
2773	8 
2774	5 
2775	33 
2776	31 
2777	7 
2778	40 
2779	32 
2780	46 
2781	17 
2782	26 
2783	19 
2784	43 
2785	3 
2786	58 
2787	11 
2788	47 
2789	63 
2790	13 
2791	28 
2792	51 
2793	63 
2794	32 
2795	21 
2796	24 
2797	63 
2798	57 
2799	42 
2800	38 
2801	13 
2802	21 
2803	22 
2804	10 
2805	61 
2806	56 
2807	48 
2808	42 
2809	2 
2810	30 
2811	42 
2812	42 
2813	2 
2814	30 
2815	18 
2816	41 
2817	37 
2818	47 
2819	36 
2820	61 
2821	10 
2822	13 
2823	33 
2824	4 
2825	6 
2826	41 
2827	26 
2828	23 
2829	58 
2830	64 
2831	5 
2832	29 
2833	47 
2834	27 
2835	24 
2836	1 
2837	61 
2838	52 
2839	15 
2840	27 
2841	35 
2842	63 
2843	2 
2844	10 
2845	63 
2846	46 
2847	29 
2848	34 
2849	44 
2850	19 
2851	41 
2852	39 
2853	18 
2854	7 
2855	6 
2856	62 
2857	11 
2858	20 
2859	28 
2860	47 
2861	14 
2862	58 
2863	25 
2864	18 
2865	42 
2866	8 
2867	38 
2868	46 
2869	31 
2870	48 
2871	12 
2872	6 
2873	1 
2874	58 
2875	5 
2876	52 
2877	21 
2878	36 
2879	59 
2880	8 
2881	51 
2882	57 
2883	6 
2884	23 
2885	3 
2886	13 
2887	34 
2888	42 
2889	33 
2890	62 
2891	47 
2892	26 
2893	59 
2894	28 
2895	44 
2896	6 
2897	38 
2898	59 
2899	4 
2900	54 
2901	26 
2902	51 
2903	39 
2904	15 
2905	11 
2906	32 
2907	31 
2908	21 
2909	40 
2910	6 
2911	59 
2912	11 
2913	40 
2914	62 
2915	29 
2916	23 
2917	9 
2918	28 
2919	4 
2920	3 
2921	24 
2922	7 
2923	24 
2924	46 
2925	37 
2926	38 
2927	12 
2928	32 
2929	64 
2930	43 
2931	36 
2932	29 
2933	58 
2934	16 
2935	43 
2936	42 
2937	48 
2938	52 
2939	15 
2940	9 
2941	17 
2942	21 
2943	14 
2944	9 
2945	37 
2946	42 
2947	47 
2948	10 
2949	13 
2950	18 
2951	47 
2952	1 
2953	14 
2954	43 
2955	36 
2956	10 
2957	19 
2958	64 
2959	36 
2960	30 
2961	4 
2962	50 
2963	36 
2964	42 
2965	5 
2966	42 
2967	11 
2968	21 
2969	6 
2970	64 
2971	52 
2972	41 
2973	36 
2974	29 
2975	58 
2976	41 
2977	1 
2978	51 
2979	46 
2980	12 
2981	3 
2982	20 
2983	15 
2984	62 
2985	19 
2986	59 
2987	31 
2988	35 
2989	8 
2990	1 
2991	61 
2992	61 
2993	8 
2994	8 
2995	58 
2996	8 
2997	47 
2998	51 
2999	42 
3000	8 
3001	34 
3002	51 
3003	54 
3004	30 
3005	7 
3006	54 
3007	33 
3008	14 
3009	34 
3010	21 
3011	49 
3012	21 
3013	57 
3014	26 
3015	52 
3016	59 
3017	16 
3018	46 
3019	3 
3020	27 
3021	43 
3022	34 
3023	12 
3024	12 
3025	41 
3026	19 
3027	64 
3028	1 
3029	30 
3030	5 
3031	32 
3032	6 
3033	44 
3034	62 
3035	51 
3036	11 
3037	26 
3038	47 
3039	5 
3040	22 
3041	54 
3042	29 
3043	5 
3044	29 
3045	14 
3046	34 
3047	45 
3048	2 
3049	43 
3050	56 
3051	62 
3052	3 
3053	18 
3054	45 
3055	7 
3056	55 
3057	29 
3058	25 
3059	43 
3060	33 
3061	45 
3062	33 
3063	14 
3064	59 
3065	49 
3066	19 
3067	33 
3068	1 
3069	44 
3070	58 
3071	26 
3072	27 
3073	36 
3074	8 
3075	15 
3076	21 
3077	22 
3078	62 
3079	49 
3080	23 
3081	47 
3082	58 
3083	60 
3084	9 
3085	9 
3086	51 
3087	16 
3088	11 
3089	5 
3090	32 
3091	34 
3092	59 
3093	19 
3094	23 
3095	30 
3096	15 
3097	51 
3098	40 
3099	15 
3100	22 
3101	50 
3102	45 
3103	16 
3104	2 
3105	31 
3106	63 
3107	51 
3108	16 
3109	19 
3110	17 
3111	54 
3112	60 
3113	4 
3114	61 
3115	54 
3116	1 
3117	25 
3118	5 
3119	18 
3120	18 
3121	26 
3122	25 
3123	21 
3124	58 
3125	31 
3126	21 
3127	9 
3128	57 
3129	4 
3130	13 
3131	63 
3132	30 
3133	51 
3134	15 
3135	52 
3136	54 
3137	51 
3138	51 
3139	16 
3140	37 
3141	35 
3142	2 
3143	29 
3144	59 
3145	34 
3146	1 
3147	49 
3148	17 
3149	36 
3150	36 
3151	22 
3152	10 
3153	21 
3154	11 
3155	18 
3156	55 
3157	31 
3158	17 
3159	49 
3160	43 
3161	7 
3162	23 
3163	30 
3164	45 
3165	37 
3166	24 
3167	25 
3168	41 
3169	20 
3170	19 
3171	62 
3172	30 
3173	30 
3174	41 
3175	36 
3176	20 
3177	54 
3178	23 
3179	16 
3180	10 
3181	17 
3182	51 
3183	20 
3184	6 
3185	19 
3186	8 
3187	32 
3188	5 
3189	17 
3190	31 
3191	10 
3192	51 
3193	61 
3194	30 
3195	35 
3196	46 
3197	23 
3198	8 
3199	57 
3200	51 
3201	24 
3202	44 
3203	27 
3204	32 
3205	42 
3206	47 
3207	22 
3208	36 
3209	35 
3210	12 
3211	63 
3212	62 
3213	32 
3214	53 
3215	1 
3216	42 
3217	15 
3218	9 
3219	58 
3220	57 
3221	11 
3222	6 
3223	32 
3224	32 
3225	32 
3226	25 
3227	61 
3228	47 
3229	47 
3230	45 
3231	61 
3232	19 
3233	64 
3234	61 
3235	64 
3236	25 
3237	40 
3238	57 
3239	51 
3240	24 
3241	9 
3242	41 
3243	35 
3244	5 
3245	57 
3246	42 
3247	11 
3248	46 
3249	17 
3250	36 
3251	13 
3252	58 
3253	18 
3254	39 
3255	26 
3256	46 
3257	2 
3258	33 
3259	35 
3260	55 
3261	42 
3262	47 
3263	46 
3264	11 
3265	14 
3266	46 
3267	61 
3268	56 
3269	7 
3270	35 
3271	56 
3272	5 
3273	40 
3274	24 
3275	39 
3276	1 
3277	55 
3278	51 
3279	62 
3280	21 
3281	64 
3282	1 
3283	30 
3284	32 
3285	27 
3286	48 
3287	19 
3288	31 
3289	17 
3290	50 
3291	49 
3292	21 
3293	53 
3294	60 
3295	46 
3296	44 
3297	5 
3298	14 
3299	25 
3300	16 
3301	6 
3302	8 
3303	31 
3304	47 
3305	58 
3306	17 
3307	61 
3308	20 
3309	16 
3310	34 
3311	8 
3312	21 
3313	64 
3314	37 
3315	47 
3316	42 
3317	9 
3318	44 
3319	42 
3320	20 
3321	33 
3322	26 
3323	27 
3324	43 
3325	17 
3326	15 
3327	46 
3328	39 
3329	18 
3330	35 
3331	8 
3332	13 
3333	15 
3334	29 
3335	45 
3336	57 
3337	33 
3338	27 
3339	50 
3340	12 
3341	60 
3342	64 
3343	27 
3344	58 
3345	15 
3346	47 
3347	21 
3348	33 
3349	14 
3350	13 
3351	33 
3352	55 
3353	8 
3354	14 
3355	27 
3356	45 
3357	19 
3358	59 
3359	30 
3360	9 
3361	21 
3362	57 
3363	29 
3364	11 
3365	25 
3366	32 
3367	42 
3368	1 
3369	38 
3370	9 
3371	24 
3372	28 
3373	32 
3374	41 
3375	31 
3376	17 
3377	45 
3378	19 
3379	19 
3380	1 
3381	32 
3382	7 
3383	20 
3384	43 
3385	53 
3386	15 
3387	25 
3388	29 
3389	30 
3390	56 
3391	38 
3392	49 
3393	61 
3394	53 
3395	33 
3396	12 
3397	18 
3398	35 
3399	12 
3400	50 
3401	12 
3402	9 
3403	17 
3404	41 
3405	52 
3406	49 
3407	19 
3408	55 
3409	29 
3410	50 
3411	23 
3412	9 
3413	30 
3414	29 
3415	36 
3416	38 
3417	14 
3418	45 
3419	48 
3420	53 
3421	30 
3422	24 
3423	40 
3424	17 
3425	53 
3426	29 
3427	55 
3428	57 
3429	28 
3430	18 
3431	49 
3432	16 
3433	25 
3434	3 
3435	57 
3436	18 
3437	19 
3438	10 
3439	39 
3440	7 
3441	49 
3442	30 
3443	11 
3444	64 
3445	6 
3446	43 
3447	18 
3448	11 
3449	44 
3450	17 
3451	19 
3452	43 
3453	6 
3454	18 
3455	38 
3456	14 
3457	15 
3458	37 
3459	53 
3460	58 
3461	34 
3462	41 
3463	46 
3464	63 
3465	47 
3466	18 
3467	28 
3468	52 
3469	20 
3470	19 
3471	30 
3472	27 
3473	56 
3474	42 
3475	45 
3476	2 
3477	34 
3478	3 
3479	45 
3480	5 
3481	1 
3482	30 
3483	27 
3484	44 
3485	43 
3486	17 
3487	22 
3488	38 
3489	32 
3490	10 
3491	5 
3492	49 
3493	44 
3494	21 
3495	57 
3496	64 
3497	63 
3498	61 
3499	15 
3500	38 
3501	49 
3502	24 
3503	30 
3504	31 
3505	43 
3506	38 
3507	45 
3508	26 
3509	13 
3510	55 
3511	12 
3512	55 
3513	51 
3514	9 
3515	21 
3516	32 
3517	44 
3518	57 
3519	39 
3520	24 
3521	19 
3522	44 
3523	42 
3524	12 
3525	10 
3526	16 
3527	37 
3528	23 
3529	16 
3530	28 
3531	27 
3532	51 
3533	8 
3534	45 
3535	47 
3536	39 
3537	26 
3538	45 
3539	56 
3540	54 
3541	35 
3542	58 
3543	6 
3544	22 
3545	45 
3546	2 
3547	17 
3548	24 
3549	29 
3550	62 
3551	51 
3552	12 
3553	32 
3554	7 
3555	21 
3556	54 
3557	31 
3558	61 
3559	38 
3560	57 
3561	32 
3562	14 
3563	36 
3564	15 
3565	56 
3566	51 
3567	53 
3568	21 
3569	29 
3570	21 
3571	21 
3572	6 
3573	35 
3574	5 
3575	43 
3576	19 
3577	62 
3578	17 
3579	7 
3580	13 
3581	27 
3582	45 
3583	15 
3584	39 
3585	10 
3586	7 
3587	33 
3588	7 
3589	8 
3590	54 
3591	50 
3592	51 
3593	1 
3594	16 
3595	42 
3596	14 
3597	4 
3598	18 
3599	42 
3600	4 
3601	55 
3602	24 
3603	61 
3604	47 
3605	53 
3606	34 
3607	14 
3608	19 
3609	43 
3610	24 
3611	59 
3612	1 
3613	22 
3614	31 
3615	57 
3616	29 
3617	1 
3618	16 
3619	30 
3620	18 
3621	63 
3622	20 
3623	47 
3624	1 
3625	48 
3626	49 
3627	44 
3628	14 
3629	59 
3630	14 
3631	55 
3632	12 
3633	14 
3634	9 
3635	7 
3636	44 
3637	15 
3638	57 
3639	1 
3640	42 
3641	20 
3642	43 
3643	31 
3644	45 
3645	33 
3646	16 
3647	11 
3648	36 
3649	20 
3650	49 
3651	39 
3652	42 
3653	27 
3654	31 
3655	18 
3656	41 
3657	43 
3658	43 
3659	61 
3660	28 
3661	12 
3662	2 
3663	1 
3664	58 
3665	33 
3666	1 
3667	7 
3668	23 
3669	27 
3670	14 
3671	50 
3672	21 
3673	42 
3674	49 
3675	60 
3676	13 
3677	17 
3678	16 
3679	9 
3680	29 
3681	17 
3682	63 
3683	7 
3684	50 
3685	56 
3686	16 
3687	53 
3688	21 
3689	61 
3690	18 
3691	23 
3692	16 
3693	38 
3694	59 
3695	31 
3696	22 
3697	41 
3698	42 
3699	51 
3700	60 
3701	33 
3702	61 
3703	43 
3704	12 
3705	49 
3706	4 
3707	4 
3708	31 
3709	37 
3710	1 
3711	48 
3712	47 
3713	14 
3714	44 
3715	64 
3716	9 
3717	54 
3718	35 
3719	7 
3720	5 
3721	45 
3722	10 
3723	3 
3724	8 
3725	8 
3726	1 
3727	58 
3728	44 
3729	18 
3730	45 
3731	8 
3732	27 
3733	38 
3734	47 
3735	19 
3736	23 
3737	13 
3738	49 
3739	18 
3740	51 
3741	4 
3742	15 
3743	59 
3744	17 
3745	27 
3746	21 
3747	17 
3748	34 
3749	8 
3750	28 
3751	50 
3752	5 
3753	1 
3754	24 
3755	25 
3756	57 
3757	12 
3758	42 
3759	17 
3760	33 
3761	36 
3762	4 
3763	38 
3764	32 
3765	7 
3766	44 
3767	5 
3768	41 
3769	31 
3770	7 
3771	61 
3772	19 
3773	6 
3774	17 
3775	3 
3776	23 
3777	6 
3778	35 
3779	46 
3780	38 
3781	10 
3782	25 
3783	43 
3784	47 
3785	45 
3786	34 
3787	44 
3788	57 
3789	62 
3790	45 
3791	7 
3792	21 
3793	39 
3794	52 
3795	54 
3796	62 
3797	37 
3798	36 
3799	61 
3800	2 
3801	44 
3802	24 
3803	6 
3804	21 
3805	29 
3806	60 
3807	61 
3808	20 
3809	15 
3810	34 
3811	42 
3812	32 
3813	6 
3814	54 
3815	14 
3816	9 
3817	22 
3818	17 
3819	42 
3820	64 
3821	47 
3822	39 
3823	56 
3824	7 
3825	4 
3826	47 
3827	5 
3828	46 
3829	7 
3830	44 
3831	14 
3832	27 
3833	4 
3834	6 
3835	9 
3836	4 
3837	22 
3838	4 
3839	49 
3840	49 
3841	51 
3842	31 
3843	39 
3844	47 
3845	44 
3846	7 
3847	55 
3848	26 
3849	44 
3850	51 
3851	48 
3852	30 
3853	30 
3854	63 
3855	1 
3856	2 
3857	8 
3858	28 
3859	58 
3860	56 
3861	40 
3862	28 
3863	24 
3864	8 
3865	54 
3866	9 
3867	59 
3868	41 
3869	46 
3870	53 
3871	19 
3872	14 
3873	38 
3874	34 
3875	39 
3876	23 
3877	13 
3878	20 
3879	61 
3880	30 
3881	14 
3882	23 
3883	37 
3884	3 
3885	58 
3886	21 
3887	58 
3888	40 
3889	55 
3890	7 
3891	60 
3892	13 
3893	32 
3894	54 
3895	33 
3896	54 
3897	22 
3898	57 
3899	16 
3900	61 
3901	14 
3902	8 
3903	11 
3904	27 
3905	32 
3906	16 
3907	48 
3908	43 
3909	60 
3910	9 
3911	10 
3912	47 
3913	17 
3914	50 
3915	41 
3916	62 
3917	32 
3918	1 
3919	41 
3920	50 
3921	60 
3922	50 
3923	13 
3924	58 
3925	64 
3926	6 
3927	61 
3928	8 
3929	62 
3930	29 
3931	27 
3932	19 
3933	19 
3934	29 
3935	44 
3936	64 
3937	3 
3938	8 
3939	22 
3940	55 
3941	4 
3942	10 
3943	3 
3944	46 
3945	2 
3946	53 
3947	24 
3948	62 
3949	58 
3950	58 
3951	42 
3952	64 
3953	31 
3954	38 
3955	57 
3956	2 
3957	51 
3958	36 
3959	44 
3960	27 
3961	20 
3962	17 
3963	47 
3964	42 
3965	33 
3966	61 
3967	20 
3968	52 
3969	43 
3970	38 
3971	38 
3972	41 
3973	43 
3974	11 
3975	14 
3976	57 
3977	62 
3978	17 
3979	62 
3980	44 
3981	61 
3982	9 
3983	7 
3984	34 
3985	19 
3986	46 
3987	43 
3988	33 
3989	2 
3990	11 
3991	35 
3992	35 
3993	35 
3994	8 
3995	51 
3996	11 
3997	54 
3998	24 
3999	19 
4000	3 
4001	44 
4002	36 
4003	29 
4004	11 
4005	63 
4006	48 
4007	52 
4008	17 
4009	48 
4010	61 
4011	14 
4012	38 
4013	55 
4014	59 
4015	30 
4016	21 
4017	63 
4018	19 
4019	21 
4020	60 
4021	27 
4022	41 
4023	59 
4024	19 
4025	26 
4026	46 
4027	12 
4028	35 
4029	41 
4030	53 
4031	25 
4032	62 
4033	60 
4034	37 
4035	52 
4036	16 
4037	46 
4038	55 
4039	10 
4040	42 
4041	2 
4042	3 
4043	22 
4044	52 
4045	45 
4046	60 
4047	5 
4048	8 
4049	27 
4050	36 
4051	34 
4052	7 
4053	6 
4054	27 
4055	56 
4056	8 
4057	62 
4058	51 
4059	32 
4060	54 
4061	54 
4062	44 
4063	28 
4064	8 
4065	19 
4066	19 
4067	31 
4068	26 
4069	7 
4070	11 
4071	13 
4072	12 
4073	8 
4074	24 
4075	38 
4076	53 
4077	27 
4078	42 
4079	54 
4080	6 
4081	22 
4082	58 
4083	35 
4084	57 
4085	44 
4086	16 
4087	57 
4088	47 
4089	43 
4090	19 
4091	14 
4092	48 
4093	24 
4094	34 
4095	9 
4096	23 
4097	56 
4098	40 
4099	34 
4100	47 
4101	1 
4102	63 
4103	6 
4104	44 
4105	54 
4106	30 
4107	9 
4108	1 
4109	36 
4110	51 
4111	21 
4112	25 
4113	58 
4114	8 
4115	59 
4116	45 
4117	10 
4118	31 
4119	43 
4120	34 
4121	57 
4122	47 
4123	23 
4124	12 
4125	19 
4126	61 
4127	19 
4128	14 
4129	47 
4130	8 
4131	38 
4132	64 
4133	48 
4134	14 
4135	34 
4136	19 
4137	59 
4138	27 
4139	4 
4140	30 
4141	45 
4142	36 
4143	59 
4144	54 
4145	52 
4146	4 
4147	26 
4148	25 
4149	35 
4150	12 
4151	30 
4152	54 
4153	28 
4154	34 
4155	12 
4156	27 
4157	8 
4158	20 
4159	19 
4160	51 
4161	12 
4162	25 
4163	8 
4164	15 
4165	2 
4166	63 
4167	27 
4168	9 
4169	61 
4170	30 
4171	6 
4172	16 
4173	28 
4174	59 
4175	29 
4176	57 
4177	29 
4178	33 
4179	12 
4180	44 
4181	3 
4182	56 
4183	63 
4184	54 
4185	24 
4186	58 
4187	59 
4188	27 
4189	60 
4190	55 
4191	26 
4192	61 
4193	45 
4194	33 
4195	42 
4196	29 
4197	64 
4198	24 
4199	12 
4200	33 
4201	56 
4202	33 
4203	25 
4204	36 
4205	42 
4206	58 
4207	36 
4208	26 
4209	20 
4210	51 
4211	17 
4212	21 
4213	1 
4214	11 
4215	48 
4216	48 
4217	31 
4218	18 
4219	39 
4220	33 
4221	4 
4222	49 
4223	61 
4224	45 
4225	16 
4226	30 
4227	2 
4228	32 
4229	35 
4230	45 
4231	55 
4232	53 
4233	54 
4234	39 
4235	18 
4236	25 
4237	6 
4238	62 
4239	17 
4240	50 
4241	7 
4242	21 
4243	54 
4244	40 
4245	52 
4246	52 
4247	62 
4248	47 
4249	54 
4250	36 
4251	43 
4252	30 
4253	24 
4254	30 
4255	38 
4256	44 
4257	37 
4258	19 
4259	52 
4260	44 
4261	8 
4262	1 
4263	34 
4264	49 
4265	14 
4266	34 
4267	8 
4268	39 
4269	51 
4270	62 
4271	12 
4272	62 
4273	3 
4274	29 
4275	29 
4276	33 
4277	25 
4278	56 
4279	30 
4280	33 
4281	54 
4282	61 
4283	16 
4284	41 
4285	33 
4286	29 
4287	64 
4288	37 
4289	24 
4290	39 
4291	22 
4292	54 
4293	57 
4294	29 
4295	46 
4296	35 
4297	61 
4298	53 
4299	23 
4300	16 
4301	57 
4302	24 
4303	63 
4304	15 
4305	60 
4306	54 
4307	62 
4308	44 
4309	38 
4310	8 
4311	11 
4312	14 
4313	25 
4314	63 
4315	1 
4316	16 
4317	53 
4318	51 
4319	1 
4320	60 
4321	27 
4322	34 
4323	27 
4324	52 
4325	43 
4326	7 
4327	19 
4328	53 
4329	30 
4330	43 
4331	50 
4332	52 
4333	40 
4334	30 
4335	6 
4336	43 
4337	1 
4338	9 
4339	1 
4340	4 
4341	63 
4342	2 
4343	17 
4344	64 
4345	27 
4346	58 
4347	10 
4348	43 
4349	8 
4350	14 
4351	22 
4352	13 
4353	17 
4354	38 
4355	24 
4356	31 
4357	24 
4358	9 
4359	50 
4360	17 
4361	16 
4362	46 
4363	42 
4364	7 
4365	42 
4366	51 
4367	25 
4368	15 
4369	37 
4370	38 
4371	17 
4372	19 
4373	6 
4374	43 
4375	53 
4376	52 
4377	43 
4378	3 
4379	22 
4380	40 
4381	50 
4382	15 
4383	46 
4384	8 
4385	18 
4386	40 
4387	2 
4388	25 
4389	11 
4390	24 
4391	44 
4392	59 
4393	41 
4394	39 
4395	48 
4396	5 
4397	18 
4398	52 
4399	24 
4400	8 
4401	30 
4402	47 
4403	11 
4404	24 
4405	34 
4406	24 
4407	52 
4408	64 
4409	47 
4410	52 
4411	14 
4412	29 
4413	54 
4414	52 
4415	51 
4416	48 
4417	38 
4418	36 
4419	4 
4420	36 
4421	62 
4422	16 
4423	61 
4424	40 
4425	53 
4426	23 
4427	57 
4428	39 
4429	9 
4430	47 
4431	6 
4432	14 
4433	26 
4434	23 
4435	50 
4436	20 
4437	55 
4438	43 
4439	20 
4440	57 
4441	33 
4442	38 
4443	17 
4444	53 
4445	16 
4446	44 
4447	15 
4448	28 
4449	14 
4450	7 
4451	19 
4452	44 
4453	3 
4454	19 
4455	41 
4456	35 
4457	46 
4458	26 
4459	20 
4460	49 
4461	3 
4462	58 
4463	14 
4464	6 
4465	50 
4466	16 
4467	23 
4468	37 
4469	5 
4470	21 
4471	12 
4472	7 
4473	54 
4474	8 
4475	22 
4476	3 
4477	43 
4478	1 
4479	14 
4480	63 
4481	45 
4482	20 
4483	29 
4484	22 
4485	10 
4486	46 
4487	19 
4488	39 
4489	27 
4490	60 
4491	10 
4492	44 
4493	23 
4494	51 
4495	8 
4496	58 
4497	38 
4498	27 
4499	37 
4500	13 
4501	39 
4502	51 
4503	36 
4504	7 
4505	31 
4506	42 
4507	58 
4508	40 
4509	36 
4510	55 
4511	16 
4512	11 
4513	58 
4514	12 
4515	24 
4516	26 
4517	23 
4518	41 
4519	22 
4520	36 
4521	50 
4522	50 
4523	60 
4524	49 
4525	58 
4526	50 
4527	21 
4528	50 
4529	19 
4530	16 
4531	41 
4532	26 
4533	32 
4534	39 
4535	54 
4536	59 
4537	58 
4538	30 
4539	24 
4540	2 
4541	19 
4542	35 
4543	33 
4544	59 
4545	12 
4546	32 
4547	29 
4548	57 
4549	42 
4550	54 
4551	52 
4552	1 
4553	35 
4554	38 
4555	9 
4556	14 
4557	18 
4558	10 
4559	16 
4560	27 
4561	10 
4562	28 
4563	45 
4564	62 
4565	11 
4566	63 
4567	59 
4568	44 
4569	41 
4570	6 
4571	40 
4572	16 
4573	19 
4574	17 
4575	44 
4576	25 
4577	37 
4578	52 
4579	27 
4580	47 
4581	52 
4582	39 
4583	12 
4584	35 
4585	36 
4586	23 
4587	41 
4588	7 
4589	15 
4590	47 
4591	63 
4592	43 
4593	17 
4594	43 
4595	33 
4596	12 
4597	1 
4598	62 
4599	7 
4600	55 
4601	62 
4602	8 
4603	61 
4604	64 
4605	7 
4606	1 
4607	24 
4608	59 
4609	18 
4610	6 
4611	38 
4612	36 
4613	24 
4614	42 
4615	47 
4616	36 
4617	11 
4618	49 
4619	6 
4620	61 
4621	11 
4622	23 
4623	30 
4624	60 
4625	5 
4626	9 
4627	11 
4628	59 
4629	32 
4630	60 
4631	15 
4632	25 
4633	22 
4634	43 
4635	40 
4636	21 
4637	16 
4638	54 
4639	55 
4640	27 
4641	16 
4642	1 
4643	23 
4644	7 
4645	63 
4646	16 
4647	9 
4648	18 
4649	62 
4650	55 
4651	16 
4652	54 
4653	1 
4654	35 
4655	48 
4656	49 
4657	33 
4658	25 
4659	9 
4660	8 
4661	10 
4662	26 
4663	61 
4664	32 
4665	59 
4666	24 
4667	53 
4668	6 
4669	57 
4670	41 
4671	3 
4672	44 
4673	2 
4674	49 
4675	63 
4676	6 
4677	52 
4678	24 
4679	54 
4680	35 
4681	41 
4682	37 
4683	62 
4684	24 
4685	50 
4686	38 
4687	2 
4688	62 
4689	61 
4690	31 
4691	19 
4692	7 
4693	58 
4694	33 
4695	19 
4696	18 
4697	40 
4698	27 
4699	8 
4700	24 
4701	13 
4702	15 
4703	51 
4704	61 
4705	24 
4706	63 
4707	61 
4708	21 
4709	52 
4710	17 
4711	29 
4712	40 
4713	49 
4714	51 
4715	6 
4716	55 
4717	46 
4718	54 
4719	32 
4720	33 
4721	41 
4722	44 
4723	64 
4724	61 
4725	27 
4726	8 
4727	38 
4728	36 
4729	28 
4730	47 
4731	40 
4732	44 
4733	50 
4734	3 
4735	37 
4736	57 
4737	58 
4738	57 
4739	64 
4740	54 
4741	35 
4742	4 
4743	11 
4744	58 
4745	15 
4746	16 
4747	20 
4748	33 
4749	51 
4750	42 
4751	9 
4752	12 
4753	2 
4754	5 
4755	17 
4756	33 
4757	41 
4758	36 
4759	2 
4760	30 
4761	44 
4762	43 
4763	58 
4764	16 
4765	4 
4766	55 
4767	13 
4768	31 
4769	6 
4770	17 
4771	52 
4772	48 
4773	49 
4774	47 
4775	53 
4776	55 
4777	15 
4778	40 
4779	30 
4780	19 
4781	62 
4782	63 
4783	12 
4784	47 
4785	24 
4786	3 
4787	20 
4788	35 
4789	1 
4790	61 
4791	7 
4792	25 
4793	52 
4794	30 
4795	26 
4796	51 
4797	9 
4798	47 
4799	2 
4800	21 
4801	63 
4802	25 
4803	2 
4804	46 
4805	64 
4806	61 
4807	17 
4808	44 
4809	13 
4810	17 
4811	28 
4812	36 
4813	43 
4814	61 
4815	48 
4816	23 
4817	14 
4818	38 
4819	46 
4820	41 
4821	32 
4822	41 
4823	56 
4824	47 
4825	18 
4826	44 
4827	31 
4828	54 
4829	62 
4830	60 
4831	52 
4832	63 
4833	29 
4834	61 
4835	53 
4836	10 
4837	52 
4838	42 
4839	38 
4840	62 
4841	49 
4842	38 
4843	25 
4844	18 
4845	2 
4846	58 
4847	23 
4848	6 
4849	7 
4850	57 
4851	24 
4852	30 
4853	44 
4854	3 
4855	19 
4856	1 
4857	3 
4858	63 
4859	8 
4860	6 
4861	44 
4862	15 
4863	28 
4864	41 
4865	21 
4866	25 
4867	28 
4868	24 
4869	31 
4870	20 
4871	1 
4872	27 
4873	22 
4874	17 
4875	61 
4876	10 
4877	30 
4878	12 
4879	28 
4880	61 
4881	28 
4882	9 
4883	23 
4884	31 
4885	16 
4886	54 
4887	48 
4888	37 
4889	37 
4890	58 
4891	62 
4892	1 
4893	42 
4894	4 
4895	22 
4896	5 
4897	18 
4898	26 
4899	42 
4900	16 
4901	18 
4902	63 
4903	19 
4904	19 
4905	57 
4906	59 
4907	3 
4908	16 
4909	3 
4910	4 
4911	60 
4912	39 
4913	34 
4914	26 
4915	23 
4916	62 
4917	56 
4918	54 
4919	22 
4920	50 
4921	24 
4922	32 
4923	60 
4924	18 
4925	4 
4926	9 
4927	28 
4928	62 
4929	20 
4930	62 
4931	14 
4932	59 
4933	7 
4934	26 
4935	18 
4936	62 
4937	40 
4938	63 
4939	24 
4940	5 
4941	32 
4942	24 
4943	63 
4944	30 
4945	28 
4946	3 
4947	46 
4948	16 
4949	34 
4950	50 
4951	19 
4952	53 
4953	4 
4954	3 
4955	8 
4956	55 
4957	19 
4958	62 
4959	57 
4960	45 
4961	2 
4962	38 
4963	59 
4964	27 
4965	59 
4966	1 
4967	7 
4968	26 
4969	12 
4970	54 
4971	21 
4972	48 
4973	64 
4974	35 
4975	21 
4976	42 
4977	58 
4978	39 
4979	17 
4980	25 
4981	25 
4982	22 
4983	62 
4984	22 
4985	2 
4986	57 
4987	51 
4988	31 
4989	60 
4990	39 
4991	21 
4992	6 
4993	36 
4994	64 
4995	4 
4996	31 
4997	10 
4998	50 
4999	8 
5000	34 
