1	42 
2	8 
3	28 
4	32 
5	53 
6	12 
7	61 
8	14 
9	6 
10	53 
11	22 
12	4 
13	13 
14	28 
15	41 
16	36 
17	15 
18	51 
19	43 
20	7 
21	36 
22	1 
23	40 
24	32 
25	42 
26	1 
27	59 
28	39 
29	59 
30	52 
31	36 
32	61 
33	34 
34	16 
35	40 
36	61 
37	38 
38	48 
39	15 
40	3 
41	28 
42	56 
43	36 
44	11 
45	26 
46	49 
47	47 
48	34 
49	59 
50	54 
51	57 
52	60 
53	39 
54	6 
55	54 
56	28 
57	37 
58	55 
59	9 
60	54 
61	45 
62	44 
63	32 
64	59 
65	9 
66	52 
67	16 
68	37 
69	34 
70	31 
71	1 
72	54 
73	47 
74	37 
75	5 
76	8 
77	7 
78	58 
79	22 
80	4 
81	39 
82	56 
83	45 
84	28 
85	45 
86	14 
87	58 
88	3 
89	32 
90	51 
91	22 
92	6 
93	39 
94	57 
95	3 
96	39 
97	31 
98	3 
99	59 
100	20 
101	54 
102	58 
103	3 
104	1 
105	56 
106	36 
107	8 
108	33 
109	29 
110	14 
111	23 
112	32 
113	59 
114	39 
115	58 
116	30 
117	45 
118	57 
119	6 
120	26 
121	25 
122	57 
123	52 
124	5 
125	53 
126	4 
127	55 
128	24 
129	13 
130	17 
131	46 
132	49 
133	43 
134	16 
135	31 
136	58 
137	57 
138	22 
139	39 
140	22 
141	1 
142	5 
143	4 
144	61 
145	44 
146	22 
147	4 
148	46 
149	45 
150	52 
151	56 
152	25 
153	51 
154	19 
155	44 
156	5 
157	42 
158	48 
159	54 
160	44 
161	59 
162	14 
163	13 
164	57 
165	4 
166	55 
167	55 
168	23 
169	31 
170	60 
171	31 
172	3 
173	24 
174	54 
175	60 
176	1 
177	14 
178	32 
179	9 
180	15 
181	3 
182	42 
183	2 
184	46 
185	12 
186	16 
187	28 
188	44 
189	11 
190	48 
191	16 
192	56 
193	17 
194	48 
195	51 
196	40 
197	47 
198	1 
199	28 
200	47 
201	51 
202	18 
203	31 
204	7 
205	58 
206	28 
207	4 
208	36 
209	3 
210	48 
211	27 
212	13 
213	8 
214	19 
215	8 
216	36 
217	60 
218	50 
219	50 
220	19 
221	9 
222	36 
223	3 
224	42 
225	45 
226	57 
227	1 
228	3 
229	38 
230	58 
231	41 
232	8 
233	10 
234	60 
235	41 
236	48 
237	58 
238	32 
239	58 
240	40 
241	14 
242	10 
243	37 
244	45 
245	59 
246	39 
247	4 
248	45 
249	25 
250	10 
251	10 
252	14 
253	61 
254	25 
255	61 
256	60 
257	17 
258	15 
259	53 
260	61 
261	54 
262	44 
263	31 
264	27 
265	59 
266	15 
267	34 
268	29 
269	17 
270	14 
271	15 
272	26 
273	37 
274	44 
275	36 
276	40 
277	51 
278	7 
279	11 
280	57 
281	19 
282	44 
283	5 
284	60 
285	42 
286	61 
287	9 
288	37 
289	41 
290	10 
291	5 
292	17 
293	45 
294	26 
295	54 
296	10 
297	16 
298	55 
299	23 
300	11 
301	35 
302	5 
303	9 
304	34 
305	44 
306	26 
307	41 
308	44 
309	24 
310	18 
311	16 
312	20 
313	8 
314	33 
315	31 
316	58 
317	28 
318	26 
319	16 
320	30 
321	27 
322	30 
323	2 
324	44 
325	47 
326	48 
327	61 
328	2 
329	39 
330	45 
331	48 
332	4 
333	21 
334	25 
335	51 
336	33 
337	60 
338	32 
339	42 
340	24 
341	41 
342	39 
343	14 
344	6 
345	39 
346	38 
347	20 
348	6 
349	20 
350	38 
351	7 
352	9 
353	56 
354	53 
355	2 
356	54 
357	35 
358	18 
359	46 
360	29 
361	42 
362	1 
363	29 
364	41 
365	58 
366	58 
367	5 
368	14 
369	37 
370	22 
371	48 
372	16 
373	12 
374	47 
375	30 
376	28 
377	14 
378	38 
379	52 
380	55 
381	37 
382	33 
383	10 
384	23 
385	3 
386	52 
387	42 
388	61 
389	29 
390	56 
391	11 
392	23 
393	36 
394	13 
395	23 
396	27 
397	28 
398	21 
399	61 
400	32 
401	26 
402	21 
403	30 
404	37 
405	14 
406	55 
407	27 
408	42 
409	51 
410	19 
411	56 
412	36 
413	19 
414	55 
415	3 
416	37 
417	13 
418	13 
419	56 
420	49 
421	29 
422	26 
423	17 
424	37 
425	57 
426	26 
427	56 
428	58 
429	52 
430	10 
431	23 
432	6 
433	33 
434	11 
435	55 
436	38 
437	15 
438	39 
439	8 
440	12 
441	61 
442	20 
443	30 
444	15 
445	24 
446	11 
447	43 
448	20 
449	38 
450	22 
451	22 
452	3 
453	23 
454	19 
455	26 
456	44 
457	20 
458	36 
459	14 
460	14 
461	49 
462	39 
463	37 
464	51 
465	53 
466	16 
467	11 
468	12 
469	58 
470	43 
471	51 
472	13 
473	31 
474	7 
475	47 
476	21 
477	19 
478	55 
479	14 
480	29 
481	60 
482	54 
483	60 
484	43 
485	37 
486	2 
487	26 
488	42 
489	33 
490	13 
491	42 
492	27 
493	26 
494	31 
495	43 
496	50 
497	23 
498	8 
499	31 
500	14 
501	54 
502	13 
503	29 
504	32 
505	55 
506	40 
507	23 
508	20 
509	23 
510	33 
511	14 
512	33 
513	47 
514	34 
515	48 
516	23 
517	26 
518	36 
519	16 
520	7 
521	16 
522	23 
523	10 
524	55 
525	17 
526	13 
527	60 
528	15 
529	41 
530	8 
531	12 
532	60 
533	2 
534	26 
535	44 
536	3 
537	37 
538	8 
539	60 
540	5 
541	30 
542	35 
543	31 
544	11 
545	37 
546	11 
547	23 
548	29 
549	8 
550	22 
551	38 
552	28 
553	42 
554	18 
555	18 
556	46 
557	25 
558	23 
559	53 
560	28 
561	10 
562	39 
563	44 
564	35 
565	21 
566	26 
567	36 
568	19 
569	37 
570	5 
571	57 
572	4 
573	29 
574	52 
575	39 
576	58 
577	12 
578	6 
579	26 
580	37 
581	31 
582	24 
583	43 
584	16 
585	49 
586	17 
587	3 
588	61 
589	42 
590	40 
591	47 
592	4 
593	57 
594	44 
595	61 
596	30 
597	57 
598	27 
599	28 
600	61 
601	8 
602	9 
603	23 
604	48 
605	13 
606	59 
607	16 
608	16 
609	53 
610	61 
611	51 
612	43 
613	9 
614	56 
615	24 
616	44 
617	18 
618	19 
619	55 
620	47 
621	17 
622	5 
623	47 
624	25 
625	16 
626	53 
627	44 
628	24 
629	38 
630	26 
631	22 
632	56 
633	58 
634	49 
635	48 
636	31 
637	31 
638	6 
639	14 
640	1 
641	23 
642	10 
643	14 
644	11 
645	6 
646	59 
647	27 
648	54 
649	2 
650	58 
651	61 
652	38 
653	60 
654	30 
655	24 
656	34 
657	27 
658	54 
659	40 
660	9 
661	57 
662	52 
663	47 
664	53 
665	32 
666	31 
667	1 
668	16 
669	18 
670	54 
671	43 
672	6 
673	33 
674	16 
675	11 
676	43 
677	19 
678	60 
679	2 
680	15 
681	51 
682	27 
683	3 
684	34 
685	61 
686	10 
687	2 
688	37 
689	13 
690	22 
691	38 
692	55 
693	45 
694	11 
695	52 
696	11 
697	20 
698	59 
699	7 
700	13 
701	6 
702	34 
703	10 
704	8 
705	52 
706	41 
707	12 
708	28 
709	41 
710	18 
711	4 
712	22 
713	39 
714	11 
715	46 
716	19 
717	13 
718	7 
719	39 
720	23 
721	42 
722	32 
723	30 
724	28 
725	47 
726	15 
727	61 
728	23 
729	56 
730	53 
731	16 
732	20 
733	13 
734	56 
735	27 
736	60 
737	43 
738	41 
739	51 
740	60 
741	33 
742	56 
743	31 
744	52 
745	10 
746	34 
747	29 
748	13 
749	35 
750	14 
751	4 
752	38 
753	55 
754	61 
755	57 
756	31 
757	56 
758	19 
759	7 
760	31 
761	31 
762	28 
763	4 
764	11 
765	15 
766	37 
767	7 
768	3 
769	29 
770	53 
771	16 
772	39 
773	58 
774	21 
775	51 
776	32 
777	57 
778	52 
779	14 
780	44 
781	29 
782	43 
783	52 
784	19 
785	29 
786	4 
787	42 
788	11 
789	56 
790	59 
791	36 
792	58 
793	7 
794	43 
795	33 
796	2 
797	59 
798	43 
799	28 
800	48 
801	36 
802	9 
803	30 
804	54 
805	23 
806	47 
807	48 
808	36 
809	40 
810	7 
811	47 
812	2 
813	6 
814	22 
815	44 
816	8 
817	18 
818	19 
819	60 
820	40 
821	29 
822	53 
823	10 
824	5 
825	20 
826	8 
827	37 
828	12 
829	27 
830	39 
831	23 
832	56 
833	55 
834	10 
835	19 
836	47 
837	35 
838	8 
839	34 
840	53 
841	41 
842	14 
843	56 
844	49 
845	52 
846	18 
847	31 
848	52 
849	24 
850	58 
851	59 
852	43 
853	51 
854	16 
855	17 
856	9 
857	60 
858	3 
859	1 
860	19 
861	32 
862	19 
863	16 
864	16 
865	15 
866	41 
867	28 
868	41 
869	38 
870	29 
871	19 
872	7 
873	37 
874	20 
875	12 
876	16 
877	44 
878	38 
879	35 
880	7 
881	28 
882	46 
883	16 
884	39 
885	43 
886	16 
887	43 
888	10 
889	10 
890	10 
891	55 
892	30 
893	39 
894	47 
895	19 
896	44 
897	25 
898	20 
899	28 
900	44 
901	46 
902	46 
903	45 
904	12 
905	58 
906	15 
907	38 
908	37 
909	43 
910	24 
911	55 
912	15 
913	38 
914	19 
915	28 
916	51 
917	26 
918	50 
919	34 
920	29 
921	61 
922	9 
923	23 
924	60 
925	23 
926	14 
927	53 
928	37 
929	61 
930	59 
931	39 
932	41 
933	61 
934	52 
935	51 
936	61 
937	45 
938	32 
939	43 
940	57 
941	29 
942	56 
943	12 
944	8 
945	46 
946	4 
947	15 
948	50 
949	21 
950	47 
951	43 
952	23 
953	31 
954	43 
955	37 
956	39 
957	22 
958	18 
959	46 
960	59 
961	26 
962	57 
963	48 
964	37 
965	14 
966	27 
967	3 
968	7 
969	45 
970	42 
971	41 
972	38 
973	17 
974	57 
975	7 
976	47 
977	43 
978	3 
979	24 
980	25 
981	35 
982	24 
983	15 
984	45 
985	22 
986	60 
987	7 
988	51 
989	29 
990	41 
991	20 
992	29 
993	42 
994	36 
995	34 
996	33 
997	57 
998	33 
999	1 
1000	17 
1001	12 
1002	43 
1003	48 
1004	58 
1005	7 
1006	28 
1007	29 
1008	37 
1009	15 
1010	17 
1011	3 
1012	25 
1013	11 
1014	51 
1015	49 
1016	43 
1017	42 
1018	38 
1019	29 
1020	4 
1021	10 
1022	9 
1023	2 
1024	57 
1025	7 
1026	5 
1027	39 
1028	39 
1029	13 
1030	50 
1031	12 
1032	47 
1033	1 
1034	19 
1035	53 
1036	54 
1037	39 
1038	4 
1039	7 
1040	6 
1041	8 
1042	40 
1043	51 
1044	40 
1045	55 
1046	10 
1047	60 
1048	15 
1049	39 
1050	24 
1051	23 
1052	26 
1053	6 
1054	10 
1055	39 
1056	21 
1057	59 
1058	29 
1059	38 
1060	54 
1061	23 
1062	8 
1063	29 
1064	41 
1065	7 
1066	57 
1067	41 
1068	32 
1069	61 
1070	29 
1071	60 
1072	59 
1073	41 
1074	52 
1075	57 
1076	31 
1077	17 
1078	58 
1079	49 
1080	7 
1081	6 
1082	47 
1083	47 
1084	48 
1085	6 
1086	37 
1087	18 
1088	44 
1089	11 
1090	48 
1091	26 
1092	43 
1093	18 
1094	28 
1095	20 
1096	7 
1097	36 
1098	60 
1099	37 
1100	27 
1101	23 
1102	34 
1103	9 
1104	12 
1105	15 
1106	57 
1107	31 
1108	40 
1109	49 
1110	27 
1111	59 
1112	57 
1113	5 
1114	12 
1115	8 
1116	37 
1117	54 
1118	37 
1119	22 
1120	25 
1121	13 
1122	15 
1123	17 
1124	46 
1125	56 
1126	39 
1127	29 
1128	29 
1129	22 
1130	51 
1131	13 
1132	2 
1133	2 
1134	38 
1135	45 
1136	32 
1137	16 
1138	55 
1139	31 
1140	40 
1141	11 
1142	9 
1143	20 
1144	41 
1145	19 
1146	41 
1147	15 
1148	22 
1149	49 
1150	34 
1151	35 
1152	19 
1153	41 
1154	47 
1155	4 
1156	27 
1157	16 
1158	38 
1159	4 
1160	4 
1161	42 
1162	6 
1163	50 
1164	1 
1165	9 
1166	47 
1167	7 
1168	4 
1169	30 
1170	23 
1171	9 
1172	10 
1173	22 
1174	37 
1175	39 
1176	45 
1177	8 
1178	36 
1179	22 
1180	38 
1181	42 
1182	22 
1183	23 
1184	14 
1185	26 
1186	55 
1187	41 
1188	40 
1189	47 
1190	46 
1191	34 
1192	61 
1193	20 
1194	3 
1195	14 
1196	21 
1197	5 
1198	42 
1199	8 
1200	59 
1201	4 
1202	10 
1203	28 
1204	32 
1205	57 
1206	49 
1207	28 
1208	23 
1209	51 
1210	20 
1211	27 
1212	61 
1213	12 
1214	56 
1215	47 
1216	17 
1217	21 
1218	45 
1219	54 
1220	36 
1221	44 
1222	24 
1223	44 
1224	40 
1225	46 
1226	32 
1227	4 
1228	14 
1229	25 
1230	9 
1231	57 
1232	48 
1233	22 
1234	3 
1235	4 
1236	28 
1237	38 
1238	39 
1239	17 
1240	12 
1241	49 
1242	46 
1243	61 
1244	8 
1245	26 
1246	53 
1247	28 
1248	50 
1249	34 
1250	59 
1251	52 
1252	25 
1253	27 
1254	44 
1255	28 
1256	44 
1257	27 
1258	31 
1259	37 
1260	30 
1261	38 
1262	37 
1263	7 
1264	35 
1265	6 
1266	53 
1267	35 
1268	34 
1269	44 
1270	47 
1271	37 
1272	46 
1273	30 
1274	46 
1275	34 
1276	56 
1277	57 
1278	46 
1279	26 
1280	60 
1281	39 
1282	39 
1283	50 
1284	16 
1285	25 
1286	15 
1287	19 
1288	51 
1289	58 
1290	15 
1291	19 
1292	58 
1293	32 
1294	11 
1295	24 
1296	42 
1297	47 
1298	29 
1299	6 
1300	51 
1301	26 
1302	17 
1303	21 
1304	6 
1305	33 
1306	58 
1307	60 
1308	25 
1309	31 
1310	25 
1311	5 
1312	15 
1313	18 
1314	19 
1315	54 
1316	14 
1317	53 
1318	2 
1319	32 
1320	9 
1321	50 
1322	41 
1323	55 
1324	14 
1325	49 
1326	32 
1327	7 
1328	32 
1329	26 
1330	14 
1331	42 
1332	61 
1333	25 
1334	61 
1335	10 
1336	39 
1337	39 
1338	22 
1339	47 
1340	14 
1341	15 
1342	1 
1343	1 
1344	55 
1345	54 
1346	24 
1347	17 
1348	4 
1349	15 
1350	23 
1351	53 
1352	47 
1353	24 
1354	27 
1355	48 
1356	54 
1357	44 
1358	29 
1359	39 
1360	10 
1361	61 
1362	50 
1363	56 
1364	55 
1365	35 
1366	12 
1367	17 
1368	47 
1369	24 
1370	37 
1371	2 
1372	24 
1373	22 
1374	38 
1375	16 
1376	38 
1377	43 
1378	7 
1379	25 
1380	58 
1381	55 
1382	38 
1383	17 
1384	26 
1385	61 
1386	21 
1387	36 
1388	2 
1389	31 
1390	30 
1391	42 
1392	1 
1393	53 
1394	4 
1395	1 
1396	50 
1397	60 
1398	35 
1399	8 
1400	6 
1401	28 
1402	34 
1403	3 
1404	10 
1405	4 
1406	5 
1407	38 
1408	55 
1409	20 
1410	20 
1411	30 
1412	11 
1413	20 
1414	44 
1415	32 
1416	60 
1417	28 
1418	43 
1419	55 
1420	44 
1421	49 
1422	32 
1423	54 
1424	55 
1425	38 
1426	15 
1427	42 
1428	54 
1429	44 
1430	25 
1431	28 
1432	61 
1433	50 
1434	43 
1435	13 
1436	53 
1437	58 
1438	20 
1439	31 
1440	8 
1441	1 
1442	50 
1443	50 
1444	54 
1445	20 
1446	57 
1447	54 
1448	52 
1449	7 
1450	43 
1451	12 
1452	53 
1453	15 
1454	12 
1455	22 
1456	4 
1457	32 
1458	8 
1459	19 
1460	34 
1461	55 
1462	60 
1463	5 
1464	15 
1465	48 
1466	38 
1467	33 
1468	10 
1469	31 
1470	48 
1471	20 
1472	8 
1473	7 
1474	56 
1475	3 
1476	59 
1477	46 
1478	55 
1479	7 
1480	59 
1481	31 
1482	7 
1483	41 
1484	54 
1485	59 
1486	8 
1487	20 
1488	39 
1489	1 
1490	56 
1491	15 
1492	48 
1493	45 
1494	34 
1495	26 
1496	4 
1497	39 
1498	26 
1499	17 
1500	39 
1501	24 
1502	38 
1503	51 
1504	39 
1505	30 
1506	54 
1507	12 
1508	19 
1509	39 
1510	15 
1511	52 
1512	35 
1513	22 
1514	1 
1515	19 
1516	56 
1517	41 
1518	47 
1519	41 
1520	42 
1521	52 
1522	43 
1523	48 
1524	10 
1525	31 
1526	15 
1527	53 
1528	53 
1529	16 
1530	9 
1531	6 
1532	16 
1533	1 
1534	1 
1535	2 
1536	43 
1537	1 
1538	38 
1539	12 
1540	28 
1541	24 
1542	37 
1543	60 
1544	20 
1545	21 
1546	27 
1547	46 
1548	38 
1549	43 
1550	59 
1551	57 
1552	60 
1553	12 
1554	42 
1555	2 
1556	20 
1557	13 
1558	47 
1559	3 
1560	6 
1561	40 
1562	33 
1563	5 
1564	11 
1565	26 
1566	41 
1567	57 
1568	22 
1569	40 
1570	33 
1571	34 
1572	14 
1573	43 
1574	15 
1575	48 
1576	56 
1577	12 
1578	24 
1579	59 
1580	37 
1581	23 
1582	25 
1583	59 
1584	3 
1585	23 
1586	42 
1587	58 
1588	25 
1589	32 
1590	41 
1591	41 
1592	50 
1593	12 
1594	10 
1595	56 
1596	54 
1597	17 
1598	55 
1599	36 
1600	4 
1601	56 
1602	15 
1603	23 
1604	61 
1605	4 
1606	1 
1607	4 
1608	28 
1609	26 
1610	5 
1611	53 
1612	51 
1613	20 
1614	5 
1615	32 
1616	55 
1617	58 
1618	48 
1619	22 
1620	25 
1621	54 
1622	1 
1623	8 
1624	44 
1625	39 
1626	14 
1627	35 
1628	8 
1629	5 
1630	17 
1631	6 
1632	53 
1633	24 
1634	42 
1635	5 
1636	16 
1637	61 
1638	30 
1639	44 
1640	49 
1641	3 
1642	61 
1643	15 
1644	4 
1645	25 
1646	38 
1647	28 
1648	52 
1649	42 
1650	18 
1651	58 
1652	52 
1653	20 
1654	33 
1655	17 
1656	4 
1657	11 
1658	12 
1659	36 
1660	4 
1661	2 
1662	22 
1663	10 
1664	51 
1665	34 
1666	1 
1667	26 
1668	47 
1669	26 
1670	6 
1671	24 
1672	47 
1673	2 
1674	60 
1675	8 
1676	37 
1677	60 
1678	51 
1679	44 
1680	26 
1681	33 
1682	11 
1683	47 
1684	38 
1685	34 
1686	3 
1687	45 
1688	61 
1689	33 
1690	60 
1691	2 
1692	14 
1693	38 
1694	6 
1695	16 
1696	51 
1697	43 
1698	27 
1699	57 
1700	27 
1701	59 
1702	2 
1703	23 
1704	32 
1705	9 
1706	47 
1707	25 
1708	38 
1709	5 
1710	52 
1711	31 
1712	39 
1713	58 
1714	10 
1715	60 
1716	35 
1717	14 
1718	53 
1719	39 
1720	28 
1721	23 
1722	38 
1723	52 
1724	28 
1725	39 
1726	17 
1727	23 
1728	13 
1729	52 
1730	38 
1731	50 
1732	26 
1733	18 
1734	38 
1735	61 
1736	58 
1737	26 
1738	48 
1739	27 
1740	34 
1741	48 
1742	8 
1743	19 
1744	30 
1745	38 
1746	9 
1747	43 
1748	57 
1749	48 
1750	35 
1751	59 
1752	26 
1753	5 
1754	56 
1755	55 
1756	27 
1757	50 
1758	59 
1759	12 
1760	22 
1761	25 
1762	52 
1763	14 
1764	3 
1765	8 
1766	3 
1767	28 
1768	55 
1769	56 
1770	25 
1771	15 
1772	60 
1773	28 
1774	39 
1775	40 
1776	52 
1777	52 
1778	3 
1779	34 
1780	32 
1781	19 
1782	55 
1783	49 
1784	58 
1785	43 
1786	21 
1787	32 
1788	54 
1789	12 
1790	50 
1791	46 
1792	21 
1793	9 
1794	20 
1795	47 
1796	15 
1797	15 
1798	16 
1799	28 
1800	29 
1801	36 
1802	1 
1803	51 
1804	49 
1805	60 
1806	34 
1807	24 
1808	24 
1809	51 
1810	14 
1811	3 
1812	53 
1813	49 
1814	13 
1815	4 
1816	57 
1817	20 
1818	46 
1819	13 
1820	30 
1821	32 
1822	34 
1823	56 
1824	24 
1825	47 
1826	4 
1827	43 
1828	2 
1829	34 
1830	16 
1831	61 
1832	33 
1833	60 
1834	5 
1835	23 
1836	22 
1837	20 
1838	41 
1839	46 
1840	54 
1841	28 
1842	24 
1843	24 
1844	41 
1845	4 
1846	49 
1847	19 
1848	57 
1849	61 
1850	25 
1851	6 
1852	13 
1853	34 
1854	24 
1855	32 
1856	61 
1857	56 
1858	4 
1859	37 
1860	20 
1861	60 
1862	50 
1863	23 
1864	54 
1865	5 
1866	14 
1867	28 
1868	11 
1869	25 
1870	41 
1871	10 
1872	18 
1873	46 
1874	37 
1875	23 
1876	26 
1877	43 
1878	52 
1879	33 
1880	21 
1881	58 
1882	33 
1883	52 
1884	17 
1885	47 
1886	61 
1887	51 
1888	13 
1889	49 
1890	58 
1891	33 
1892	29 
1893	35 
1894	58 
1895	23 
1896	31 
1897	11 
1898	58 
1899	44 
1900	13 
1901	55 
1902	11 
1903	32 
1904	55 
1905	37 
1906	5 
1907	37 
1908	34 
1909	59 
1910	28 
1911	26 
1912	51 
1913	56 
1914	29 
1915	14 
1916	41 
1917	57 
1918	32 
1919	32 
1920	5 
1921	37 
1922	8 
1923	51 
1924	35 
1925	16 
1926	1 
1927	35 
1928	3 
1929	37 
1930	36 
1931	14 
1932	2 
1933	10 
1934	20 
1935	11 
1936	11 
1937	22 
1938	48 
1939	15 
1940	49 
1941	36 
1942	4 
1943	16 
1944	11 
1945	18 
1946	58 
1947	40 
1948	59 
1949	58 
1950	4 
1951	16 
1952	60 
1953	10 
1954	18 
1955	55 
1956	12 
1957	29 
1958	41 
1959	21 
1960	10 
1961	49 
1962	45 
1963	44 
1964	20 
1965	46 
1966	39 
1967	31 
1968	50 
1969	21 
1970	26 
1971	61 
1972	9 
1973	8 
1974	24 
1975	6 
1976	51 
1977	36 
1978	33 
1979	21 
1980	41 
1981	3 
1982	51 
1983	44 
1984	27 
1985	16 
1986	15 
1987	24 
1988	1 
1989	14 
1990	60 
1991	34 
1992	23 
1993	7 
1994	23 
1995	40 
1996	35 
1997	43 
1998	28 
1999	30 
2000	48 
2001	54 
2002	4 
2003	14 
2004	51 
2005	23 
2006	17 
2007	45 
2008	14 
2009	33 
2010	56 
2011	16 
2012	25 
2013	54 
2014	4 
2015	39 
2016	29 
2017	47 
2018	54 
2019	56 
2020	58 
2021	11 
2022	13 
2023	41 
2024	8 
2025	60 
2026	5 
2027	32 
2028	58 
2029	29 
2030	8 
2031	33 
2032	61 
2033	55 
2034	59 
2035	44 
2036	27 
2037	13 
2038	3 
2039	25 
2040	34 
2041	33 
2042	38 
2043	45 
2044	37 
2045	60 
2046	15 
2047	23 
2048	57 
2049	31 
2050	8 
2051	34 
2052	46 
2053	53 
2054	17 
2055	57 
2056	1 
2057	58 
2058	11 
2059	5 
2060	11 
2061	24 
2062	61 
2063	29 
2064	8 
2065	17 
2066	50 
2067	7 
2068	31 
2069	30 
2070	38 
2071	8 
2072	2 
2073	8 
2074	59 
2075	7 
2076	51 
2077	3 
2078	18 
2079	61 
2080	1 
2081	58 
2082	18 
2083	29 
2084	59 
2085	9 
2086	30 
2087	26 
2088	13 
2089	41 
2090	44 
2091	60 
2092	18 
2093	48 
2094	9 
2095	1 
2096	30 
2097	57 
2098	33 
2099	26 
2100	56 
2101	31 
2102	54 
2103	42 
2104	51 
2105	5 
2106	41 
2107	60 
2108	44 
2109	36 
2110	8 
2111	58 
2112	41 
2113	37 
2114	53 
2115	15 
2116	27 
2117	22 
2118	23 
2119	58 
2120	16 
2121	42 
2122	57 
2123	37 
2124	2 
2125	47 
2126	36 
2127	52 
2128	58 
2129	45 
2130	12 
2131	2 
2132	47 
2133	61 
2134	38 
2135	27 
2136	57 
2137	19 
2138	50 
2139	53 
2140	8 
2141	29 
2142	56 
2143	16 
2144	3 
2145	55 
2146	61 
2147	51 
2148	39 
2149	60 
2150	61 
2151	50 
2152	22 
2153	27 
2154	38 
2155	47 
2156	38 
2157	1 
2158	5 
2159	50 
2160	11 
2161	52 
2162	12 
2163	50 
2164	37 
2165	40 
2166	46 
2167	19 
2168	29 
2169	3 
2170	45 
2171	55 
2172	42 
2173	26 
2174	56 
2175	11 
2176	36 
2177	52 
2178	33 
2179	51 
2180	47 
2181	47 
2182	32 
2183	17 
2184	47 
2185	1 
2186	3 
2187	37 
2188	22 
2189	32 
2190	3 
2191	3 
2192	48 
2193	44 
2194	48 
2195	30 
2196	19 
2197	26 
2198	44 
2199	26 
2200	59 
2201	54 
2202	52 
2203	25 
2204	5 
2205	2 
2206	40 
2207	30 
2208	31 
2209	32 
2210	41 
2211	36 
2212	8 
2213	42 
2214	52 
2215	55 
2216	11 
2217	17 
2218	50 
2219	4 
2220	34 
2221	48 
2222	56 
2223	23 
2224	18 
2225	47 
2226	39 
2227	39 
2228	60 
2229	24 
2230	31 
2231	10 
2232	38 
2233	52 
2234	12 
2235	21 
2236	25 
2237	44 
2238	26 
2239	7 
2240	49 
2241	14 
2242	25 
2243	59 
2244	51 
2245	18 
2246	22 
2247	29 
2248	58 
2249	12 
2250	52 
2251	28 
2252	16 
2253	52 
2254	45 
2255	61 
2256	33 
2257	23 
2258	54 
2259	60 
2260	45 
2261	23 
2262	57 
2263	36 
2264	57 
2265	37 
2266	46 
2267	1 
2268	37 
2269	59 
2270	31 
2271	15 
2272	40 
2273	60 
2274	30 
2275	14 
2276	22 
2277	4 
2278	59 
2279	11 
2280	60 
2281	41 
2282	48 
2283	26 
2284	19 
2285	37 
2286	7 
2287	7 
2288	56 
2289	19 
2290	9 
2291	49 
2292	60 
2293	15 
2294	55 
2295	23 
2296	26 
2297	46 
2298	13 
2299	20 
2300	18 
2301	21 
2302	50 
2303	19 
2304	59 
2305	51 
2306	60 
2307	45 
2308	59 
2309	18 
2310	58 
2311	47 
2312	33 
2313	59 
2314	45 
2315	48 
2316	3 
2317	26 
2318	4 
2319	60 
2320	59 
2321	44 
2322	9 
2323	37 
2324	28 
2325	28 
2326	50 
2327	61 
2328	16 
2329	56 
2330	4 
2331	57 
2332	27 
2333	41 
2334	60 
2335	58 
2336	46 
2337	22 
2338	29 
2339	57 
2340	4 
2341	2 
2342	32 
2343	15 
2344	47 
2345	43 
2346	33 
2347	41 
2348	44 
2349	6 
2350	36 
2351	44 
2352	27 
2353	52 
2354	15 
2355	59 
2356	12 
2357	24 
2358	58 
2359	39 
2360	36 
2361	8 
2362	35 
2363	17 
2364	55 
2365	26 
2366	12 
2367	29 
2368	41 
2369	45 
2370	5 
2371	11 
2372	61 
2373	30 
2374	20 
2375	45 
2376	15 
2377	57 
2378	44 
2379	3 
2380	61 
2381	17 
2382	3 
2383	51 
2384	54 
2385	60 
2386	23 
2387	60 
2388	44 
2389	33 
2390	45 
2391	13 
2392	14 
2393	7 
2394	23 
2395	20 
2396	4 
2397	32 
2398	52 
2399	41 
2400	13 
2401	37 
2402	34 
2403	2 
2404	5 
2405	27 
2406	55 
2407	22 
2408	24 
2409	22 
2410	27 
2411	51 
2412	39 
2413	39 
2414	40 
2415	57 
2416	45 
2417	15 
2418	49 
2419	2 
2420	44 
2421	42 
2422	14 
2423	22 
2424	45 
2425	53 
2426	13 
2427	24 
2428	37 
2429	35 
2430	28 
2431	16 
2432	60 
2433	29 
2434	37 
2435	58 
2436	12 
2437	42 
2438	23 
2439	61 
2440	1 
2441	61 
2442	8 
2443	25 
2444	54 
2445	29 
2446	46 
2447	59 
2448	43 
2449	44 
2450	28 
2451	43 
2452	6 
2453	41 
2454	19 
2455	43 
2456	8 
2457	11 
2458	22 
2459	56 
2460	39 
2461	22 
2462	55 
2463	55 
2464	48 
2465	61 
2466	52 
2467	25 
2468	60 
2469	13 
2470	37 
2471	10 
2472	45 
2473	46 
2474	43 
2475	2 
2476	29 
2477	50 
2478	39 
2479	20 
2480	31 
2481	4 
2482	19 
2483	38 
2484	28 
2485	61 
2486	8 
2487	12 
2488	6 
2489	52 
2490	15 
2491	26 
2492	59 
2493	5 
2494	42 
2495	26 
2496	1 
2497	50 
2498	52 
2499	56 
2500	47 
2501	17 
2502	43 
2503	45 
2504	3 
2505	56 
2506	48 
2507	59 
2508	42 
2509	24 
2510	4 
2511	22 
2512	52 
2513	58 
2514	5 
2515	26 
2516	47 
2517	45 
2518	22 
2519	52 
2520	41 
2521	51 
2522	22 
2523	28 
2524	29 
2525	34 
2526	23 
2527	39 
2528	58 
2529	32 
2530	47 
2531	39 
2532	43 
2533	14 
2534	50 
2535	37 
2536	34 
2537	4 
2538	49 
2539	47 
2540	46 
2541	18 
2542	39 
2543	28 
2544	18 
2545	15 
2546	20 
2547	32 
2548	19 
2549	25 
2550	56 
2551	44 
2552	19 
2553	52 
2554	17 
2555	51 
2556	61 
2557	32 
2558	58 
2559	16 
2560	31 
2561	61 
2562	51 
2563	32 
2564	56 
2565	47 
2566	13 
2567	57 
2568	19 
2569	42 
2570	36 
2571	58 
2572	17 
2573	35 
2574	32 
2575	48 
2576	43 
2577	19 
2578	34 
2579	59 
2580	56 
2581	48 
2582	38 
2583	18 
2584	13 
2585	55 
2586	9 
2587	44 
2588	50 
2589	41 
2590	44 
2591	35 
2592	36 
2593	20 
2594	15 
2595	56 
2596	51 
2597	57 
2598	16 
2599	51 
2600	32 
2601	28 
2602	1 
2603	60 
2604	31 
2605	40 
2606	26 
2607	4 
2608	4 
2609	29 
2610	25 
2611	25 
2612	45 
2613	56 
2614	17 
2615	5 
2616	23 
2617	14 
2618	24 
2619	23 
2620	47 
2621	15 
2622	21 
2623	15 
2624	17 
2625	57 
2626	47 
2627	20 
2628	39 
2629	20 
2630	31 
2631	14 
2632	15 
2633	54 
2634	58 
2635	61 
2636	61 
2637	32 
2638	52 
2639	37 
2640	40 
2641	37 
2642	19 
2643	61 
2644	40 
2645	58 
2646	35 
2647	33 
2648	46 
2649	57 
2650	23 
2651	5 
2652	39 
2653	13 
2654	53 
2655	32 
2656	42 
2657	53 
2658	39 
2659	49 
2660	16 
2661	33 
2662	24 
2663	12 
2664	18 
2665	31 
2666	25 
2667	53 
2668	52 
2669	54 
2670	8 
2671	29 
2672	29 
2673	54 
2674	30 
2675	36 
2676	19 
2677	47 
2678	14 
2679	31 
2680	50 
2681	50 
2682	13 
2683	15 
2684	14 
2685	51 
2686	10 
2687	11 
2688	33 
2689	23 
2690	35 
2691	26 
2692	48 
2693	29 
2694	42 
2695	23 
2696	48 
2697	60 
2698	11 
2699	56 
2700	43 
2701	11 
2702	43 
2703	32 
2704	59 
2705	52 
2706	55 
2707	25 
2708	43 
2709	25 
2710	24 
2711	2 
2712	4 
2713	42 
2714	8 
2715	9 
2716	22 
2717	23 
2718	55 
2719	43 
2720	5 
2721	58 
2722	57 
2723	60 
2724	31 
2725	34 
2726	41 
2727	60 
2728	39 
2729	37 
2730	21 
2731	23 
2732	51 
2733	56 
2734	36 
2735	36 
2736	56 
2737	23 
2738	24 
2739	9 
2740	46 
2741	61 
2742	15 
2743	58 
2744	22 
2745	12 
2746	23 
2747	24 
2748	27 
2749	58 
2750	16 
2751	18 
2752	1 
2753	18 
2754	13 
2755	12 
2756	4 
2757	30 
2758	54 
2759	35 
2760	19 
2761	17 
2762	28 
2763	14 
2764	38 
2765	48 
2766	16 
2767	30 
2768	54 
2769	24 
2770	33 
2771	23 
2772	41 
2773	49 
2774	44 
2775	21 
2776	20 
2777	34 
2778	41 
2779	22 
2780	54 
2781	55 
2782	56 
2783	24 
2784	29 
2785	54 
2786	31 
2787	44 
2788	7 
2789	53 
2790	22 
2791	22 
2792	5 
2793	26 
2794	24 
2795	45 
2796	35 
2797	27 
2798	21 
2799	14 
2800	26 
2801	33 
2802	34 
2803	61 
2804	29 
2805	39 
2806	36 
2807	51 
2808	44 
2809	41 
2810	11 
2811	17 
2812	58 
2813	5 
2814	24 
2815	24 
2816	12 
2817	15 
2818	24 
2819	19 
2820	23 
2821	1 
2822	20 
2823	60 
2824	22 
2825	22 
2826	41 
2827	10 
2828	9 
2829	33 
2830	14 
2831	3 
2832	29 
2833	59 
2834	22 
2835	33 
2836	9 
2837	60 
2838	49 
2839	4 
2840	57 
2841	42 
2842	23 
2843	11 
2844	18 
2845	54 
2846	11 
2847	23 
2848	9 
2849	23 
2850	14 
2851	48 
2852	5 
2853	10 
2854	57 
2855	33 
2856	21 
2857	52 
2858	57 
2859	33 
2860	55 
2861	54 
2862	14 
2863	28 
2864	17 
2865	59 
2866	51 
2867	2 
2868	26 
2869	57 
2870	5 
2871	60 
2872	55 
2873	23 
2874	27 
2875	39 
2876	59 
2877	34 
2878	19 
2879	30 
2880	56 
2881	59 
2882	21 
2883	28 
2884	52 
2885	44 
2886	26 
2887	7 
2888	9 
2889	40 
2890	53 
2891	54 
2892	41 
2893	45 
2894	3 
2895	8 
2896	44 
2897	27 
2898	59 
2899	44 
2900	22 
2901	34 
2902	40 
2903	14 
2904	1 
2905	3 
2906	26 
2907	36 
2908	39 
2909	4 
2910	19 
2911	20 
2912	5 
2913	58 
2914	33 
2915	23 
2916	9 
2917	41 
2918	49 
2919	33 
2920	8 
2921	26 
2922	56 
2923	35 
2924	8 
2925	10 
2926	38 
2927	58 
2928	25 
2929	37 
2930	7 
2931	19 
2932	14 
2933	41 
2934	20 
2935	58 
2936	40 
2937	37 
2938	4 
2939	60 
2940	39 
2941	8 
2942	22 
2943	34 
2944	40 
2945	44 
2946	20 
2947	29 
2948	53 
2949	59 
2950	45 
2951	2 
2952	14 
2953	24 
2954	54 
2955	51 
2956	22 
2957	23 
2958	61 
2959	38 
2960	34 
2961	59 
2962	23 
2963	51 
2964	19 
2965	45 
2966	2 
2967	28 
2968	51 
2969	58 
2970	47 
2971	59 
2972	11 
2973	4 
2974	22 
2975	44 
2976	7 
2977	26 
2978	54 
2979	26 
2980	58 
2981	43 
2982	8 
2983	35 
2984	37 
2985	30 
2986	19 
2987	17 
2988	29 
2989	35 
2990	15 
2991	58 
2992	21 
2993	58 
2994	21 
2995	48 
2996	34 
2997	41 
2998	1 
2999	4 
3000	30 
3001	30 
3002	21 
3003	13 
3004	56 
3005	43 
3006	21 
3007	5 
3008	25 
3009	43 
3010	57 
3011	55 
3012	55 
3013	4 
3014	26 
3015	53 
3016	4 
3017	26 
3018	26 
3019	16 
3020	28 
3021	33 
3022	55 
3023	12 
3024	25 
3025	21 
3026	61 
3027	39 
3028	59 
3029	58 
3030	27 
3031	16 
3032	43 
3033	4 
3034	15 
3035	42 
3036	22 
3037	56 
3038	24 
3039	54 
3040	31 
3041	22 
3042	36 
3043	1 
3044	42 
3045	42 
3046	29 
3047	27 
3048	36 
3049	35 
3050	18 
3051	3 
3052	51 
3053	53 
3054	17 
3055	61 
3056	5 
3057	48 
3058	7 
3059	39 
3060	55 
3061	7 
3062	24 
3063	28 
3064	32 
3065	7 
3066	52 
3067	17 
3068	49 
3069	37 
3070	4 
3071	59 
3072	56 
3073	23 
3074	60 
3075	49 
3076	54 
3077	54 
3078	45 
3079	47 
3080	16 
3081	37 
3082	61 
3083	57 
3084	49 
3085	39 
3086	45 
3087	47 
3088	15 
3089	39 
3090	33 
3091	14 
3092	40 
3093	39 
3094	58 
3095	2 
3096	45 
3097	38 
3098	37 
3099	25 
3100	19 
3101	3 
3102	54 
3103	27 
3104	39 
3105	41 
3106	41 
3107	58 
3108	21 
3109	28 
3110	55 
3111	2 
3112	36 
3113	15 
3114	43 
3115	16 
3116	58 
3117	11 
3118	47 
3119	13 
3120	31 
3121	52 
3122	53 
3123	14 
3124	44 
3125	34 
3126	15 
3127	40 
3128	11 
3129	32 
3130	6 
3131	41 
3132	49 
3133	26 
3134	42 
3135	14 
3136	17 
3137	27 
3138	61 
3139	49 
3140	34 
3141	31 
3142	16 
3143	19 
3144	61 
3145	15 
3146	7 
3147	5 
3148	51 
3149	31 
3150	9 
3151	52 
3152	2 
3153	20 
3154	60 
3155	47 
3156	38 
3157	53 
3158	11 
3159	59 
3160	11 
3161	26 
3162	10 
3163	2 
3164	33 
3165	44 
3166	40 
3167	53 
3168	16 
3169	4 
3170	4 
3171	46 
3172	11 
3173	59 
3174	42 
3175	55 
3176	26 
3177	34 
3178	44 
3179	2 
3180	17 
3181	49 
3182	1 
3183	28 
3184	18 
3185	10 
3186	19 
3187	41 
3188	15 
3189	36 
3190	1 
3191	28 
3192	26 
3193	39 
3194	51 
3195	14 
3196	24 
3197	40 
3198	15 
3199	20 
3200	19 
3201	56 
3202	8 
3203	2 
3204	15 
3205	6 
3206	37 
3207	19 
3208	34 
3209	60 
3210	8 
3211	43 
3212	56 
3213	33 
3214	22 
3215	22 
3216	33 
3217	47 
3218	18 
3219	19 
3220	52 
3221	4 
3222	21 
3223	57 
3224	26 
3225	58 
3226	23 
3227	1 
3228	14 
3229	7 
3230	50 
3231	55 
3232	54 
3233	43 
3234	2 
3235	39 
3236	33 
3237	40 
3238	54 
3239	43 
3240	7 
3241	49 
3242	38 
3243	47 
3244	55 
3245	30 
3246	14 
3247	12 
3248	18 
3249	4 
3250	42 
3251	4 
3252	8 
3253	28 
3254	32 
3255	56 
3256	18 
3257	8 
3258	60 
3259	15 
3260	13 
3261	47 
3262	58 
3263	30 
3264	23 
3265	58 
3266	23 
3267	56 
3268	24 
3269	58 
3270	39 
3271	36 
3272	9 
3273	46 
3274	25 
3275	33 
3276	61 
3277	37 
3278	31 
3279	10 
3280	42 
3281	20 
3282	7 
3283	30 
3284	46 
3285	24 
3286	28 
3287	12 
3288	38 
3289	26 
3290	56 
3291	16 
3292	58 
3293	2 
3294	4 
3295	13 
3296	3 
3297	10 
3298	9 
3299	29 
3300	61 
3301	30 
3302	16 
3303	38 
3304	42 
3305	27 
3306	22 
3307	46 
3308	39 
3309	39 
3310	52 
3311	24 
3312	3 
3313	32 
3314	56 
3315	18 
3316	43 
3317	2 
3318	30 
3319	38 
3320	55 
3321	42 
3322	60 
3323	16 
3324	46 
3325	40 
3326	3 
3327	34 
3328	54 
3329	22 
3330	10 
3331	13 
3332	24 
3333	43 
3334	1 
3335	42 
3336	53 
3337	38 
3338	17 
3339	14 
3340	29 
3341	9 
3342	37 
3343	15 
3344	9 
3345	30 
3346	57 
3347	22 
3348	23 
3349	24 
3350	43 
3351	50 
3352	28 
3353	21 
3354	47 
3355	16 
3356	17 
3357	32 
3358	32 
3359	43 
3360	26 
3361	27 
3362	44 
3363	38 
3364	29 
3365	17 
3366	54 
3367	16 
3368	6 
3369	60 
3370	57 
3371	51 
3372	24 
3373	23 
3374	26 
3375	55 
3376	21 
3377	57 
3378	54 
3379	7 
3380	57 
3381	11 
3382	57 
3383	43 
3384	61 
3385	43 
3386	46 
3387	7 
3388	34 
3389	58 
3390	4 
3391	30 
3392	3 
3393	46 
3394	28 
3395	51 
3396	47 
3397	37 
3398	44 
3399	31 
3400	56 
3401	51 
3402	58 
3403	49 
3404	55 
3405	42 
3406	39 
3407	31 
3408	56 
3409	36 
3410	31 
3411	40 
3412	2 
3413	57 
3414	57 
3415	54 
3416	25 
3417	60 
3418	35 
3419	13 
3420	36 
3421	51 
3422	57 
3423	57 
3424	1 
3425	19 
3426	26 
3427	46 
3428	61 
3429	26 
3430	12 
3431	44 
3432	39 
3433	11 
3434	3 
3435	13 
3436	23 
3437	13 
3438	21 
3439	6 
3440	8 
3441	36 
3442	61 
3443	48 
3444	40 
3445	60 
3446	31 
3447	37 
3448	49 
3449	17 
3450	3 
3451	17 
3452	3 
3453	3 
3454	2 
3455	59 
3456	44 
3457	60 
3458	26 
3459	51 
3460	9 
3461	11 
3462	23 
3463	58 
3464	32 
3465	57 
3466	6 
3467	58 
3468	22 
3469	44 
3470	29 
3471	57 
3472	46 
3473	39 
3474	33 
3475	16 
3476	35 
3477	32 
3478	43 
3479	22 
3480	36 
3481	27 
3482	38 
3483	48 
3484	11 
3485	22 
3486	55 
3487	11 
3488	30 
3489	8 
3490	10 
3491	37 
3492	14 
3493	43 
3494	56 
3495	21 
3496	24 
3497	57 
3498	31 
3499	34 
3500	43 
3501	56 
3502	30 
3503	33 
3504	40 
3505	18 
3506	55 
3507	46 
3508	31 
3509	41 
3510	48 
3511	37 
3512	12 
3513	51 
3514	38 
3515	28 
3516	5 
3517	57 
3518	42 
3519	34 
3520	16 
3521	12 
3522	18 
3523	18 
3524	2 
3525	6 
3526	30 
3527	8 
3528	5 
3529	11 
3530	52 
3531	6 
3532	38 
3533	32 
3534	15 
3535	21 
3536	2 
3537	1 
3538	22 
3539	3 
3540	48 
3541	49 
3542	5 
3543	22 
3544	55 
3545	4 
3546	23 
3547	32 
3548	58 
3549	30 
3550	46 
3551	46 
3552	22 
3553	16 
3554	26 
3555	12 
3556	2 
3557	10 
3558	50 
3559	29 
3560	17 
3561	4 
3562	14 
3563	11 
3564	46 
3565	28 
3566	14 
3567	43 
3568	27 
3569	25 
3570	18 
3571	30 
3572	57 
3573	32 
3574	17 
3575	17 
3576	11 
3577	41 
3578	8 
3579	18 
3580	44 
3581	31 
3582	37 
3583	40 
3584	9 
3585	14 
3586	16 
3587	36 
3588	1 
3589	17 
3590	54 
3591	25 
3592	41 
3593	61 
3594	56 
3595	21 
3596	56 
3597	17 
3598	6 
3599	59 
3600	8 
3601	48 
3602	23 
3603	18 
3604	16 
3605	18 
3606	22 
3607	59 
3608	34 
3609	11 
3610	48 
3611	26 
3612	25 
3613	28 
3614	11 
3615	29 
3616	33 
3617	41 
3618	10 
3619	11 
3620	3 
3621	43 
3622	45 
3623	32 
3624	27 
3625	29 
3626	14 
3627	7 
3628	5 
3629	58 
3630	14 
3631	20 
3632	11 
3633	22 
3634	1 
3635	35 
3636	16 
3637	14 
3638	54 
3639	7 
3640	31 
3641	9 
3642	6 
3643	53 
3644	59 
3645	30 
3646	8 
3647	57 
3648	51 
3649	28 
3650	48 
3651	14 
3652	23 
3653	43 
3654	7 
3655	32 
3656	8 
3657	7 
3658	28 
3659	41 
3660	55 
3661	55 
3662	17 
3663	3 
3664	32 
3665	4 
3666	34 
3667	15 
3668	36 
3669	1 
3670	20 
3671	16 
3672	51 
3673	3 
3674	46 
3675	32 
3676	30 
3677	22 
3678	42 
3679	28 
3680	12 
3681	7 
3682	59 
3683	57 
3684	45 
3685	37 
3686	28 
3687	5 
3688	9 
3689	54 
3690	34 
3691	26 
3692	37 
3693	25 
3694	43 
3695	55 
3696	33 
3697	10 
3698	51 
3699	16 
3700	59 
3701	55 
3702	10 
3703	49 
3704	14 
3705	28 
3706	58 
3707	20 
3708	18 
3709	4 
3710	16 
3711	9 
3712	38 
3713	56 
3714	36 
3715	51 
3716	42 
3717	29 
3718	35 
3719	22 
3720	10 
3721	36 
3722	43 
3723	27 
3724	32 
3725	10 
3726	26 
3727	53 
3728	18 
3729	60 
3730	29 
3731	38 
3732	19 
3733	11 
3734	4 
3735	16 
3736	53 
3737	60 
3738	33 
3739	37 
3740	56 
3741	8 
3742	41 
3743	13 
3744	54 
3745	19 
3746	56 
3747	25 
3748	47 
3749	39 
3750	41 
3751	58 
3752	57 
3753	16 
3754	41 
3755	32 
3756	58 
3757	46 
3758	38 
3759	38 
3760	45 
3761	33 
3762	14 
3763	47 
3764	24 
3765	17 
3766	5 
3767	2 
3768	37 
3769	61 
3770	41 
3771	48 
3772	32 
3773	42 
3774	32 
3775	4 
3776	5 
3777	15 
3778	6 
3779	60 
3780	33 
3781	43 
3782	23 
3783	37 
3784	7 
3785	7 
3786	37 
3787	6 
3788	2 
3789	8 
3790	35 
3791	61 
3792	41 
3793	46 
3794	17 
3795	55 
3796	33 
3797	48 
3798	54 
3799	28 
3800	22 
3801	4 
3802	26 
3803	35 
3804	46 
3805	9 
3806	8 
3807	55 
3808	25 
3809	7 
3810	4 
3811	17 
3812	45 
3813	28 
3814	38 
3815	21 
3816	21 
3817	53 
3818	14 
3819	9 
3820	9 
3821	50 
3822	14 
3823	40 
3824	51 
3825	24 
3826	55 
3827	12 
3828	55 
3829	59 
3830	2 
3831	55 
3832	58 
3833	2 
3834	44 
3835	9 
3836	16 
3837	3 
3838	9 
3839	9 
3840	3 
3841	8 
3842	15 
3843	32 
3844	60 
3845	53 
3846	61 
3847	13 
3848	9 
3849	35 
3850	20 
3851	22 
3852	47 
3853	3 
3854	35 
3855	13 
3856	35 
3857	34 
3858	45 
3859	60 
3860	44 
3861	18 
3862	47 
3863	49 
3864	8 
3865	32 
3866	20 
3867	52 
3868	26 
3869	42 
3870	13 
3871	22 
3872	52 
3873	46 
3874	47 
3875	21 
3876	44 
3877	19 
3878	6 
3879	58 
3880	30 
3881	24 
3882	38 
3883	50 
3884	46 
3885	51 
3886	51 
3887	2 
3888	34 
3889	1 
3890	2 
3891	59 
3892	51 
3893	61 
3894	54 
3895	33 
3896	47 
3897	54 
3898	53 
3899	16 
3900	55 
3901	30 
3902	59 
3903	52 
3904	49 
3905	3 
3906	58 
3907	16 
3908	28 
3909	59 
3910	28 
3911	24 
3912	14 
3913	43 
3914	46 
3915	60 
3916	52 
3917	17 
3918	7 
3919	20 
3920	6 
3921	13 
3922	37 
3923	10 
3924	27 
3925	17 
3926	29 
3927	2 
3928	4 
3929	35 
3930	26 
3931	24 
3932	22 
3933	33 
3934	47 
3935	44 
3936	55 
3937	41 
3938	6 
3939	9 
3940	12 
3941	32 
3942	4 
3943	15 
3944	41 
3945	27 
3946	21 
3947	8 
3948	60 
3949	34 
3950	3 
3951	9 
3952	59 
3953	24 
3954	17 
3955	39 
3956	41 
3957	26 
3958	15 
3959	24 
3960	47 
3961	26 
3962	30 
3963	6 
3964	46 
3965	39 
3966	6 
3967	9 
3968	57 
3969	28 
3970	48 
3971	2 
3972	3 
3973	7 
3974	5 
3975	18 
3976	7 
3977	26 
3978	23 
3979	19 
3980	32 
3981	18 
3982	40 
3983	28 
3984	18 
3985	58 
3986	26 
3987	2 
3988	38 
3989	37 
3990	26 
3991	43 
3992	45 
3993	22 
3994	3 
3995	1 
3996	47 
3997	5 
3998	3 
3999	11 
4000	49 
4001	6 
4002	58 
4003	29 
4004	16 
4005	14 
4006	60 
4007	10 
4008	51 
4009	11 
4010	50 
4011	9 
4012	10 
4013	39 
4014	45 
4015	43 
4016	47 
4017	52 
4018	24 
4019	52 
4020	1 
4021	35 
4022	56 
4023	1 
4024	31 
4025	11 
4026	41 
4027	45 
4028	6 
4029	37 
4030	4 
4031	13 
4032	6 
4033	9 
4034	55 
4035	15 
4036	29 
4037	44 
4038	5 
4039	22 
4040	61 
4041	32 
4042	9 
4043	31 
4044	44 
4045	2 
4046	43 
4047	4 
4048	15 
4049	42 
4050	9 
4051	52 
4052	27 
4053	60 
4054	20 
4055	31 
4056	51 
4057	26 
4058	35 
4059	9 
4060	24 
4061	45 
4062	8 
4063	60 
4064	41 
4065	45 
4066	17 
4067	24 
4068	14 
4069	37 
4070	3 
4071	56 
4072	6 
4073	8 
4074	39 
4075	43 
4076	15 
4077	12 
4078	34 
4079	49 
4080	48 
4081	3 
4082	36 
4083	56 
4084	38 
4085	18 
4086	19 
4087	19 
4088	60 
4089	8 
4090	14 
4091	32 
4092	33 
4093	41 
4094	39 
4095	54 
4096	58 
4097	46 
4098	13 
4099	37 
4100	50 
4101	24 
4102	47 
4103	2 
4104	8 
4105	3 
4106	41 
4107	59 
4108	54 
4109	20 
4110	22 
4111	25 
4112	52 
4113	27 
4114	54 
4115	16 
4116	25 
4117	42 
4118	28 
4119	8 
4120	43 
4121	41 
4122	56 
4123	3 
4124	53 
4125	10 
4126	7 
4127	38 
4128	53 
4129	30 
4130	43 
4131	26 
4132	54 
4133	2 
4134	50 
4135	12 
4136	59 
4137	2 
4138	16 
4139	59 
4140	51 
4141	22 
4142	25 
4143	41 
4144	15 
4145	47 
4146	34 
4147	27 
4148	13 
4149	61 
4150	51 
4151	33 
4152	8 
4153	45 
4154	31 
4155	44 
4156	16 
4157	20 
4158	3 
4159	9 
4160	41 
4161	1 
4162	33 
4163	36 
4164	26 
4165	33 
4166	20 
4167	44 
4168	40 
4169	39 
4170	59 
4171	6 
4172	26 
4173	19 
4174	11 
4175	56 
4176	21 
4177	58 
4178	58 
4179	26 
4180	41 
4181	57 
4182	24 
4183	30 
4184	34 
4185	60 
4186	2 
4187	44 
4188	22 
4189	5 
4190	36 
4191	38 
4192	56 
4193	5 
4194	5 
4195	61 
4196	5 
4197	22 
4198	56 
4199	1 
4200	60 
4201	18 
4202	48 
4203	56 
4204	17 
4205	32 
4206	27 
4207	17 
4208	15 
4209	6 
4210	15 
4211	21 
4212	39 
4213	31 
4214	18 
4215	19 
4216	26 
4217	56 
4218	56 
4219	37 
4220	8 
4221	51 
4222	2 
4223	56 
4224	3 
4225	16 
4226	41 
4227	8 
4228	56 
4229	42 
4230	10 
4231	28 
4232	23 
4233	21 
4234	16 
4235	59 
4236	17 
4237	51 
4238	24 
4239	36 
4240	16 
4241	2 
4242	30 
4243	51 
4244	35 
4245	38 
4246	60 
4247	53 
4248	24 
4249	8 
4250	51 
4251	15 
4252	35 
4253	3 
4254	23 
4255	26 
4256	28 
4257	32 
4258	21 
4259	48 
4260	14 
4261	50 
4262	51 
4263	4 
4264	42 
4265	15 
4266	38 
4267	35 
4268	24 
4269	42 
4270	29 
4271	58 
4272	43 
4273	33 
4274	55 
4275	22 
4276	41 
4277	60 
4278	52 
4279	46 
4280	8 
4281	31 
4282	36 
4283	41 
4284	14 
4285	15 
4286	46 
4287	40 
4288	12 
4289	11 
4290	42 
4291	3 
4292	37 
4293	60 
4294	43 
4295	19 
4296	28 
4297	17 
4298	41 
4299	15 
4300	50 
4301	31 
4302	26 
4303	45 
4304	26 
4305	60 
4306	49 
4307	36 
4308	24 
4309	57 
4310	42 
4311	32 
4312	5 
4313	30 
4314	27 
4315	44 
4316	46 
4317	43 
4318	50 
4319	40 
4320	18 
4321	50 
4322	30 
4323	55 
4324	30 
4325	52 
4326	45 
4327	57 
4328	14 
4329	3 
4330	10 
4331	16 
4332	24 
4333	31 
4334	42 
4335	17 
4336	8 
4337	38 
4338	23 
4339	53 
4340	14 
4341	15 
4342	28 
4343	42 
4344	36 
4345	8 
4346	35 
4347	59 
4348	60 
4349	10 
4350	2 
4351	56 
4352	20 
4353	56 
4354	50 
4355	56 
4356	32 
4357	40 
4358	33 
4359	22 
4360	38 
4361	44 
4362	10 
4363	52 
4364	8 
4365	43 
4366	51 
4367	20 
4368	4 
4369	27 
4370	37 
4371	2 
4372	8 
4373	14 
4374	38 
4375	53 
4376	38 
4377	48 
4378	9 
4379	24 
4380	13 
4381	58 
4382	58 
4383	9 
4384	33 
4385	24 
4386	21 
4387	21 
4388	41 
4389	36 
4390	15 
4391	61 
4392	44 
4393	23 
4394	32 
4395	16 
4396	26 
4397	52 
4398	54 
4399	42 
4400	43 
4401	43 
4402	17 
4403	4 
4404	17 
4405	32 
4406	52 
4407	61 
4408	35 
4409	39 
4410	14 
4411	57 
4412	23 
4413	2 
4414	37 
4415	53 
4416	11 
4417	60 
4418	59 
4419	8 
4420	42 
4421	36 
4422	31 
4423	35 
4424	36 
4425	40 
4426	9 
4427	37 
4428	16 
4429	14 
4430	40 
4431	40 
4432	32 
4433	21 
4434	52 
4435	34 
4436	22 
4437	23 
4438	29 
4439	22 
4440	8 
4441	31 
4442	16 
4443	46 
4444	61 
4445	56 
4446	48 
4447	53 
4448	54 
4449	55 
4450	28 
4451	23 
4452	40 
4453	27 
4454	21 
4455	22 
4456	60 
4457	44 
4458	59 
4459	39 
4460	25 
4461	10 
4462	55 
4463	53 
4464	55 
4465	59 
4466	12 
4467	21 
4468	58 
4469	50 
4470	41 
4471	48 
4472	34 
4473	51 
4474	32 
4475	32 
4476	60 
4477	29 
4478	49 
4479	38 
4480	2 
4481	32 
4482	59 
4483	40 
4484	54 
4485	34 
4486	15 
4487	49 
4488	4 
4489	5 
4490	3 
4491	51 
4492	28 
4493	21 
4494	32 
4495	32 
4496	26 
4497	56 
4498	33 
4499	4 
4500	25 
4501	53 
4502	37 
4503	30 
4504	35 
4505	52 
4506	48 
4507	53 
4508	55 
4509	60 
4510	53 
4511	43 
4512	60 
4513	4 
4514	3 
4515	4 
4516	48 
4517	27 
4518	10 
4519	17 
4520	36 
4521	57 
4522	38 
4523	12 
4524	50 
4525	16 
4526	31 
4527	28 
4528	8 
4529	19 
4530	37 
4531	44 
4532	14 
4533	40 
4534	11 
4535	30 
4536	54 
4537	20 
4538	30 
4539	33 
4540	39 
4541	46 
4542	34 
4543	50 
4544	61 
4545	33 
4546	34 
4547	13 
4548	33 
4549	46 
4550	17 
4551	7 
4552	51 
4553	41 
4554	59 
4555	26 
4556	54 
4557	22 
4558	4 
4559	60 
4560	48 
4561	40 
4562	15 
4563	6 
4564	37 
4565	6 
4566	59 
4567	49 
4568	4 
4569	51 
4570	30 
4571	34 
4572	11 
4573	39 
4574	38 
4575	33 
4576	38 
4577	15 
4578	13 
4579	31 
4580	42 
4581	42 
4582	38 
4583	15 
4584	1 
4585	50 
4586	48 
4587	56 
4588	12 
4589	1 
4590	12 
4591	29 
4592	1 
4593	55 
4594	20 
4595	54 
4596	55 
4597	60 
4598	15 
4599	29 
4600	43 
4601	28 
4602	4 
4603	9 
4604	4 
4605	28 
4606	23 
4607	2 
4608	15 
4609	19 
4610	1 
4611	61 
4612	34 
4613	10 
4614	56 
4615	24 
4616	1 
4617	8 
4618	13 
4619	56 
4620	52 
4621	28 
4622	3 
4623	45 
4624	44 
4625	59 
4626	19 
4627	2 
4628	50 
4629	22 
4630	6 
4631	20 
4632	19 
4633	24 
4634	49 
4635	24 
4636	34 
4637	58 
4638	2 
4639	38 
4640	57 
4641	6 
4642	45 
4643	40 
4644	54 
4645	33 
4646	15 
4647	1 
4648	2 
4649	52 
4650	15 
4651	35 
4652	25 
4653	5 
4654	35 
4655	11 
4656	48 
4657	35 
4658	31 
4659	8 
4660	6 
4661	21 
4662	54 
4663	10 
4664	54 
4665	20 
4666	58 
4667	22 
4668	37 
4669	1 
4670	48 
4671	17 
4672	48 
4673	29 
4674	11 
4675	39 
4676	2 
4677	13 
4678	33 
4679	16 
4680	31 
4681	21 
4682	43 
4683	19 
4684	3 
4685	49 
4686	23 
4687	2 
4688	17 
4689	35 
4690	11 
4691	25 
4692	18 
4693	30 
4694	8 
4695	51 
4696	43 
4697	40 
4698	1 
4699	6 
4700	14 
4701	18 
4702	42 
4703	17 
4704	45 
4705	26 
4706	35 
4707	36 
4708	40 
4709	55 
4710	51 
4711	39 
4712	40 
4713	37 
4714	28 
4715	15 
4716	56 
4717	32 
4718	46 
4719	15 
4720	61 
4721	4 
4722	38 
4723	32 
4724	38 
4725	14 
4726	37 
4727	42 
4728	14 
4729	47 
4730	59 
4731	21 
4732	52 
4733	21 
4734	54 
4735	22 
4736	25 
4737	17 
4738	25 
4739	47 
4740	51 
4741	57 
4742	40 
4743	17 
4744	35 
4745	12 
4746	47 
4747	16 
4748	55 
4749	48 
4750	2 
4751	21 
4752	23 
4753	41 
4754	11 
4755	32 
4756	48 
4757	18 
4758	49 
4759	38 
4760	8 
4761	13 
4762	54 
4763	32 
4764	11 
4765	3 
4766	8 
4767	41 
4768	4 
4769	7 
4770	47 
4771	39 
4772	44 
4773	34 
4774	31 
4775	57 
4776	52 
4777	59 
4778	15 
4779	48 
4780	7 
4781	28 
4782	34 
4783	18 
4784	50 
4785	47 
4786	12 
4787	26 
4788	1 
4789	48 
4790	38 
4791	15 
4792	8 
4793	48 
4794	27 
4795	55 
4796	51 
4797	38 
4798	11 
4799	34 
4800	26 
4801	35 
4802	15 
4803	10 
4804	21 
4805	1 
4806	29 
4807	35 
4808	21 
4809	39 
4810	46 
4811	4 
4812	37 
4813	10 
4814	3 
4815	13 
4816	35 
4817	59 
4818	8 
4819	25 
4820	49 
4821	53 
4822	53 
4823	38 
4824	43 
4825	39 
4826	8 
4827	19 
4828	45 
4829	30 
4830	24 
4831	21 
4832	28 
4833	3 
4834	34 
4835	5 
4836	51 
4837	44 
4838	37 
4839	17 
4840	31 
4841	9 
4842	19 
4843	57 
4844	19 
4845	38 
4846	45 
4847	1 
4848	57 
4849	45 
4850	2 
4851	60 
4852	37 
4853	43 
4854	20 
4855	21 
4856	17 
4857	29 
4858	52 
4859	13 
4860	55 
4861	3 
4862	20 
4863	59 
4864	13 
4865	4 
4866	31 
4867	23 
4868	4 
4869	53 
4870	36 
4871	57 
4872	37 
4873	34 
4874	46 
4875	8 
4876	50 
4877	57 
4878	50 
4879	47 
4880	6 
4881	4 
4882	5 
4883	23 
4884	29 
4885	29 
4886	58 
4887	56 
4888	46 
4889	13 
4890	54 
4891	15 
4892	47 
4893	7 
4894	43 
4895	17 
4896	22 
4897	17 
4898	52 
4899	44 
4900	32 
4901	21 
4902	42 
4903	13 
4904	12 
4905	16 
4906	34 
4907	55 
4908	32 
4909	28 
4910	20 
4911	21 
4912	57 
4913	34 
4914	43 
4915	41 
4916	36 
4917	8 
4918	49 
4919	2 
4920	56 
4921	1 
4922	31 
4923	23 
4924	57 
4925	5 
4926	2 
4927	57 
4928	59 
4929	29 
4930	11 
4931	38 
4932	9 
4933	44 
4934	2 
4935	39 
4936	6 
4937	51 
4938	39 
4939	28 
4940	47 
4941	49 
4942	37 
4943	38 
4944	53 
4945	23 
4946	25 
4947	42 
4948	20 
4949	1 
4950	46 
4951	5 
4952	10 
4953	7 
4954	58 
4955	21 
4956	61 
4957	56 
4958	59 
4959	21 
4960	38 
4961	14 
4962	54 
4963	4 
4964	7 
4965	9 
4966	8 
4967	39 
4968	60 
4969	41 
4970	51 
4971	8 
4972	3 
4973	24 
4974	16 
4975	31 
4976	15 
4977	18 
4978	2 
4979	55 
4980	41 
4981	39 
4982	51 
4983	51 
4984	17 
4985	25 
4986	40 
4987	33 
4988	56 
4989	40 
4990	51 
4991	2 
4992	6 
4993	10 
4994	37 
4995	53 
4996	23 
4997	55 
4998	30 
4999	23 
5000	34 
