1	45 
2	30 
3	31 
4	40 
5	51 
6	54 
7	6 
8	19 
9	59 
10	29 
11	20 
12	3 
13	31 
14	60 
15	37 
16	40 
17	7 
18	20 
19	8 
20	30 
21	64 
22	29 
23	26 
24	57 
25	61 
26	37 
27	44 
28	5 
29	32 
30	13 
31	30 
32	35 
33	25 
34	52 
35	40 
36	52 
37	8 
38	40 
39	38 
40	66 
41	4 
42	4 
43	41 
44	10 
45	58 
46	26 
47	60 
48	8 
49	34 
50	34 
51	5 
52	39 
53	5 
54	37 
55	24 
56	36 
57	33 
58	37 
59	61 
60	61 
61	10 
62	66 
63	13 
64	30 
65	59 
66	41 
67	50 
68	64 
69	29 
70	4 
71	20 
72	19 
73	20 
74	58 
75	29 
76	9 
77	32 
78	6 
79	56 
80	8 
81	30 
82	42 
83	51 
84	56 
85	6 
86	5 
87	5 
88	5 
89	7 
90	12 
91	15 
92	40 
93	26 
94	38 
95	40 
96	1 
97	26 
98	34 
99	49 
100	34 
101	46 
102	64 
103	22 
104	47 
105	37 
106	6 
107	8 
108	13 
109	6 
110	65 
111	15 
112	13 
113	22 
114	18 
115	12 
116	44 
117	32 
118	26 
119	37 
120	7 
121	60 
122	20 
123	27 
124	47 
125	59 
126	26 
127	8 
128	37 
129	65 
130	65 
131	40 
132	61 
133	49 
134	35 
135	5 
136	57 
137	9 
138	66 
139	65 
140	60 
141	21 
142	26 
143	39 
144	46 
145	35 
146	58 
147	57 
148	29 
149	55 
150	25 
151	45 
152	53 
153	6 
154	9 
155	22 
156	62 
157	56 
158	65 
159	39 
160	35 
161	21 
162	49 
163	40 
164	7 
165	51 
166	65 
167	19 
168	65 
169	40 
170	1 
171	44 
172	12 
173	58 
174	26 
175	6 
176	43 
177	10 
178	63 
179	21 
180	66 
181	34 
182	41 
183	5 
184	23 
185	54 
186	35 
187	30 
188	52 
189	7 
190	10 
191	63 
192	4 
193	58 
194	65 
195	30 
196	22 
197	62 
198	36 
199	53 
200	50 
201	34 
202	58 
203	57 
204	61 
205	56 
206	52 
207	42 
208	59 
209	5 
210	45 
211	35 
212	32 
213	43 
214	58 
215	7 
216	58 
217	22 
218	45 
219	22 
220	17 
221	44 
222	52 
223	32 
224	54 
225	55 
226	38 
227	8 
228	66 
229	2 
230	30 
231	36 
232	6 
233	29 
234	34 
235	41 
236	37 
237	54 
238	28 
239	51 
240	47 
241	41 
242	34 
243	55 
244	58 
245	13 
246	37 
247	48 
248	9 
249	14 
250	58 
251	28 
252	12 
253	45 
254	33 
255	38 
256	29 
257	61 
258	43 
259	49 
260	11 
261	22 
262	54 
263	51 
264	27 
265	49 
266	14 
267	58 
268	63 
269	43 
270	41 
271	42 
272	30 
273	53 
274	34 
275	59 
276	47 
277	62 
278	2 
279	47 
280	49 
281	43 
282	54 
283	39 
284	28 
285	3 
286	19 
287	41 
288	8 
289	56 
290	44 
291	6 
292	14 
293	53 
294	54 
295	39 
296	58 
297	23 
298	3 
299	35 
300	37 
301	2 
302	49 
303	23 
304	26 
305	39 
306	46 
307	30 
308	38 
309	64 
310	57 
311	12 
312	9 
313	58 
314	66 
315	34 
316	42 
317	15 
318	39 
319	64 
320	50 
321	21 
322	24 
323	33 
324	4 
325	54 
326	42 
327	34 
328	17 
329	55 
330	52 
331	16 
332	27 
333	23 
334	61 
335	48 
336	19 
337	39 
338	56 
339	52 
340	64 
341	20 
342	48 
343	40 
344	29 
345	56 
346	2 
347	55 
348	15 
349	26 
350	28 
351	8 
352	4 
353	26 
354	10 
355	66 
356	46 
357	21 
358	23 
359	58 
360	55 
361	11 
362	50 
363	65 
364	13 
365	19 
366	14 
367	62 
368	36 
369	8 
370	45 
371	64 
372	62 
373	56 
374	64 
375	57 
376	26 
377	50 
378	64 
379	33 
380	22 
381	43 
382	38 
383	17 
384	56 
385	54 
386	12 
387	46 
388	12 
389	1 
390	2 
391	47 
392	65 
393	9 
394	55 
395	61 
396	26 
397	26 
398	54 
399	23 
400	56 
401	55 
402	35 
403	42 
404	13 
405	27 
406	49 
407	39 
408	44 
409	4 
410	32 
411	20 
412	5 
413	12 
414	23 
415	65 
416	58 
417	52 
418	50 
419	17 
420	8 
421	28 
422	4 
423	14 
424	44 
425	35 
426	14 
427	22 
428	57 
429	16 
430	48 
431	63 
432	12 
433	53 
434	51 
435	43 
436	25 
437	39 
438	66 
439	48 
440	49 
441	30 
442	39 
443	16 
444	35 
445	10 
446	14 
447	13 
448	51 
449	1 
450	47 
451	11 
452	59 
453	33 
454	49 
455	63 
456	66 
457	41 
458	2 
459	49 
460	46 
461	65 
462	46 
463	28 
464	12 
465	4 
466	5 
467	49 
468	48 
469	45 
470	28 
471	18 
472	9 
473	33 
474	38 
475	57 
476	25 
477	31 
478	59 
479	2 
480	53 
481	17 
482	43 
483	60 
484	13 
485	43 
486	57 
487	60 
488	59 
489	49 
490	5 
491	34 
492	29 
493	18 
494	19 
495	44 
496	59 
497	42 
498	30 
499	22 
500	11 
501	57 
502	22 
503	45 
504	49 
505	55 
506	1 
507	54 
508	58 
509	51 
510	18 
511	33 
512	19 
513	53 
514	5 
515	57 
516	38 
517	7 
518	26 
519	20 
520	50 
521	55 
522	16 
523	55 
524	4 
525	9 
526	16 
527	62 
528	2 
529	14 
530	11 
531	49 
532	43 
533	52 
534	38 
535	16 
536	53 
537	6 
538	27 
539	31 
540	24 
541	30 
542	52 
543	66 
544	27 
545	9 
546	36 
547	63 
548	23 
549	39 
550	37 
551	55 
552	49 
553	15 
554	39 
555	53 
556	42 
557	24 
558	45 
559	40 
560	43 
561	56 
562	16 
563	65 
564	25 
565	8 
566	59 
567	49 
568	32 
569	41 
570	18 
571	34 
572	44 
573	2 
574	16 
575	2 
576	64 
577	62 
578	66 
579	2 
580	19 
581	66 
582	62 
583	8 
584	26 
585	6 
586	15 
587	11 
588	45 
589	57 
590	40 
591	59 
592	4 
593	13 
594	55 
595	64 
596	26 
597	43 
598	47 
599	5 
600	1 
601	57 
602	37 
603	25 
604	64 
605	55 
606	24 
607	50 
608	30 
609	18 
610	35 
611	41 
612	1 
613	9 
614	49 
615	31 
616	53 
617	52 
618	26 
619	63 
620	45 
621	41 
622	45 
623	56 
624	59 
625	29 
626	48 
627	17 
628	16 
629	36 
630	52 
631	58 
632	55 
633	10 
634	13 
635	23 
636	56 
637	7 
638	42 
639	27 
640	13 
641	57 
642	51 
643	3 
644	15 
645	13 
646	40 
647	48 
648	7 
649	50 
650	62 
651	44 
652	58 
653	14 
654	21 
655	56 
656	61 
657	62 
658	65 
659	9 
660	50 
661	3 
662	35 
663	41 
664	5 
665	12 
666	34 
667	58 
668	40 
669	62 
670	15 
671	57 
672	18 
673	25 
674	9 
675	25 
676	5 
677	51 
678	48 
679	55 
680	14 
681	63 
682	64 
683	56 
684	63 
685	8 
686	26 
687	55 
688	18 
689	17 
690	2 
691	57 
692	59 
693	32 
694	39 
695	54 
696	20 
697	54 
698	44 
699	4 
700	15 
701	14 
702	12 
703	3 
704	36 
705	20 
706	58 
707	44 
708	18 
709	63 
710	56 
711	49 
712	44 
713	24 
714	13 
715	6 
716	42 
717	61 
718	14 
719	19 
720	59 
721	63 
722	32 
723	56 
724	14 
725	41 
726	28 
727	57 
728	32 
729	14 
730	8 
731	9 
732	13 
733	45 
734	53 
735	37 
736	41 
737	60 
738	37 
739	28 
740	19 
741	14 
742	46 
743	35 
744	61 
745	48 
746	45 
747	18 
748	49 
749	3 
750	35 
751	11 
752	15 
753	21 
754	10 
755	41 
756	13 
757	1 
758	4 
759	27 
760	17 
761	2 
762	58 
763	17 
764	9 
765	41 
766	54 
767	63 
768	54 
769	32 
770	51 
771	64 
772	49 
773	54 
774	59 
775	12 
776	18 
777	4 
778	5 
779	64 
780	11 
781	51 
782	14 
783	6 
784	46 
785	63 
786	37 
787	43 
788	43 
789	66 
790	35 
791	48 
792	51 
793	36 
794	20 
795	34 
796	8 
797	32 
798	46 
799	52 
800	51 
801	61 
802	3 
803	46 
804	25 
805	50 
806	34 
807	3 
808	46 
809	31 
810	9 
811	49 
812	23 
813	47 
814	2 
815	55 
816	1 
817	14 
818	33 
819	21 
820	22 
821	32 
822	54 
823	10 
824	14 
825	26 
826	26 
827	17 
828	2 
829	17 
830	56 
831	17 
832	46 
833	40 
834	47 
835	36 
836	55 
837	14 
838	32 
839	45 
840	63 
841	52 
842	41 
843	40 
844	48 
845	61 
846	2 
847	59 
848	6 
849	41 
850	17 
851	47 
852	26 
853	64 
854	20 
855	21 
856	40 
857	19 
858	61 
859	49 
860	59 
861	38 
862	25 
863	59 
864	49 
865	35 
866	34 
867	51 
868	43 
869	22 
870	6 
871	51 
872	33 
873	42 
874	62 
875	20 
876	29 
877	48 
878	34 
879	33 
880	31 
881	17 
882	4 
883	59 
884	25 
885	18 
886	56 
887	53 
888	49 
889	9 
890	52 
891	55 
892	8 
893	21 
894	15 
895	32 
896	38 
897	36 
898	66 
899	40 
900	45 
901	46 
902	41 
903	49 
904	3 
905	21 
906	3 
907	13 
908	60 
909	48 
910	32 
911	65 
912	49 
913	56 
914	39 
915	45 
916	1 
917	37 
918	51 
919	51 
920	64 
921	51 
922	27 
923	27 
924	25 
925	25 
926	1 
927	52 
928	27 
929	46 
930	45 
931	6 
932	25 
933	40 
934	15 
935	33 
936	41 
937	62 
938	8 
939	34 
940	8 
941	50 
942	60 
943	45 
944	58 
945	66 
946	10 
947	59 
948	30 
949	31 
950	5 
951	19 
952	21 
953	55 
954	44 
955	35 
956	40 
957	20 
958	40 
959	13 
960	6 
961	43 
962	14 
963	5 
964	11 
965	44 
966	49 
967	46 
968	10 
969	64 
970	15 
971	31 
972	45 
973	35 
974	52 
975	15 
976	16 
977	54 
978	40 
979	44 
980	63 
981	61 
982	55 
983	34 
984	22 
985	46 
986	35 
987	11 
988	29 
989	36 
990	48 
991	60 
992	17 
993	33 
994	47 
995	28 
996	10 
997	43 
998	3 
999	42 
1000	20 
1001	34 
1002	65 
1003	9 
1004	34 
1005	40 
1006	58 
1007	1 
1008	18 
1009	1 
1010	56 
1011	14 
1012	1 
1013	10 
1014	55 
1015	1 
1016	25 
1017	8 
1018	16 
1019	21 
1020	36 
1021	28 
1022	15 
1023	41 
1024	59 
1025	18 
1026	61 
1027	24 
1028	29 
1029	20 
1030	26 
1031	54 
1032	19 
1033	24 
1034	17 
1035	58 
1036	53 
1037	60 
1038	56 
1039	9 
1040	34 
1041	65 
1042	10 
1043	57 
1044	66 
1045	31 
1046	61 
1047	22 
1048	37 
1049	52 
1050	18 
1051	61 
1052	5 
1053	5 
1054	66 
1055	21 
1056	62 
1057	46 
1058	60 
1059	13 
1060	19 
1061	30 
1062	31 
1063	37 
1064	57 
1065	48 
1066	64 
1067	10 
1068	54 
1069	6 
1070	16 
1071	26 
1072	2 
1073	32 
1074	29 
1075	54 
1076	58 
1077	25 
1078	8 
1079	14 
1080	38 
1081	66 
1082	48 
1083	2 
1084	23 
1085	66 
1086	63 
1087	4 
1088	43 
1089	44 
1090	8 
1091	26 
1092	40 
1093	58 
1094	55 
1095	21 
1096	57 
1097	26 
1098	1 
1099	5 
1100	65 
1101	44 
1102	30 
1103	58 
1104	10 
1105	61 
1106	4 
1107	38 
1108	9 
1109	18 
1110	38 
1111	58 
1112	16 
1113	58 
1114	28 
1115	11 
1116	44 
1117	39 
1118	46 
1119	22 
1120	5 
1121	31 
1122	23 
1123	8 
1124	27 
1125	10 
1126	9 
1127	36 
1128	42 
1129	7 
1130	56 
1131	17 
1132	15 
1133	15 
1134	40 
1135	17 
1136	14 
1137	56 
1138	37 
1139	38 
1140	42 
1141	48 
1142	26 
1143	32 
1144	17 
1145	34 
1146	33 
1147	63 
1148	25 
1149	51 
1150	58 
1151	57 
1152	45 
1153	57 
1154	40 
1155	43 
1156	17 
1157	37 
1158	9 
1159	24 
1160	60 
1161	28 
1162	52 
1163	1 
1164	3 
1165	10 
1166	38 
1167	39 
1168	37 
1169	44 
1170	27 
1171	18 
1172	65 
1173	66 
1174	6 
1175	59 
1176	50 
1177	58 
1178	38 
1179	14 
1180	3 
1181	54 
1182	2 
1183	63 
1184	19 
1185	36 
1186	33 
1187	45 
1188	53 
1189	62 
1190	44 
1191	41 
1192	35 
1193	37 
1194	28 
1195	34 
1196	49 
1197	61 
1198	61 
1199	33 
1200	7 
1201	35 
1202	22 
1203	3 
1204	44 
1205	31 
1206	63 
1207	8 
1208	22 
1209	54 
1210	25 
1211	17 
1212	35 
1213	21 
1214	55 
1215	12 
1216	43 
1217	22 
1218	14 
1219	17 
1220	5 
1221	64 
1222	38 
1223	31 
1224	11 
1225	32 
1226	17 
1227	40 
1228	55 
1229	47 
1230	2 
1231	23 
1232	2 
1233	34 
1234	30 
1235	18 
1236	66 
1237	35 
1238	65 
1239	44 
1240	41 
1241	21 
1242	44 
1243	47 
1244	24 
1245	59 
1246	6 
1247	36 
1248	39 
1249	36 
1250	46 
1251	54 
1252	66 
1253	6 
1254	29 
1255	33 
1256	47 
1257	18 
1258	37 
1259	13 
1260	22 
1261	55 
1262	36 
1263	50 
1264	55 
1265	48 
1266	66 
1267	40 
1268	41 
1269	45 
1270	11 
1271	7 
1272	40 
1273	31 
1274	57 
1275	57 
1276	57 
1277	43 
1278	49 
1279	19 
1280	49 
1281	27 
1282	55 
1283	58 
1284	8 
1285	56 
1286	47 
1287	63 
1288	6 
1289	45 
1290	48 
1291	2 
1292	29 
1293	6 
1294	2 
1295	20 
1296	49 
1297	18 
1298	60 
1299	53 
1300	3 
1301	27 
1302	49 
1303	30 
1304	63 
1305	59 
1306	63 
1307	15 
1308	16 
1309	11 
1310	45 
1311	20 
1312	64 
1313	8 
1314	29 
1315	21 
1316	53 
1317	56 
1318	11 
1319	27 
1320	48 
1321	21 
1322	44 
1323	49 
1324	2 
1325	19 
1326	6 
1327	65 
1328	55 
1329	61 
1330	41 
1331	57 
1332	28 
1333	32 
1334	6 
1335	4 
1336	53 
1337	49 
1338	23 
1339	50 
1340	16 
1341	23 
1342	15 
1343	34 
1344	32 
1345	41 
1346	46 
1347	43 
1348	32 
1349	34 
1350	63 
1351	41 
1352	8 
1353	36 
1354	38 
1355	43 
1356	65 
1357	24 
1358	4 
1359	54 
1360	37 
1361	47 
1362	64 
1363	13 
1364	64 
1365	25 
1366	63 
1367	19 
1368	22 
1369	5 
1370	45 
1371	61 
1372	33 
1373	25 
1374	21 
1375	12 
1376	37 
1377	6 
1378	18 
1379	63 
1380	31 
1381	35 
1382	64 
1383	15 
1384	5 
1385	56 
1386	55 
1387	41 
1388	43 
1389	60 
1390	56 
1391	60 
1392	23 
1393	4 
1394	42 
1395	56 
1396	28 
1397	5 
1398	9 
1399	16 
1400	33 
1401	65 
1402	16 
1403	44 
1404	62 
1405	44 
1406	27 
1407	46 
1408	51 
1409	17 
1410	56 
1411	56 
1412	13 
1413	41 
1414	29 
1415	46 
1416	16 
1417	40 
1418	16 
1419	58 
1420	30 
1421	26 
1422	7 
1423	4 
1424	34 
1425	16 
1426	24 
1427	24 
1428	38 
1429	36 
1430	12 
1431	10 
1432	9 
1433	43 
1434	62 
1435	40 
1436	41 
1437	57 
1438	35 
1439	46 
1440	55 
1441	38 
1442	51 
1443	21 
1444	19 
1445	32 
1446	36 
1447	17 
1448	8 
1449	41 
1450	45 
1451	30 
1452	58 
1453	20 
1454	27 
1455	64 
1456	58 
1457	47 
1458	66 
1459	52 
1460	29 
1461	7 
1462	56 
1463	11 
1464	22 
1465	29 
1466	1 
1467	38 
1468	55 
1469	17 
1470	62 
1471	41 
1472	63 
1473	49 
1474	10 
1475	25 
1476	22 
1477	44 
1478	38 
1479	14 
1480	40 
1481	16 
1482	54 
1483	31 
1484	55 
1485	41 
1486	61 
1487	31 
1488	65 
1489	54 
1490	38 
1491	49 
1492	45 
1493	33 
1494	1 
1495	47 
1496	11 
1497	13 
1498	49 
1499	28 
1500	37 
1501	7 
1502	12 
1503	41 
1504	6 
1505	5 
1506	55 
1507	56 
1508	16 
1509	18 
1510	27 
1511	14 
1512	18 
1513	60 
1514	6 
1515	9 
1516	27 
1517	61 
1518	23 
1519	49 
1520	22 
1521	28 
1522	17 
1523	1 
1524	28 
1525	65 
1526	49 
1527	8 
1528	58 
1529	40 
1530	29 
1531	48 
1532	14 
1533	58 
1534	39 
1535	56 
1536	34 
1537	10 
1538	23 
1539	62 
1540	18 
1541	48 
1542	16 
1543	37 
1544	56 
1545	18 
1546	21 
1547	58 
1548	4 
1549	19 
1550	33 
1551	56 
1552	42 
1553	39 
1554	60 
1555	31 
1556	62 
1557	9 
1558	45 
1559	38 
1560	37 
1561	19 
1562	44 
1563	7 
1564	3 
1565	47 
1566	61 
1567	44 
1568	48 
1569	34 
1570	35 
1571	16 
1572	18 
1573	1 
1574	14 
1575	65 
1576	38 
1577	63 
1578	46 
1579	59 
1580	51 
1581	41 
1582	18 
1583	43 
1584	29 
1585	54 
1586	46 
1587	1 
1588	24 
1589	5 
1590	39 
1591	17 
1592	61 
1593	29 
1594	57 
1595	50 
1596	16 
1597	65 
1598	14 
1599	52 
1600	17 
1601	48 
1602	64 
1603	8 
1604	11 
1605	62 
1606	29 
1607	61 
1608	3 
1609	15 
1610	16 
1611	60 
1612	13 
1613	56 
1614	11 
1615	61 
1616	32 
1617	23 
1618	61 
1619	8 
1620	6 
1621	66 
1622	55 
1623	41 
1624	55 
1625	24 
1626	15 
1627	37 
1628	9 
1629	24 
1630	11 
1631	14 
1632	36 
1633	13 
1634	34 
1635	20 
1636	28 
1637	46 
1638	16 
1639	2 
1640	12 
1641	16 
1642	7 
1643	50 
1644	15 
1645	31 
1646	56 
1647	17 
1648	44 
1649	23 
1650	57 
1651	62 
1652	5 
1653	54 
1654	36 
1655	2 
1656	11 
1657	52 
1658	38 
1659	65 
1660	13 
1661	21 
1662	6 
1663	53 
1664	59 
1665	32 
1666	47 
1667	24 
1668	61 
1669	3 
1670	61 
1671	25 
1672	41 
1673	11 
1674	61 
1675	65 
1676	40 
1677	5 
1678	24 
1679	48 
1680	43 
1681	10 
1682	12 
1683	23 
1684	60 
1685	7 
1686	2 
1687	9 
1688	4 
1689	14 
1690	60 
1691	59 
1692	45 
1693	64 
1694	7 
1695	56 
1696	44 
1697	54 
1698	3 
1699	37 
1700	45 
1701	2 
1702	11 
1703	2 
1704	50 
1705	7 
1706	49 
1707	64 
1708	21 
1709	26 
1710	9 
1711	43 
1712	23 
1713	9 
1714	37 
1715	62 
1716	22 
1717	16 
1718	33 
1719	1 
1720	33 
1721	1 
1722	18 
1723	37 
1724	63 
1725	55 
1726	64 
1727	65 
1728	53 
1729	44 
1730	20 
1731	44 
1732	21 
1733	60 
1734	50 
1735	29 
1736	12 
1737	43 
1738	4 
1739	59 
1740	31 
1741	64 
1742	61 
1743	59 
1744	64 
1745	34 
1746	6 
1747	6 
1748	24 
1749	55 
1750	57 
1751	20 
1752	65 
1753	3 
1754	30 
1755	65 
1756	25 
1757	46 
1758	14 
1759	22 
1760	44 
1761	56 
1762	31 
1763	36 
1764	52 
1765	62 
1766	12 
1767	33 
1768	21 
1769	38 
1770	61 
1771	33 
1772	58 
1773	56 
1774	45 
1775	24 
1776	2 
1777	7 
1778	3 
1779	66 
1780	66 
1781	61 
1782	51 
1783	66 
1784	23 
1785	30 
1786	17 
1787	64 
1788	49 
1789	59 
1790	43 
1791	33 
1792	35 
1793	29 
1794	35 
1795	4 
1796	7 
1797	52 
1798	45 
1799	14 
1800	39 
1801	13 
1802	50 
1803	41 
1804	34 
1805	48 
1806	54 
1807	41 
1808	5 
1809	26 
1810	3 
1811	61 
1812	47 
1813	41 
1814	60 
1815	15 
1816	31 
1817	57 
1818	45 
1819	13 
1820	39 
1821	31 
1822	43 
1823	61 
1824	59 
1825	19 
1826	11 
1827	18 
1828	53 
1829	37 
1830	51 
1831	37 
1832	24 
1833	2 
1834	27 
1835	5 
1836	29 
1837	19 
1838	7 
1839	62 
1840	41 
1841	33 
1842	35 
1843	50 
1844	35 
1845	6 
1846	49 
1847	36 
1848	55 
1849	49 
1850	50 
1851	28 
1852	10 
1853	52 
1854	65 
1855	47 
1856	54 
1857	64 
1858	49 
1859	36 
1860	57 
1861	31 
1862	56 
1863	42 
1864	31 
1865	14 
1866	13 
1867	50 
1868	48 
1869	18 
1870	25 
1871	37 
1872	11 
1873	60 
1874	41 
1875	37 
1876	36 
1877	31 
1878	53 
1879	49 
1880	18 
1881	24 
1882	1 
1883	58 
1884	66 
1885	40 
1886	13 
1887	46 
1888	36 
1889	52 
1890	17 
1891	10 
1892	9 
1893	55 
1894	35 
1895	37 
1896	27 
1897	49 
1898	53 
1899	28 
1900	55 
1901	2 
1902	7 
1903	1 
1904	17 
1905	56 
1906	3 
1907	62 
1908	7 
1909	34 
1910	44 
1911	56 
1912	25 
1913	64 
1914	62 
1915	27 
1916	60 
1917	58 
1918	24 
1919	44 
1920	39 
1921	22 
1922	60 
1923	59 
1924	20 
1925	13 
1926	38 
1927	55 
1928	46 
1929	54 
1930	58 
1931	63 
1932	13 
1933	65 
1934	61 
1935	56 
1936	32 
1937	25 
1938	65 
1939	58 
1940	19 
1941	26 
1942	3 
1943	25 
1944	23 
1945	57 
1946	38 
1947	47 
1948	36 
1949	64 
1950	13 
1951	8 
1952	28 
1953	1 
1954	58 
1955	66 
1956	19 
1957	3 
1958	57 
1959	28 
1960	46 
1961	49 
1962	45 
1963	4 
1964	3 
1965	65 
1966	31 
1967	2 
1968	36 
1969	25 
1970	50 
1971	20 
1972	51 
1973	40 
1974	9 
1975	29 
1976	4 
1977	6 
1978	44 
1979	45 
1980	25 
1981	53 
1982	21 
1983	55 
1984	22 
1985	61 
1986	40 
1987	1 
1988	14 
1989	65 
1990	27 
1991	4 
1992	40 
1993	4 
1994	36 
1995	4 
1996	9 
1997	2 
1998	60 
1999	17 
2000	63 
2001	48 
2002	9 
2003	21 
2004	4 
2005	23 
2006	38 
2007	20 
2008	54 
2009	41 
2010	15 
2011	36 
2012	24 
2013	40 
2014	23 
2015	18 
2016	58 
2017	31 
2018	25 
2019	36 
2020	23 
2021	50 
2022	49 
2023	40 
2024	20 
2025	26 
2026	18 
2027	63 
2028	41 
2029	43 
2030	30 
2031	2 
2032	40 
2033	42 
2034	44 
2035	34 
2036	65 
2037	40 
2038	32 
2039	58 
2040	48 
2041	59 
2042	45 
2043	1 
2044	2 
2045	14 
2046	3 
2047	12 
2048	65 
2049	59 
2050	18 
2051	3 
2052	59 
2053	25 
2054	33 
2055	29 
2056	29 
2057	7 
2058	22 
2059	66 
2060	38 
2061	31 
2062	22 
2063	4 
2064	7 
2065	47 
2066	41 
2067	12 
2068	63 
2069	17 
2070	7 
2071	31 
2072	3 
2073	47 
2074	48 
2075	11 
2076	58 
2077	55 
2078	15 
2079	37 
2080	20 
2081	43 
2082	42 
2083	47 
2084	41 
2085	54 
2086	12 
2087	65 
2088	61 
2089	57 
2090	8 
2091	54 
2092	8 
2093	19 
2094	58 
2095	15 
2096	14 
2097	37 
2098	18 
2099	40 
2100	20 
2101	34 
2102	17 
2103	66 
2104	18 
2105	16 
2106	53 
2107	30 
2108	5 
2109	14 
2110	14 
2111	9 
2112	19 
2113	36 
2114	65 
2115	23 
2116	50 
2117	4 
2118	58 
2119	58 
2120	2 
2121	22 
2122	37 
2123	12 
2124	18 
2125	35 
2126	45 
2127	63 
2128	2 
2129	39 
2130	3 
2131	63 
2132	64 
2133	14 
2134	61 
2135	61 
2136	38 
2137	21 
2138	37 
2139	45 
2140	33 
2141	65 
2142	5 
2143	21 
2144	45 
2145	14 
2146	45 
2147	61 
2148	25 
2149	19 
2150	52 
2151	24 
2152	43 
2153	30 
2154	14 
2155	49 
2156	37 
2157	42 
2158	37 
2159	26 
2160	1 
2161	21 
2162	1 
2163	13 
2164	47 
2165	11 
2166	7 
2167	3 
2168	8 
2169	30 
2170	39 
2171	66 
2172	14 
2173	37 
2174	21 
2175	51 
2176	38 
2177	21 
2178	26 
2179	22 
2180	44 
2181	13 
2182	57 
2183	58 
2184	1 
2185	38 
2186	26 
2187	18 
2188	43 
2189	18 
2190	9 
2191	14 
2192	56 
2193	2 
2194	2 
2195	24 
2196	44 
2197	56 
2198	36 
2199	56 
2200	37 
2201	16 
2202	38 
2203	24 
2204	25 
2205	48 
2206	31 
2207	46 
2208	58 
2209	31 
2210	16 
2211	66 
2212	38 
2213	47 
2214	22 
2215	32 
2216	20 
2217	26 
2218	21 
2219	3 
2220	16 
2221	30 
2222	14 
2223	58 
2224	9 
2225	58 
2226	20 
2227	37 
2228	47 
2229	62 
2230	55 
2231	50 
2232	24 
2233	37 
2234	48 
2235	35 
2236	3 
2237	63 
2238	16 
2239	37 
2240	3 
2241	5 
2242	66 
2243	37 
2244	16 
2245	21 
2246	62 
2247	42 
2248	30 
2249	37 
2250	50 
2251	34 
2252	38 
2253	58 
2254	55 
2255	33 
2256	13 
2257	38 
2258	29 
2259	2 
2260	25 
2261	16 
2262	28 
2263	3 
2264	40 
2265	53 
2266	30 
2267	38 
2268	66 
2269	15 
2270	62 
2271	56 
2272	10 
2273	56 
2274	41 
2275	43 
2276	62 
2277	43 
2278	20 
2279	61 
2280	24 
2281	16 
2282	18 
2283	27 
2284	42 
2285	10 
2286	35 
2287	63 
2288	48 
2289	47 
2290	56 
2291	10 
2292	7 
2293	26 
2294	13 
2295	5 
2296	37 
2297	31 
2298	9 
2299	58 
2300	33 
2301	55 
2302	61 
2303	30 
2304	11 
2305	34 
2306	62 
2307	61 
2308	46 
2309	40 
2310	6 
2311	51 
2312	7 
2313	4 
2314	27 
2315	46 
2316	11 
2317	5 
2318	9 
2319	61 
2320	31 
2321	41 
2322	7 
2323	13 
2324	44 
2325	61 
2326	38 
2327	47 
2328	41 
2329	37 
2330	18 
2331	2 
2332	34 
2333	15 
2334	66 
2335	33 
2336	39 
2337	40 
2338	32 
2339	54 
2340	6 
2341	54 
2342	6 
2343	47 
2344	54 
2345	44 
2346	63 
2347	13 
2348	52 
2349	11 
2350	4 
2351	54 
2352	52 
2353	7 
2354	31 
2355	44 
2356	43 
2357	66 
2358	36 
2359	12 
2360	2 
2361	4 
2362	52 
2363	6 
2364	12 
2365	64 
2366	29 
2367	44 
2368	8 
2369	20 
2370	3 
2371	8 
2372	21 
2373	43 
2374	45 
2375	34 
2376	53 
2377	48 
2378	61 
2379	8 
2380	39 
2381	39 
2382	5 
2383	48 
2384	23 
2385	6 
2386	56 
2387	61 
2388	47 
2389	35 
2390	57 
2391	35 
2392	2 
2393	59 
2394	26 
2395	16 
2396	18 
2397	48 
2398	49 
2399	3 
2400	56 
2401	61 
2402	42 
2403	64 
2404	44 
2405	32 
2406	65 
2407	31 
2408	48 
2409	55 
2410	32 
2411	40 
2412	37 
2413	27 
2414	4 
2415	40 
2416	51 
2417	38 
2418	58 
2419	25 
2420	2 
2421	9 
2422	57 
2423	41 
2424	26 
2425	41 
2426	45 
2427	19 
2428	59 
2429	11 
2430	40 
2431	36 
2432	19 
2433	50 
2434	26 
2435	40 
2436	4 
2437	28 
2438	17 
2439	12 
2440	35 
2441	10 
2442	2 
2443	50 
2444	1 
2445	51 
2446	47 
2447	28 
2448	40 
2449	55 
2450	47 
2451	50 
2452	2 
2453	37 
2454	22 
2455	31 
2456	32 
2457	14 
2458	3 
2459	47 
2460	33 
2461	6 
2462	9 
2463	21 
2464	11 
2465	41 
2466	31 
2467	22 
2468	9 
2469	1 
2470	27 
2471	62 
2472	30 
2473	16 
2474	21 
2475	54 
2476	14 
2477	54 
2478	3 
2479	32 
2480	13 
2481	28 
2482	49 
2483	19 
2484	38 
2485	4 
2486	46 
2487	66 
2488	11 
2489	14 
2490	64 
2491	24 
2492	55 
2493	61 
2494	42 
2495	5 
2496	21 
2497	3 
2498	20 
2499	8 
2500	38 
2501	19 
2502	53 
2503	19 
2504	38 
2505	61 
2506	64 
2507	44 
2508	16 
2509	23 
2510	51 
2511	27 
2512	21 
2513	16 
2514	22 
2515	51 
2516	25 
2517	48 
2518	28 
2519	10 
2520	26 
2521	29 
2522	56 
2523	5 
2524	22 
2525	29 
2526	13 
2527	62 
2528	28 
2529	50 
2530	16 
2531	64 
2532	58 
2533	9 
2534	35 
2535	7 
2536	9 
2537	2 
2538	31 
2539	25 
2540	22 
2541	46 
2542	40 
2543	16 
2544	19 
2545	34 
2546	27 
2547	60 
2548	7 
2549	66 
2550	62 
2551	63 
2552	61 
2553	18 
2554	38 
2555	6 
2556	35 
2557	52 
2558	12 
2559	61 
2560	44 
2561	57 
2562	29 
2563	2 
2564	6 
2565	66 
2566	20 
2567	3 
2568	65 
2569	39 
2570	20 
2571	44 
2572	52 
2573	38 
2574	13 
2575	17 
2576	32 
2577	4 
2578	35 
2579	42 
2580	30 
2581	13 
2582	58 
2583	23 
2584	32 
2585	52 
2586	52 
2587	60 
2588	41 
2589	39 
2590	54 
2591	43 
2592	56 
2593	36 
2594	20 
2595	42 
2596	61 
2597	8 
2598	41 
2599	46 
2600	21 
2601	9 
2602	9 
2603	26 
2604	44 
2605	2 
2606	17 
2607	43 
2608	23 
2609	13 
2610	44 
2611	4 
2612	22 
2613	11 
2614	13 
2615	46 
2616	21 
2617	38 
2618	60 
2619	49 
2620	46 
2621	5 
2622	53 
2623	57 
2624	65 
2625	54 
2626	3 
2627	66 
2628	43 
2629	16 
2630	3 
2631	37 
2632	16 
2633	18 
2634	29 
2635	10 
2636	5 
2637	23 
2638	31 
2639	3 
2640	7 
2641	42 
2642	40 
2643	47 
2644	19 
2645	34 
2646	34 
2647	49 
2648	23 
2649	30 
2650	49 
2651	16 
2652	40 
2653	63 
2654	48 
2655	57 
2656	1 
2657	15 
2658	17 
2659	49 
2660	44 
2661	49 
2662	22 
2663	54 
2664	64 
2665	6 
2666	50 
2667	47 
2668	6 
2669	42 
2670	51 
2671	47 
2672	21 
2673	52 
2674	33 
2675	18 
2676	64 
2677	38 
2678	53 
2679	62 
2680	56 
2681	54 
2682	35 
2683	33 
2684	14 
2685	28 
2686	41 
2687	6 
2688	36 
2689	40 
2690	22 
2691	19 
2692	5 
2693	2 
2694	60 
2695	11 
2696	10 
2697	43 
2698	49 
2699	42 
2700	25 
2701	6 
2702	44 
2703	18 
2704	26 
2705	6 
2706	59 
2707	48 
2708	15 
2709	30 
2710	23 
2711	40 
2712	6 
2713	36 
2714	12 
2715	47 
2716	47 
2717	43 
2718	38 
2719	38 
2720	8 
2721	65 
2722	65 
2723	54 
2724	6 
2725	9 
2726	20 
2727	9 
2728	6 
2729	48 
2730	48 
2731	29 
2732	17 
2733	38 
2734	40 
2735	2 
2736	13 
2737	9 
2738	61 
2739	14 
2740	52 
2741	38 
2742	20 
2743	6 
2744	40 
2745	30 
2746	18 
2747	13 
2748	27 
2749	57 
2750	17 
2751	9 
2752	40 
2753	3 
2754	9 
2755	16 
2756	37 
2757	62 
2758	42 
2759	57 
2760	35 
2761	29 
2762	5 
2763	47 
2764	47 
2765	55 
2766	17 
2767	20 
2768	1 
2769	50 
2770	53 
2771	60 
2772	5 
2773	50 
2774	5 
2775	44 
2776	9 
2777	44 
2778	32 
2779	5 
2780	3 
2781	35 
2782	22 
2783	1 
2784	14 
2785	8 
2786	18 
2787	49 
2788	34 
2789	1 
2790	13 
2791	41 
2792	22 
2793	26 
2794	38 
2795	32 
2796	1 
2797	36 
2798	60 
2799	9 
2800	16 
2801	11 
2802	19 
2803	29 
2804	3 
2805	52 
2806	23 
2807	6 
2808	16 
2809	60 
2810	30 
2811	24 
2812	57 
2813	26 
2814	59 
2815	62 
2816	26 
2817	15 
2818	32 
2819	28 
2820	3 
2821	9 
2822	64 
2823	6 
2824	23 
2825	55 
2826	14 
2827	26 
2828	64 
2829	26 
2830	19 
2831	43 
2832	25 
2833	66 
2834	46 
2835	5 
2836	54 
2837	61 
2838	9 
2839	44 
2840	41 
2841	38 
2842	60 
2843	48 
2844	19 
2845	3 
2846	50 
2847	25 
2848	7 
2849	34 
2850	46 
2851	54 
2852	39 
2853	36 
2854	16 
2855	1 
2856	37 
2857	3 
2858	11 
2859	40 
2860	25 
2861	62 
2862	48 
2863	29 
2864	33 
2865	59 
2866	55 
2867	50 
2868	63 
2869	21 
2870	13 
2871	29 
2872	38 
2873	51 
2874	50 
2875	36 
2876	22 
2877	16 
2878	61 
2879	21 
2880	25 
2881	5 
2882	22 
2883	26 
2884	38 
2885	4 
2886	50 
2887	31 
2888	54 
2889	5 
2890	19 
2891	29 
2892	43 
2893	53 
2894	18 
2895	34 
2896	14 
2897	31 
2898	37 
2899	32 
2900	45 
2901	39 
2902	43 
2903	55 
2904	45 
2905	40 
2906	13 
2907	31 
2908	20 
2909	64 
2910	56 
2911	56 
2912	50 
2913	59 
2914	2 
2915	6 
2916	3 
2917	31 
2918	11 
2919	26 
2920	26 
2921	14 
2922	49 
2923	34 
2924	64 
2925	51 
2926	62 
2927	37 
2928	13 
2929	62 
2930	48 
2931	58 
2932	50 
2933	24 
2934	52 
2935	25 
2936	14 
2937	39 
2938	44 
2939	9 
2940	60 
2941	27 
2942	15 
2943	28 
2944	32 
2945	22 
2946	30 
2947	19 
2948	16 
2949	33 
2950	14 
2951	57 
2952	56 
2953	16 
2954	16 
2955	47 
2956	35 
2957	44 
2958	15 
2959	40 
2960	50 
2961	50 
2962	38 
2963	43 
2964	18 
2965	21 
2966	26 
2967	1 
2968	9 
2969	28 
2970	15 
2971	18 
2972	63 
2973	62 
2974	7 
2975	28 
2976	54 
2977	4 
2978	27 
2979	10 
2980	32 
2981	9 
2982	49 
2983	58 
2984	49 
2985	37 
2986	41 
2987	28 
2988	56 
2989	34 
2990	29 
2991	48 
2992	50 
2993	16 
2994	14 
2995	27 
2996	30 
2997	47 
2998	57 
2999	49 
3000	11 
3001	1 
3002	63 
3003	1 
3004	53 
3005	35 
3006	14 
3007	56 
3008	34 
3009	38 
3010	3 
3011	29 
3012	55 
3013	39 
3014	55 
3015	24 
3016	17 
3017	37 
3018	7 
3019	29 
3020	43 
3021	61 
3022	32 
3023	60 
3024	38 
3025	35 
3026	22 
3027	28 
3028	21 
3029	17 
3030	11 
3031	50 
3032	52 
3033	26 
3034	44 
3035	49 
3036	64 
3037	11 
3038	34 
3039	47 
3040	15 
3041	63 
3042	58 
3043	48 
3044	7 
3045	11 
3046	12 
3047	39 
3048	65 
3049	43 
3050	20 
3051	48 
3052	37 
3053	50 
3054	39 
3055	3 
3056	46 
3057	55 
3058	59 
3059	42 
3060	47 
3061	56 
3062	37 
3063	54 
3064	6 
3065	8 
3066	9 
3067	48 
3068	14 
3069	55 
3070	17 
3071	9 
3072	39 
3073	27 
3074	45 
3075	25 
3076	13 
3077	7 
3078	40 
3079	37 
3080	39 
3081	6 
3082	13 
3083	21 
3084	58 
3085	5 
3086	14 
3087	41 
3088	63 
3089	17 
3090	45 
3091	44 
3092	47 
3093	15 
3094	31 
3095	4 
3096	55 
3097	23 
3098	31 
3099	21 
3100	43 
3101	25 
3102	7 
3103	41 
3104	65 
3105	66 
3106	63 
3107	64 
3108	20 
3109	29 
3110	65 
3111	1 
3112	40 
3113	56 
3114	50 
3115	51 
3116	57 
3117	35 
3118	14 
3119	30 
3120	47 
3121	6 
3122	54 
3123	64 
3124	2 
3125	23 
3126	38 
3127	35 
3128	7 
3129	34 
3130	54 
3131	39 
3132	58 
3133	47 
3134	8 
3135	21 
3136	12 
3137	47 
3138	24 
3139	47 
3140	31 
3141	63 
3142	39 
3143	34 
3144	40 
3145	23 
3146	34 
3147	14 
3148	55 
3149	28 
3150	55 
3151	49 
3152	22 
3153	56 
3154	40 
3155	53 
3156	11 
3157	47 
3158	42 
3159	1 
3160	56 
3161	31 
3162	46 
3163	14 
3164	46 
3165	13 
3166	1 
3167	11 
3168	45 
3169	34 
3170	30 
3171	46 
3172	47 
3173	32 
3174	58 
3175	31 
3176	31 
3177	23 
3178	7 
3179	44 
3180	5 
3181	52 
3182	24 
3183	31 
3184	44 
3185	47 
3186	50 
3187	52 
3188	54 
3189	47 
3190	55 
3191	27 
3192	10 
3193	36 
3194	16 
3195	16 
3196	12 
3197	66 
3198	14 
3199	39 
3200	4 
3201	6 
3202	13 
3203	56 
3204	40 
3205	51 
3206	26 
3207	53 
3208	1 
3209	33 
3210	38 
3211	43 
3212	55 
3213	34 
3214	19 
3215	30 
3216	44 
3217	43 
3218	62 
3219	5 
3220	54 
3221	59 
3222	28 
3223	5 
3224	18 
3225	41 
3226	20 
3227	40 
3228	36 
3229	6 
3230	48 
3231	14 
3232	57 
3233	35 
3234	41 
3235	59 
3236	39 
3237	17 
3238	34 
3239	53 
3240	20 
3241	63 
3242	31 
3243	41 
3244	4 
3245	54 
3246	14 
3247	37 
3248	41 
3249	55 
3250	31 
3251	30 
3252	29 
3253	17 
3254	21 
3255	1 
3256	19 
3257	35 
3258	44 
3259	38 
3260	57 
3261	9 
3262	57 
3263	14 
3264	24 
3265	64 
3266	25 
3267	56 
3268	55 
3269	22 
3270	16 
3271	32 
3272	43 
3273	65 
3274	61 
3275	50 
3276	54 
3277	60 
3278	10 
3279	1 
3280	52 
3281	14 
3282	27 
3283	32 
3284	66 
3285	12 
3286	60 
3287	39 
3288	44 
3289	28 
3290	44 
3291	54 
3292	29 
3293	61 
3294	5 
3295	55 
3296	10 
3297	38 
3298	46 
3299	17 
3300	4 
3301	29 
3302	28 
3303	31 
3304	43 
3305	63 
3306	58 
3307	52 
3308	32 
3309	15 
3310	45 
3311	15 
3312	31 
3313	47 
3314	31 
3315	57 
3316	28 
3317	35 
3318	43 
3319	23 
3320	49 
3321	4 
3322	25 
3323	3 
3324	58 
3325	49 
3326	44 
3327	54 
3328	65 
3329	53 
3330	45 
3331	20 
3332	45 
3333	25 
3334	64 
3335	25 
3336	23 
3337	14 
3338	34 
3339	44 
3340	63 
3341	46 
3342	44 
3343	9 
3344	1 
3345	60 
3346	37 
3347	39 
3348	36 
3349	34 
3350	28 
3351	26 
3352	8 
3353	9 
3354	64 
3355	19 
3356	14 
3357	25 
3358	22 
3359	51 
3360	66 
3361	37 
3362	26 
3363	59 
3364	4 
3365	62 
3366	28 
3367	44 
3368	65 
3369	7 
3370	47 
3371	9 
3372	12 
3373	27 
3374	39 
3375	41 
3376	15 
3377	54 
3378	31 
3379	32 
3380	53 
3381	39 
3382	23 
3383	59 
3384	13 
3385	60 
3386	61 
3387	16 
3388	33 
3389	16 
3390	43 
3391	18 
3392	13 
3393	37 
3394	21 
3395	3 
3396	6 
3397	63 
3398	18 
3399	27 
3400	33 
3401	16 
3402	2 
3403	9 
3404	66 
3405	52 
3406	2 
3407	17 
3408	4 
3409	45 
3410	15 
3411	21 
3412	16 
3413	43 
3414	1 
3415	42 
3416	19 
3417	51 
3418	24 
3419	23 
3420	1 
3421	25 
3422	39 
3423	10 
3424	23 
3425	17 
3426	41 
3427	37 
3428	43 
3429	7 
3430	54 
3431	2 
3432	51 
3433	44 
3434	30 
3435	40 
3436	24 
3437	26 
3438	3 
3439	8 
3440	6 
3441	58 
3442	48 
3443	39 
3444	19 
3445	12 
3446	51 
3447	36 
3448	39 
3449	28 
3450	25 
3451	17 
3452	18 
3453	44 
3454	65 
3455	1 
3456	52 
3457	38 
3458	38 
3459	49 
3460	63 
3461	51 
3462	42 
3463	20 
3464	49 
3465	5 
3466	5 
3467	63 
3468	23 
3469	21 
3470	56 
3471	27 
3472	40 
3473	13 
3474	51 
3475	53 
3476	9 
3477	34 
3478	32 
3479	1 
3480	29 
3481	42 
3482	13 
3483	3 
3484	21 
3485	38 
3486	37 
3487	63 
3488	8 
3489	2 
3490	53 
3491	28 
3492	49 
3493	62 
3494	16 
3495	59 
3496	32 
3497	59 
3498	53 
3499	17 
3500	56 
3501	59 
3502	29 
3503	46 
3504	6 
3505	36 
3506	6 
3507	49 
3508	66 
3509	51 
3510	2 
3511	1 
3512	32 
3513	2 
3514	62 
3515	1 
3516	50 
3517	2 
3518	18 
3519	6 
3520	48 
3521	43 
3522	29 
3523	11 
3524	2 
3525	58 
3526	15 
3527	65 
3528	60 
3529	47 
3530	65 
3531	17 
3532	29 
3533	16 
3534	6 
3535	48 
3536	9 
3537	33 
3538	9 
3539	11 
3540	41 
3541	29 
3542	61 
3543	29 
3544	17 
3545	17 
3546	23 
3547	54 
3548	59 
3549	63 
3550	64 
3551	35 
3552	15 
3553	48 
3554	52 
3555	8 
3556	8 
3557	13 
3558	32 
3559	58 
3560	48 
3561	42 
3562	9 
3563	54 
3564	8 
3565	8 
3566	54 
3567	41 
3568	23 
3569	60 
3570	47 
3571	12 
3572	62 
3573	41 
3574	16 
3575	6 
3576	11 
3577	32 
3578	59 
3579	63 
3580	47 
3581	35 
3582	60 
3583	51 
3584	6 
3585	6 
3586	9 
3587	12 
3588	60 
3589	43 
3590	20 
3591	40 
3592	26 
3593	62 
3594	56 
3595	38 
3596	12 
3597	40 
3598	51 
3599	17 
3600	26 
3601	20 
3602	3 
3603	56 
3604	5 
3605	26 
3606	10 
3607	56 
3608	18 
3609	42 
3610	9 
3611	50 
3612	47 
3613	11 
3614	12 
3615	33 
3616	13 
3617	6 
3618	38 
3619	43 
3620	56 
3621	31 
3622	39 
3623	55 
3624	41 
3625	36 
3626	24 
3627	43 
3628	27 
3629	24 
3630	65 
3631	50 
3632	52 
3633	12 
3634	26 
3635	44 
3636	61 
3637	26 
3638	26 
3639	64 
3640	36 
3641	52 
3642	61 
3643	6 
3644	23 
3645	6 
3646	3 
3647	47 
3648	48 
3649	17 
3650	31 
3651	52 
3652	48 
3653	59 
3654	53 
3655	60 
3656	35 
3657	52 
3658	50 
3659	43 
3660	33 
3661	48 
3662	64 
3663	50 
3664	47 
3665	35 
3666	46 
3667	43 
3668	55 
3669	1 
3670	2 
3671	27 
3672	42 
3673	28 
3674	53 
3675	61 
3676	28 
3677	57 
3678	49 
3679	35 
3680	15 
3681	47 
3682	31 
3683	62 
3684	41 
3685	47 
3686	59 
3687	16 
3688	29 
3689	1 
3690	26 
3691	53 
3692	13 
3693	7 
3694	49 
3695	34 
3696	4 
3697	40 
3698	11 
3699	55 
3700	39 
3701	64 
3702	23 
3703	3 
3704	44 
3705	17 
3706	42 
3707	66 
3708	36 
3709	47 
3710	2 
3711	26 
3712	12 
3713	34 
3714	22 
3715	32 
3716	26 
3717	48 
3718	21 
3719	65 
3720	38 
3721	37 
3722	28 
3723	21 
3724	57 
3725	56 
3726	13 
3727	21 
3728	60 
3729	35 
3730	60 
3731	1 
3732	30 
3733	52 
3734	30 
3735	28 
3736	22 
3737	48 
3738	29 
3739	62 
3740	39 
3741	47 
3742	17 
3743	4 
3744	2 
3745	7 
3746	29 
3747	42 
3748	50 
3749	46 
3750	9 
3751	32 
3752	57 
3753	19 
3754	43 
3755	30 
3756	41 
3757	2 
3758	13 
3759	6 
3760	27 
3761	20 
3762	26 
3763	49 
3764	50 
3765	3 
3766	41 
3767	24 
3768	10 
3769	37 
3770	55 
3771	40 
3772	56 
3773	48 
3774	6 
3775	16 
3776	27 
3777	38 
3778	21 
3779	5 
3780	3 
3781	46 
3782	5 
3783	11 
3784	9 
3785	42 
3786	41 
3787	4 
3788	4 
3789	26 
3790	22 
3791	10 
3792	34 
3793	22 
3794	59 
3795	61 
3796	33 
3797	35 
3798	58 
3799	34 
3800	8 
3801	11 
3802	66 
3803	7 
3804	33 
3805	38 
3806	17 
3807	31 
3808	37 
3809	32 
3810	24 
3811	2 
3812	18 
3813	65 
3814	8 
3815	36 
3816	48 
3817	8 
3818	41 
3819	66 
3820	48 
3821	9 
3822	54 
3823	56 
3824	64 
3825	56 
3826	59 
3827	37 
3828	41 
3829	27 
3830	65 
3831	15 
3832	14 
3833	39 
3834	21 
3835	2 
3836	50 
3837	2 
3838	63 
3839	17 
3840	46 
3841	24 
3842	54 
3843	32 
3844	16 
3845	10 
3846	57 
3847	65 
3848	10 
3849	33 
3850	32 
3851	62 
3852	48 
3853	9 
3854	65 
3855	49 
3856	48 
3857	49 
3858	33 
3859	65 
3860	12 
3861	33 
3862	64 
3863	57 
3864	65 
3865	66 
3866	10 
3867	33 
3868	50 
3869	44 
3870	16 
3871	33 
3872	64 
3873	4 
3874	7 
3875	56 
3876	40 
3877	33 
3878	63 
3879	32 
3880	59 
3881	37 
3882	56 
3883	22 
3884	13 
3885	16 
3886	14 
3887	42 
3888	28 
3889	5 
3890	12 
3891	47 
3892	46 
3893	33 
3894	58 
3895	60 
3896	32 
3897	30 
3898	62 
3899	12 
3900	57 
3901	24 
3902	35 
3903	24 
3904	22 
3905	29 
3906	2 
3907	11 
3908	5 
3909	22 
3910	38 
3911	17 
3912	42 
3913	33 
3914	41 
3915	2 
3916	36 
3917	57 
3918	39 
3919	31 
3920	28 
3921	10 
3922	39 
3923	58 
3924	7 
3925	66 
3926	62 
3927	1 
3928	65 
3929	25 
3930	61 
3931	29 
3932	58 
3933	66 
3934	13 
3935	1 
3936	13 
3937	1 
3938	25 
3939	41 
3940	47 
3941	6 
3942	18 
3943	55 
3944	49 
3945	62 
3946	16 
3947	61 
3948	58 
3949	6 
3950	61 
3951	48 
3952	21 
3953	54 
3954	38 
3955	30 
3956	31 
3957	23 
3958	21 
3959	58 
3960	43 
3961	18 
3962	34 
3963	48 
3964	35 
3965	49 
3966	56 
3967	55 
3968	9 
3969	47 
3970	9 
3971	56 
3972	12 
3973	16 
3974	48 
3975	16 
3976	22 
3977	12 
3978	47 
3979	55 
3980	3 
3981	35 
3982	54 
3983	18 
3984	55 
3985	11 
3986	21 
3987	26 
3988	18 
3989	4 
3990	59 
3991	41 
3992	30 
3993	36 
3994	4 
3995	7 
3996	16 
3997	28 
3998	12 
3999	17 
4000	4 
4001	10 
4002	9 
4003	49 
4004	57 
4005	3 
4006	65 
4007	37 
4008	2 
4009	48 
4010	45 
4011	49 
4012	36 
4013	50 
4014	32 
4015	34 
4016	20 
4017	54 
4018	32 
4019	6 
4020	18 
4021	53 
4022	51 
4023	22 
4024	51 
4025	24 
4026	24 
4027	8 
4028	24 
4029	39 
4030	55 
4031	56 
4032	24 
4033	45 
4034	9 
4035	47 
4036	41 
4037	47 
4038	24 
4039	41 
4040	4 
4041	11 
4042	1 
4043	3 
4044	53 
4045	40 
4046	39 
4047	28 
4048	21 
4049	48 
4050	32 
4051	39 
4052	45 
4053	26 
4054	21 
4055	54 
4056	44 
4057	46 
4058	51 
4059	40 
4060	52 
4061	2 
4062	65 
4063	52 
4064	25 
4065	2 
4066	27 
4067	56 
4068	11 
4069	38 
4070	20 
4071	41 
4072	21 
4073	12 
4074	28 
4075	22 
4076	42 
4077	9 
4078	66 
4079	41 
4080	38 
4081	43 
4082	42 
4083	35 
4084	31 
4085	63 
4086	64 
4087	16 
4088	31 
4089	12 
4090	26 
4091	51 
4092	17 
4093	40 
4094	5 
4095	50 
4096	23 
4097	48 
4098	39 
4099	38 
4100	57 
4101	18 
4102	59 
4103	42 
4104	54 
4105	26 
4106	63 
4107	26 
4108	55 
4109	28 
4110	20 
4111	31 
4112	2 
4113	18 
4114	44 
4115	30 
4116	15 
4117	2 
4118	12 
4119	50 
4120	57 
4121	14 
4122	48 
4123	19 
4124	30 
4125	9 
4126	16 
4127	23 
4128	3 
4129	18 
4130	9 
4131	2 
4132	26 
4133	29 
4134	45 
4135	41 
4136	22 
4137	14 
4138	53 
4139	41 
4140	57 
4141	1 
4142	16 
4143	11 
4144	40 
4145	22 
4146	29 
4147	34 
4148	53 
4149	12 
4150	47 
4151	61 
4152	42 
4153	19 
4154	56 
4155	51 
4156	58 
4157	65 
4158	6 
4159	11 
4160	34 
4161	56 
4162	55 
4163	7 
4164	5 
4165	50 
4166	20 
4167	44 
4168	11 
4169	63 
4170	37 
4171	8 
4172	63 
4173	32 
4174	63 
4175	21 
4176	28 
4177	18 
4178	66 
4179	10 
4180	56 
4181	29 
4182	63 
4183	5 
4184	3 
4185	27 
4186	64 
4187	41 
4188	16 
4189	14 
4190	13 
4191	11 
4192	41 
4193	36 
4194	11 
4195	22 
4196	62 
4197	49 
4198	33 
4199	65 
4200	32 
4201	33 
4202	53 
4203	11 
4204	32 
4205	23 
4206	2 
4207	31 
4208	53 
4209	41 
4210	58 
4211	54 
4212	52 
4213	54 
4214	37 
4215	60 
4216	16 
4217	8 
4218	55 
4219	13 
4220	41 
4221	48 
4222	17 
4223	23 
4224	23 
4225	65 
4226	13 
4227	65 
4228	14 
4229	50 
4230	27 
4231	59 
4232	30 
4233	5 
4234	13 
4235	37 
4236	33 
4237	52 
4238	49 
4239	54 
4240	6 
4241	63 
4242	11 
4243	50 
4244	26 
4245	63 
4246	17 
4247	59 
4248	11 
4249	14 
4250	48 
4251	54 
4252	65 
4253	36 
4254	38 
4255	16 
4256	29 
4257	51 
4258	29 
4259	8 
4260	45 
4261	34 
4262	58 
4263	39 
4264	51 
4265	8 
4266	61 
4267	47 
4268	65 
4269	41 
4270	49 
4271	56 
4272	29 
4273	46 
4274	20 
4275	2 
4276	49 
4277	6 
4278	40 
4279	13 
4280	9 
4281	1 
4282	4 
4283	51 
4284	50 
4285	53 
4286	49 
4287	23 
4288	44 
4289	62 
4290	8 
4291	19 
4292	31 
4293	26 
4294	40 
4295	9 
4296	41 
4297	27 
4298	55 
4299	17 
4300	38 
4301	9 
4302	5 
4303	50 
4304	38 
4305	26 
4306	15 
4307	9 
4308	7 
4309	10 
4310	20 
4311	12 
4312	48 
4313	3 
4314	12 
4315	13 
4316	51 
4317	10 
4318	32 
4319	37 
4320	56 
4321	11 
4322	55 
4323	16 
4324	54 
4325	10 
4326	43 
4327	5 
4328	10 
4329	50 
4330	34 
4331	47 
4332	28 
4333	10 
4334	2 
4335	7 
4336	59 
4337	42 
4338	40 
4339	4 
4340	38 
4341	36 
4342	36 
4343	3 
4344	29 
4345	54 
4346	53 
4347	28 
4348	43 
4349	51 
4350	3 
4351	35 
4352	61 
4353	29 
4354	41 
4355	13 
4356	51 
4357	3 
4358	14 
4359	29 
4360	41 
4361	50 
4362	49 
4363	50 
4364	1 
4365	35 
4366	14 
4367	21 
4368	61 
4369	24 
4370	46 
4371	8 
4372	36 
4373	13 
4374	30 
4375	32 
4376	56 
4377	13 
4378	43 
4379	11 
4380	1 
4381	19 
4382	39 
4383	8 
4384	44 
4385	19 
4386	60 
4387	29 
4388	36 
4389	31 
4390	33 
4391	16 
4392	33 
4393	9 
4394	41 
4395	46 
4396	23 
4397	36 
4398	19 
4399	42 
4400	64 
4401	6 
4402	5 
4403	26 
4404	37 
4405	12 
4406	8 
4407	64 
4408	33 
4409	65 
4410	6 
4411	9 
4412	29 
4413	1 
4414	54 
4415	52 
4416	44 
4417	2 
4418	21 
4419	20 
4420	31 
4421	64 
4422	42 
4423	12 
4424	14 
4425	42 
4426	28 
4427	36 
4428	51 
4429	26 
4430	9 
4431	26 
4432	51 
4433	28 
4434	8 
4435	33 
4436	43 
4437	59 
4438	20 
4439	38 
4440	14 
4441	38 
4442	4 
4443	29 
4444	34 
4445	22 
4446	5 
4447	31 
4448	43 
4449	36 
4450	29 
4451	47 
4452	6 
4453	50 
4454	1 
4455	5 
4456	37 
4457	50 
4458	32 
4459	3 
4460	2 
4461	50 
4462	13 
4463	42 
4464	61 
4465	21 
4466	16 
4467	23 
4468	31 
4469	14 
4470	37 
4471	61 
4472	59 
4473	50 
4474	58 
4475	66 
4476	9 
4477	45 
4478	37 
4479	64 
4480	35 
4481	7 
4482	56 
4483	30 
4484	14 
4485	30 
4486	34 
4487	66 
4488	54 
4489	40 
4490	58 
4491	20 
4492	12 
4493	2 
4494	61 
4495	31 
4496	46 
4497	49 
4498	26 
4499	49 
4500	53 
4501	61 
4502	58 
4503	47 
4504	13 
4505	3 
4506	6 
4507	22 
4508	27 
4509	38 
4510	14 
4511	18 
4512	47 
4513	46 
4514	13 
4515	39 
4516	16 
4517	10 
4518	64 
4519	18 
4520	29 
4521	50 
4522	12 
4523	64 
4524	28 
4525	16 
4526	60 
4527	12 
4528	25 
4529	45 
4530	20 
4531	57 
4532	9 
4533	55 
4534	58 
4535	57 
4536	40 
4537	28 
4538	32 
4539	60 
4540	14 
4541	61 
4542	20 
4543	54 
4544	61 
4545	63 
4546	29 
4547	4 
4548	40 
4549	47 
4550	57 
4551	29 
4552	5 
4553	15 
4554	7 
4555	23 
4556	51 
4557	37 
4558	32 
4559	12 
4560	4 
4561	12 
4562	33 
4563	42 
4564	49 
4565	32 
4566	22 
4567	25 
4568	2 
4569	55 
4570	21 
4571	34 
4572	14 
4573	24 
4574	42 
4575	36 
4576	18 
4577	26 
4578	14 
4579	60 
4580	16 
4581	53 
4582	58 
4583	34 
4584	55 
4585	46 
4586	1 
4587	1 
4588	3 
4589	37 
4590	43 
4591	9 
4592	50 
4593	15 
4594	38 
4595	64 
4596	65 
4597	16 
4598	65 
4599	62 
4600	12 
4601	15 
4602	35 
4603	61 
4604	48 
4605	19 
4606	1 
4607	17 
4608	36 
4609	15 
4610	55 
4611	46 
4612	44 
4613	44 
4614	30 
4615	17 
4616	66 
4617	50 
4618	30 
4619	19 
4620	49 
4621	10 
4622	39 
4623	18 
4624	54 
4625	29 
4626	34 
4627	5 
4628	5 
4629	19 
4630	54 
4631	46 
4632	8 
4633	41 
4634	20 
4635	49 
4636	55 
4637	14 
4638	24 
4639	26 
4640	6 
4641	40 
4642	14 
4643	36 
4644	37 
4645	8 
4646	9 
4647	8 
4648	37 
4649	50 
4650	22 
4651	24 
4652	33 
4653	66 
4654	40 
4655	55 
4656	29 
4657	58 
4658	37 
4659	58 
4660	4 
4661	13 
4662	34 
4663	66 
4664	7 
4665	40 
4666	5 
4667	41 
4668	35 
4669	41 
4670	48 
4671	51 
4672	28 
4673	28 
4674	30 
4675	33 
4676	17 
4677	61 
4678	28 
4679	46 
4680	21 
4681	11 
4682	55 
4683	1 
4684	39 
4685	19 
4686	40 
4687	63 
4688	16 
4689	24 
4690	42 
4691	1 
4692	9 
4693	23 
4694	26 
4695	63 
4696	33 
4697	17 
4698	37 
4699	27 
4700	46 
4701	23 
4702	30 
4703	36 
4704	41 
4705	31 
4706	46 
4707	61 
4708	14 
4709	44 
4710	56 
4711	16 
4712	10 
4713	55 
4714	16 
4715	37 
4716	50 
4717	47 
4718	23 
4719	8 
4720	24 
4721	4 
4722	11 
4723	2 
4724	1 
4725	4 
4726	7 
4727	29 
4728	12 
4729	30 
4730	23 
4731	23 
4732	22 
4733	44 
4734	29 
4735	13 
4736	21 
4737	41 
4738	30 
4739	35 
4740	44 
4741	38 
4742	54 
4743	57 
4744	39 
4745	11 
4746	60 
4747	52 
4748	15 
4749	25 
4750	40 
4751	36 
4752	53 
4753	54 
4754	29 
4755	8 
4756	15 
4757	1 
4758	46 
4759	29 
4760	49 
4761	54 
4762	26 
4763	35 
4764	3 
4765	38 
4766	40 
4767	57 
4768	39 
4769	11 
4770	31 
4771	32 
4772	41 
4773	39 
4774	52 
4775	6 
4776	40 
4777	4 
4778	38 
4779	49 
4780	46 
4781	22 
4782	14 
4783	42 
4784	25 
4785	7 
4786	58 
4787	19 
4788	7 
4789	28 
4790	63 
4791	22 
4792	57 
4793	49 
4794	65 
4795	62 
4796	65 
4797	62 
4798	34 
4799	6 
4800	46 
4801	22 
4802	11 
4803	40 
4804	16 
4805	28 
4806	2 
4807	47 
4808	58 
4809	38 
4810	45 
4811	8 
4812	15 
4813	50 
4814	50 
4815	59 
4816	53 
4817	53 
4818	35 
4819	53 
4820	59 
4821	33 
4822	15 
4823	39 
4824	17 
4825	2 
4826	3 
4827	58 
4828	16 
4829	32 
4830	15 
4831	7 
4832	19 
4833	12 
4834	31 
4835	33 
4836	32 
4837	37 
4838	61 
4839	60 
4840	20 
4841	17 
4842	26 
4843	1 
4844	2 
4845	51 
4846	17 
4847	27 
4848	65 
4849	23 
4850	58 
4851	1 
4852	23 
4853	22 
4854	30 
4855	52 
4856	6 
4857	36 
4858	38 
4859	35 
4860	19 
4861	60 
4862	28 
4863	10 
4864	50 
4865	6 
4866	31 
4867	44 
4868	48 
4869	24 
4870	32 
4871	56 
4872	10 
4873	6 
4874	9 
4875	10 
4876	9 
4877	2 
4878	38 
4879	11 
4880	47 
4881	40 
4882	48 
4883	42 
4884	30 
4885	34 
4886	58 
4887	3 
4888	54 
4889	27 
4890	3 
4891	55 
4892	63 
4893	21 
4894	40 
4895	14 
4896	21 
4897	40 
4898	23 
4899	51 
4900	54 
4901	56 
4902	2 
4903	39 
4904	8 
4905	12 
4906	47 
4907	21 
4908	54 
4909	62 
4910	49 
4911	3 
4912	62 
4913	14 
4914	12 
4915	6 
4916	16 
4917	51 
4918	45 
4919	26 
4920	54 
4921	7 
4922	35 
4923	56 
4924	41 
4925	44 
4926	56 
4927	37 
4928	12 
4929	57 
4930	66 
4931	48 
4932	15 
4933	64 
4934	16 
4935	22 
4936	48 
4937	41 
4938	64 
4939	43 
4940	37 
4941	49 
4942	3 
4943	54 
4944	47 
4945	47 
4946	42 
4947	37 
4948	50 
4949	4 
4950	7 
4951	41 
4952	14 
4953	28 
4954	55 
4955	6 
4956	64 
4957	23 
4958	43 
4959	32 
4960	18 
4961	27 
4962	28 
4963	63 
4964	65 
4965	55 
4966	51 
4967	58 
4968	31 
4969	56 
4970	18 
4971	55 
4972	18 
4973	28 
4974	4 
4975	43 
4976	16 
4977	27 
4978	61 
4979	19 
4980	43 
4981	9 
4982	8 
4983	5 
4984	24 
4985	43 
4986	36 
4987	49 
4988	53 
4989	27 
4990	17 
4991	65 
4992	52 
4993	11 
4994	58 
4995	28 
4996	40 
4997	40 
4998	39 
4999	38 
5000	14 
