1	4 
2	83 
3	41 
4	179 
5	75 
6	9 
7	193 
8	153 
9	122 
10	154 
11	80 
12	74 
13	71 
14	123 
15	76 
16	19 
17	36 
18	125 
19	105 
20	42 
21	152 
22	57 
23	51 
24	86 
25	138 
26	60 
27	10 
28	194 
29	53 
30	114 
31	17 
32	27 
33	106 
34	72 
35	99 
36	31 
37	106 
38	76 
39	149 
40	109 
41	175 
42	153 
43	38 
44	192 
45	74 
46	113 
47	43 
48	41 
49	42 
50	8 
51	56 
52	28 
53	35 
54	100 
55	69 
56	186 
57	23 
58	185 
59	64 
60	51 
61	50 
62	29 
63	22 
64	13 
65	72 
66	44 
67	34 
68	5 
69	171 
70	174 
71	146 
72	173 
73	153 
74	10 
75	160 
76	67 
77	21 
78	81 
79	174 
80	84 
81	39 
82	40 
83	26 
84	86 
85	18 
86	71 
87	156 
88	86 
89	136 
90	133 
91	194 
92	170 
93	175 
94	189 
95	86 
96	112 
97	134 
98	3 
99	154 
100	158 
101	190 
102	159 
103	194 
104	78 
105	135 
106	172 
107	18 
108	20 
109	179 
110	60 
111	189 
112	112 
113	130 
114	123 
115	99 
116	195 
117	189 
118	74 
119	127 
120	194 
121	161 
122	163 
123	132 
124	101 
125	121 
126	167 
127	185 
128	35 
129	92 
130	189 
131	16 
132	63 
133	42 
134	157 
135	71 
136	149 
137	60 
138	52 
139	154 
140	175 
141	89 
142	184 
143	11 
144	7 
145	122 
146	78 
147	127 
148	156 
149	175 
150	189 
151	113 
152	93 
153	107 
154	49 
155	128 
156	93 
157	192 
158	10 
159	34 
160	46 
161	39 
162	84 
163	138 
164	39 
165	25 
166	124 
167	77 
168	158 
169	25 
170	137 
171	135 
172	157 
173	189 
174	169 
175	168 
176	100 
177	83 
178	169 
179	4 
180	16 
181	150 
182	46 
183	96 
184	51 
185	168 
186	3 
187	127 
188	88 
189	174 
190	178 
191	97 
192	180 
193	52 
194	173 
195	171 
196	21 
197	195 
198	86 
199	82 
200	40 
201	15 
202	124 
203	46 
204	57 
205	194 
206	172 
207	151 
208	46 
209	149 
210	192 
211	10 
212	110 
213	14 
214	134 
215	111 
216	11 
217	200 
218	184 
219	34 
220	36 
221	83 
222	151 
223	31 
224	189 
225	195 
226	26 
227	167 
228	102 
229	40 
230	191 
231	33 
232	192 
233	108 
234	22 
235	14 
236	171 
237	46 
238	59 
239	127 
240	129 
241	146 
242	175 
243	160 
244	157 
245	20 
246	179 
247	59 
248	36 
249	119 
250	134 
251	105 
252	87 
253	69 
254	154 
255	134 
256	191 
257	20 
258	115 
259	126 
260	86 
261	77 
262	162 
263	151 
264	156 
265	133 
266	154 
267	16 
268	124 
269	96 
270	132 
271	24 
272	185 
273	29 
274	18 
275	151 
276	85 
277	100 
278	56 
279	138 
280	18 
281	195 
282	32 
283	178 
284	195 
285	39 
286	13 
287	71 
288	62 
289	128 
290	174 
291	187 
292	161 
293	175 
294	200 
295	188 
296	119 
297	87 
298	82 
299	159 
300	144 
301	51 
302	68 
303	35 
304	108 
305	153 
306	135 
307	150 
308	59 
309	196 
310	47 
311	138 
312	90 
313	109 
314	83 
315	149 
316	4 
317	121 
318	127 
319	167 
320	108 
321	18 
322	107 
323	42 
324	134 
325	145 
326	36 
327	185 
328	110 
329	127 
330	94 
331	127 
332	7 
333	89 
334	122 
335	144 
336	175 
337	29 
338	35 
339	159 
340	58 
341	184 
342	156 
343	63 
344	165 
345	32 
346	33 
347	127 
348	87 
349	40 
350	13 
351	91 
352	18 
353	93 
354	172 
355	95 
356	171 
357	62 
358	127 
359	101 
360	39 
361	89 
362	107 
363	26 
364	75 
365	73 
366	136 
367	3 
368	187 
369	112 
370	11 
371	31 
372	77 
373	168 
374	128 
375	81 
376	93 
377	93 
378	167 
379	195 
380	151 
381	98 
382	118 
383	68 
384	88 
385	61 
386	83 
387	82 
388	197 
389	93 
390	129 
391	58 
392	88 
393	117 
394	3 
395	57 
396	152 
397	196 
398	149 
399	40 
400	24 
401	136 
402	28 
403	183 
404	137 
405	56 
406	140 
407	157 
408	46 
409	193 
410	134 
411	65 
412	39 
413	83 
414	117 
415	131 
416	124 
417	19 
418	27 
419	23 
420	144 
421	108 
422	91 
423	118 
424	115 
425	60 
426	195 
427	124 
428	90 
429	181 
430	75 
431	167 
432	16 
433	74 
434	40 
435	83 
436	146 
437	56 
438	17 
439	29 
440	87 
441	67 
442	127 
443	106 
444	69 
445	66 
446	108 
447	140 
448	185 
449	132 
450	70 
451	153 
452	62 
453	88 
454	6 
455	161 
456	91 
457	150 
458	194 
459	175 
460	123 
461	15 
462	113 
463	119 
464	6 
465	89 
466	10 
467	28 
468	194 
469	130 
470	95 
471	42 
472	137 
473	95 
474	51 
475	60 
476	198 
477	142 
478	27 
479	127 
480	31 
481	92 
482	97 
483	101 
484	120 
485	200 
486	53 
487	138 
488	188 
489	106 
490	42 
491	95 
492	162 
493	181 
494	76 
495	43 
496	196 
497	44 
498	1 
499	181 
500	29 
501	106 
502	116 
503	71 
504	30 
505	130 
506	137 
507	135 
508	168 
509	101 
510	153 
511	83 
512	26 
513	20 
514	154 
515	99 
516	130 
517	111 
518	88 
519	156 
520	109 
521	55 
522	49 
523	61 
524	103 
525	164 
526	145 
527	143 
528	86 
529	161 
530	108 
531	60 
532	13 
533	129 
534	60 
535	11 
536	20 
537	156 
538	54 
539	51 
540	154 
541	42 
542	18 
543	62 
544	10 
545	97 
546	99 
547	104 
548	7 
549	87 
550	194 
551	181 
552	46 
553	101 
554	13 
555	80 
556	28 
557	97 
558	109 
559	64 
560	122 
561	185 
562	26 
563	185 
564	178 
565	184 
566	185 
567	109 
568	79 
569	134 
570	22 
571	157 
572	73 
573	138 
574	138 
575	102 
576	145 
577	22 
578	88 
579	175 
580	112 
581	33 
582	82 
583	176 
584	82 
585	166 
586	173 
587	54 
588	43 
589	26 
590	7 
591	162 
592	48 
593	28 
594	194 
595	111 
596	195 
597	111 
598	186 
599	102 
600	166 
601	193 
602	118 
603	95 
604	73 
605	20 
606	10 
607	190 
608	32 
609	176 
610	67 
611	60 
612	173 
613	62 
614	16 
615	70 
616	98 
617	63 
618	154 
619	182 
620	61 
621	115 
622	37 
623	14 
624	95 
625	30 
626	105 
627	49 
628	145 
629	167 
630	176 
631	120 
632	117 
633	103 
634	37 
635	56 
636	86 
637	188 
638	184 
639	127 
640	134 
641	136 
642	135 
643	18 
644	74 
645	54 
646	63 
647	107 
648	6 
649	103 
650	102 
651	124 
652	137 
653	35 
654	94 
655	3 
656	56 
657	120 
658	138 
659	39 
660	101 
661	122 
662	46 
663	179 
664	35 
665	121 
666	84 
667	183 
668	47 
669	184 
670	154 
671	114 
672	176 
673	96 
674	57 
675	98 
676	98 
677	151 
678	45 
679	60 
680	118 
681	154 
682	59 
683	9 
684	25 
685	144 
686	106 
687	58 
688	160 
689	131 
690	199 
691	169 
692	175 
693	56 
694	110 
695	105 
696	139 
697	28 
698	121 
699	127 
700	22 
701	3 
702	42 
703	160 
704	119 
705	124 
706	66 
707	103 
708	21 
709	132 
710	101 
711	135 
712	185 
713	68 
714	53 
715	192 
716	81 
717	78 
718	188 
719	88 
720	80 
721	10 
722	192 
723	82 
724	47 
725	46 
726	15 
727	182 
728	79 
729	44 
730	132 
731	172 
732	75 
733	18 
734	175 
735	194 
736	71 
737	95 
738	13 
739	82 
740	77 
741	52 
742	127 
743	88 
744	160 
745	98 
746	85 
747	94 
748	19 
749	121 
750	82 
751	150 
752	94 
753	32 
754	163 
755	141 
756	25 
757	198 
758	169 
759	25 
760	150 
761	26 
762	93 
763	172 
764	43 
765	109 
766	93 
767	123 
768	136 
769	176 
770	129 
771	86 
772	100 
773	178 
774	199 
775	140 
776	48 
777	62 
778	109 
779	194 
780	176 
781	35 
782	80 
783	191 
784	13 
785	104 
786	71 
787	154 
788	11 
789	56 
790	79 
791	12 
792	136 
793	145 
794	4 
795	152 
796	173 
797	96 
798	130 
799	189 
800	30 
801	120 
802	189 
803	123 
804	155 
805	11 
806	197 
807	57 
808	93 
809	177 
810	40 
811	105 
812	99 
813	110 
814	196 
815	178 
816	195 
817	73 
818	53 
819	83 
820	126 
821	58 
822	97 
823	128 
824	19 
825	65 
826	121 
827	36 
828	67 
829	159 
830	42 
831	41 
832	129 
833	46 
834	23 
835	123 
836	65 
837	185 
838	17 
839	9 
840	18 
841	122 
842	81 
843	61 
844	120 
845	163 
846	7 
847	8 
848	154 
849	83 
850	188 
851	60 
852	148 
853	131 
854	151 
855	163 
856	107 
857	91 
858	67 
859	99 
860	40 
861	36 
862	54 
863	110 
864	66 
865	132 
866	160 
867	185 
868	188 
869	130 
870	106 
871	58 
872	27 
873	17 
874	151 
875	54 
876	28 
877	85 
878	118 
879	95 
880	56 
881	185 
882	156 
883	47 
884	64 
885	4 
886	69 
887	174 
888	109 
889	155 
890	9 
891	194 
892	23 
893	67 
894	36 
895	20 
896	172 
897	178 
898	177 
899	17 
900	83 
901	67 
902	108 
903	76 
904	91 
905	110 
906	179 
907	109 
908	33 
909	109 
910	101 
911	113 
912	113 
913	27 
914	46 
915	131 
916	63 
917	101 
918	166 
919	61 
920	173 
921	34 
922	28 
923	164 
924	73 
925	57 
926	190 
927	185 
928	66 
929	24 
930	163 
931	59 
932	128 
933	82 
934	8 
935	40 
936	188 
937	92 
938	147 
939	177 
940	92 
941	169 
942	195 
943	72 
944	191 
945	72 
946	159 
947	37 
948	109 
949	27 
950	50 
951	196 
952	35 
953	88 
954	140 
955	41 
956	52 
957	93 
958	1 
959	74 
960	123 
961	56 
962	145 
963	160 
964	196 
965	76 
966	25 
967	82 
968	13 
969	27 
970	156 
971	122 
972	125 
973	155 
974	64 
975	59 
976	135 
977	107 
978	92 
979	60 
980	90 
981	68 
982	119 
983	60 
984	67 
985	39 
986	96 
987	82 
988	105 
989	25 
990	40 
991	184 
992	31 
993	127 
994	154 
995	143 
996	104 
997	156 
998	3 
999	74 
1000	40 
1001	27 
1002	119 
1003	104 
1004	179 
1005	177 
1006	122 
1007	91 
1008	102 
1009	78 
1010	162 
1011	174 
1012	166 
1013	174 
1014	153 
1015	19 
1016	42 
1017	109 
1018	67 
1019	97 
1020	107 
1021	191 
1022	174 
1023	11 
1024	134 
1025	54 
1026	138 
1027	189 
1028	47 
1029	73 
1030	48 
1031	42 
1032	18 
1033	1 
1034	67 
1035	119 
1036	97 
1037	78 
1038	200 
1039	167 
1040	123 
1041	97 
1042	49 
1043	56 
1044	147 
1045	10 
1046	72 
1047	191 
1048	67 
1049	52 
1050	50 
1051	65 
1052	151 
1053	165 
1054	154 
1055	32 
1056	150 
1057	10 
1058	74 
1059	53 
1060	155 
1061	154 
1062	169 
1063	69 
1064	12 
1065	106 
1066	157 
1067	37 
1068	113 
1069	2 
1070	189 
1071	188 
1072	18 
1073	160 
1074	132 
1075	131 
1076	129 
1077	41 
1078	194 
1079	71 
1080	84 
1081	142 
1082	149 
1083	138 
1084	66 
1085	178 
1086	171 
1087	111 
1088	159 
1089	185 
1090	117 
1091	146 
1092	184 
1093	194 
1094	96 
1095	25 
1096	43 
1097	125 
1098	44 
1099	196 
1100	125 
1101	65 
1102	62 
1103	158 
1104	127 
1105	169 
1106	182 
1107	93 
1108	62 
1109	40 
1110	26 
1111	156 
1112	173 
1113	69 
1114	52 
1115	93 
1116	199 
1117	133 
1118	77 
1119	86 
1120	113 
1121	29 
1122	89 
1123	177 
1124	37 
1125	87 
1126	2 
1127	110 
1128	7 
1129	36 
1130	105 
1131	141 
1132	74 
1133	65 
1134	31 
1135	46 
1136	109 
1137	112 
1138	103 
1139	195 
1140	122 
1141	36 
1142	150 
1143	145 
1144	71 
1145	167 
1146	93 
1147	74 
1148	54 
1149	82 
1150	46 
1151	47 
1152	112 
1153	55 
1154	113 
1155	122 
1156	181 
1157	139 
1158	1 
1159	32 
1160	121 
1161	37 
1162	122 
1163	175 
1164	40 
1165	49 
1166	45 
1167	129 
1168	169 
1169	66 
1170	88 
1171	113 
1172	129 
1173	42 
1174	142 
1175	136 
1176	91 
1177	175 
1178	44 
1179	173 
1180	143 
1181	36 
1182	80 
1183	61 
1184	187 
1185	49 
1186	13 
1187	84 
1188	170 
1189	15 
1190	52 
1191	41 
1192	3 
1193	175 
1194	39 
1195	185 
1196	70 
1197	198 
1198	48 
1199	165 
1200	36 
1201	80 
1202	194 
1203	13 
1204	127 
1205	83 
1206	112 
1207	27 
1208	92 
1209	57 
1210	184 
1211	128 
1212	48 
1213	101 
1214	92 
1215	153 
1216	188 
1217	166 
1218	25 
1219	160 
1220	1 
1221	52 
1222	51 
1223	56 
1224	13 
1225	169 
1226	139 
1227	130 
1228	102 
1229	62 
1230	91 
1231	140 
1232	97 
1233	200 
1234	76 
1235	90 
1236	8 
1237	194 
1238	24 
1239	51 
1240	134 
1241	73 
1242	58 
1243	184 
1244	135 
1245	26 
1246	182 
1247	6 
1248	134 
1249	162 
1250	112 
1251	128 
1252	42 
1253	66 
1254	122 
1255	173 
1256	13 
1257	165 
1258	43 
1259	29 
1260	34 
1261	95 
1262	142 
1263	26 
1264	116 
1265	113 
1266	149 
1267	16 
1268	91 
1269	188 
1270	194 
1271	132 
1272	13 
1273	51 
1274	88 
1275	188 
1276	145 
1277	98 
1278	68 
1279	71 
1280	82 
1281	154 
1282	162 
1283	177 
1284	153 
1285	46 
1286	166 
1287	73 
1288	1 
1289	128 
1290	200 
1291	88 
1292	82 
1293	91 
1294	20 
1295	54 
1296	88 
1297	78 
1298	56 
1299	198 
1300	19 
1301	152 
1302	80 
1303	6 
1304	173 
1305	150 
1306	140 
1307	50 
1308	123 
1309	110 
1310	160 
1311	82 
1312	180 
1313	38 
1314	138 
1315	123 
1316	98 
1317	95 
1318	106 
1319	33 
1320	3 
1321	62 
1322	138 
1323	186 
1324	190 
1325	58 
1326	197 
1327	82 
1328	105 
1329	15 
1330	77 
1331	122 
1332	151 
1333	112 
1334	31 
1335	162 
1336	199 
1337	17 
1338	144 
1339	124 
1340	132 
1341	186 
1342	187 
1343	199 
1344	70 
1345	14 
1346	111 
1347	151 
1348	40 
1349	152 
1350	42 
1351	175 
1352	124 
1353	186 
1354	191 
1355	55 
1356	64 
1357	23 
1358	82 
1359	173 
1360	97 
1361	62 
1362	56 
1363	11 
1364	38 
1365	177 
1366	61 
1367	64 
1368	30 
1369	189 
1370	149 
1371	178 
1372	112 
1373	140 
1374	81 
1375	152 
1376	43 
1377	23 
1378	91 
1379	49 
1380	143 
1381	39 
1382	114 
1383	163 
1384	38 
1385	9 
1386	4 
1387	194 
1388	125 
1389	23 
1390	58 
1391	92 
1392	157 
1393	29 
1394	40 
1395	25 
1396	190 
1397	80 
1398	122 
1399	181 
1400	55 
1401	56 
1402	179 
1403	112 
1404	163 
1405	108 
1406	3 
1407	91 
1408	105 
1409	154 
1410	79 
1411	127 
1412	111 
1413	197 
1414	93 
1415	11 
1416	63 
1417	164 
1418	38 
1419	15 
1420	165 
1421	30 
1422	105 
1423	193 
1424	8 
1425	80 
1426	132 
1427	127 
1428	139 
1429	181 
1430	151 
1431	47 
1432	11 
1433	194 
1434	145 
1435	154 
1436	47 
1437	2 
1438	125 
1439	153 
1440	78 
1441	169 
1442	14 
1443	133 
1444	106 
1445	48 
1446	1 
1447	179 
1448	98 
1449	95 
1450	165 
1451	191 
1452	76 
1453	113 
1454	176 
1455	22 
1456	127 
1457	159 
1458	38 
1459	34 
1460	154 
1461	92 
1462	150 
1463	94 
1464	98 
1465	170 
1466	173 
1467	190 
1468	80 
1469	91 
1470	79 
1471	146 
1472	112 
1473	169 
1474	189 
1475	75 
1476	193 
1477	143 
1478	167 
1479	34 
1480	39 
1481	149 
1482	149 
1483	96 
1484	107 
1485	177 
1486	63 
1487	197 
1488	82 
1489	103 
1490	169 
1491	73 
1492	180 
1493	76 
1494	106 
1495	98 
1496	10 
1497	134 
1498	160 
1499	190 
1500	155 
1501	42 
1502	32 
1503	174 
1504	140 
1505	26 
1506	21 
1507	7 
1508	10 
1509	23 
1510	144 
1511	142 
1512	90 
1513	176 
1514	13 
1515	90 
1516	53 
1517	150 
1518	25 
1519	23 
1520	125 
1521	49 
1522	162 
1523	27 
1524	135 
1525	34 
1526	52 
1527	44 
1528	28 
1529	123 
1530	194 
1531	164 
1532	145 
1533	26 
1534	111 
1535	10 
1536	187 
1537	132 
1538	148 
1539	175 
1540	27 
1541	152 
1542	116 
1543	90 
1544	66 
1545	74 
1546	50 
1547	195 
1548	63 
1549	118 
1550	26 
1551	183 
1552	160 
1553	74 
1554	34 
1555	142 
1556	173 
1557	32 
1558	175 
1559	15 
1560	41 
1561	194 
1562	106 
1563	8 
1564	107 
1565	126 
1566	134 
1567	5 
1568	108 
1569	108 
1570	56 
1571	53 
1572	126 
1573	141 
1574	51 
1575	73 
1576	200 
1577	7 
1578	81 
1579	156 
1580	184 
1581	157 
1582	196 
1583	177 
1584	55 
1585	3 
1586	181 
1587	149 
1588	139 
1589	95 
1590	96 
1591	156 
1592	20 
1593	91 
1594	19 
1595	50 
1596	144 
1597	180 
1598	30 
1599	96 
1600	184 
1601	55 
1602	133 
1603	122 
1604	104 
1605	58 
1606	121 
1607	148 
1608	118 
1609	180 
1610	110 
1611	2 
1612	93 
1613	16 
1614	13 
1615	127 
1616	131 
1617	4 
1618	35 
1619	21 
1620	41 
1621	110 
1622	101 
1623	36 
1624	36 
1625	167 
1626	30 
1627	38 
1628	26 
1629	18 
1630	23 
1631	140 
1632	127 
1633	69 
1634	175 
1635	90 
1636	130 
1637	23 
1638	48 
1639	32 
1640	140 
1641	196 
1642	136 
1643	190 
1644	114 
1645	162 
1646	3 
1647	79 
1648	110 
1649	185 
1650	112 
1651	131 
1652	130 
1653	60 
1654	176 
1655	91 
1656	17 
1657	25 
1658	172 
1659	103 
1660	15 
1661	156 
1662	112 
1663	129 
1664	159 
1665	83 
1666	188 
1667	188 
1668	170 
1669	192 
1670	175 
1671	27 
1672	151 
1673	93 
1674	152 
1675	198 
1676	10 
1677	124 
1678	42 
1679	65 
1680	155 
1681	60 
1682	108 
1683	109 
1684	181 
1685	40 
1686	41 
1687	192 
1688	42 
1689	1 
1690	35 
1691	33 
1692	171 
1693	181 
1694	13 
1695	182 
1696	42 
1697	81 
1698	130 
1699	143 
1700	129 
1701	18 
1702	59 
1703	126 
1704	37 
1705	163 
1706	22 
1707	32 
1708	45 
1709	46 
1710	156 
1711	75 
1712	121 
1713	137 
1714	185 
1715	76 
1716	41 
1717	86 
1718	128 
1719	155 
1720	15 
1721	148 
1722	147 
1723	101 
1724	153 
1725	159 
1726	182 
1727	20 
1728	26 
1729	119 
1730	49 
1731	103 
1732	123 
1733	187 
1734	5 
1735	186 
1736	132 
1737	121 
1738	173 
1739	48 
1740	162 
1741	79 
1742	171 
1743	110 
1744	155 
1745	34 
1746	8 
1747	162 
1748	83 
1749	132 
1750	177 
1751	139 
1752	162 
1753	192 
1754	14 
1755	97 
1756	184 
1757	92 
1758	82 
1759	21 
1760	2 
1761	33 
1762	151 
1763	68 
1764	35 
1765	56 
1766	119 
1767	37 
1768	194 
1769	60 
1770	48 
1771	162 
1772	148 
1773	27 
1774	188 
1775	200 
1776	88 
1777	136 
1778	180 
1779	32 
1780	156 
1781	29 
1782	73 
1783	37 
1784	75 
1785	134 
1786	186 
1787	74 
1788	59 
1789	173 
1790	48 
1791	64 
1792	182 
1793	162 
1794	26 
1795	87 
1796	80 
1797	107 
1798	76 
1799	55 
1800	91 
1801	190 
1802	105 
1803	43 
1804	185 
1805	111 
1806	163 
1807	144 
1808	127 
1809	188 
1810	181 
1811	199 
1812	123 
1813	26 
1814	199 
1815	45 
1816	17 
1817	136 
1818	4 
1819	25 
1820	120 
1821	74 
1822	34 
1823	185 
1824	119 
1825	105 
1826	88 
1827	151 
1828	2 
1829	3 
1830	106 
1831	75 
1832	28 
1833	56 
1834	34 
1835	125 
1836	156 
1837	82 
1838	23 
1839	178 
1840	85 
1841	150 
1842	124 
1843	138 
1844	41 
1845	132 
1846	40 
1847	145 
1848	154 
1849	133 
1850	197 
1851	41 
1852	83 
1853	161 
1854	7 
1855	23 
1856	127 
1857	15 
1858	191 
1859	175 
1860	197 
1861	5 
1862	153 
1863	10 
1864	50 
1865	15 
1866	46 
1867	180 
1868	35 
1869	24 
1870	43 
1871	122 
1872	127 
1873	104 
1874	195 
1875	178 
1876	159 
1877	19 
1878	115 
1879	48 
1880	166 
1881	138 
1882	149 
1883	51 
1884	18 
1885	175 
1886	121 
1887	191 
1888	85 
1889	151 
1890	26 
1891	34 
1892	104 
1893	69 
1894	11 
1895	92 
1896	131 
1897	196 
1898	10 
1899	57 
1900	85 
1901	41 
1902	42 
1903	56 
1904	88 
1905	161 
1906	169 
1907	177 
1908	101 
1909	50 
1910	3 
1911	64 
1912	63 
1913	156 
1914	105 
1915	178 
1916	122 
1917	125 
1918	116 
1919	25 
1920	175 
1921	197 
1922	89 
1923	68 
1924	101 
1925	151 
1926	14 
1927	113 
1928	119 
1929	60 
1930	124 
1931	79 
1932	119 
1933	17 
1934	44 
1935	186 
1936	39 
1937	166 
1938	93 
1939	127 
1940	124 
1941	170 
1942	97 
1943	27 
1944	86 
1945	23 
1946	198 
1947	189 
1948	122 
1949	86 
1950	77 
1951	4 
1952	110 
1953	29 
1954	35 
1955	172 
1956	135 
1957	184 
1958	7 
1959	127 
1960	185 
1961	174 
1962	69 
1963	86 
1964	138 
1965	185 
1966	178 
1967	3 
1968	52 
1969	142 
1970	42 
1971	42 
1972	155 
1973	16 
1974	177 
1975	172 
1976	1 
1977	176 
1978	81 
1979	117 
1980	114 
1981	140 
1982	120 
1983	172 
1984	41 
1985	105 
1986	55 
1987	134 
1988	191 
1989	98 
1990	62 
1991	150 
1992	92 
1993	120 
1994	72 
1995	147 
1996	178 
1997	82 
1998	185 
1999	23 
2000	77 
2001	92 
2002	100 
2003	185 
2004	46 
2005	60 
2006	86 
2007	99 
2008	152 
2009	60 
2010	168 
2011	81 
2012	99 
2013	139 
2014	159 
2015	50 
2016	50 
2017	99 
2018	145 
2019	105 
2020	83 
2021	62 
2022	185 
2023	179 
2024	36 
2025	92 
2026	177 
2027	162 
2028	114 
2029	92 
2030	115 
2031	137 
2032	86 
2033	31 
2034	25 
2035	114 
2036	149 
2037	187 
2038	170 
2039	196 
2040	67 
2041	168 
2042	148 
2043	101 
2044	180 
2045	96 
2046	12 
2047	163 
2048	83 
2049	113 
2050	171 
2051	163 
2052	125 
2053	136 
2054	61 
2055	15 
2056	164 
2057	42 
2058	132 
2059	118 
2060	73 
2061	136 
2062	172 
2063	182 
2064	141 
2065	132 
2066	187 
2067	21 
2068	99 
2069	15 
2070	200 
2071	86 
2072	168 
2073	120 
2074	187 
2075	7 
2076	96 
2077	91 
2078	45 
2079	189 
2080	65 
2081	154 
2082	127 
2083	193 
2084	20 
2085	64 
2086	102 
2087	21 
2088	140 
2089	67 
2090	190 
2091	177 
2092	101 
2093	179 
2094	165 
2095	155 
2096	65 
2097	78 
2098	168 
2099	87 
2100	163 
2101	11 
2102	106 
2103	119 
2104	19 
2105	58 
2106	129 
2107	56 
2108	84 
2109	55 
2110	119 
2111	158 
2112	35 
2113	54 
2114	150 
2115	142 
2116	11 
2117	86 
2118	81 
2119	178 
2120	4 
2121	153 
2122	37 
2123	72 
2124	123 
2125	62 
2126	96 
2127	56 
2128	82 
2129	63 
2130	53 
2131	2 
2132	100 
2133	73 
2134	127 
2135	69 
2136	169 
2137	67 
2138	101 
2139	162 
2140	25 
2141	55 
2142	148 
2143	52 
2144	34 
2145	104 
2146	93 
2147	191 
2148	106 
2149	162 
2150	149 
2151	43 
2152	96 
2153	98 
2154	61 
2155	194 
2156	198 
2157	196 
2158	189 
2159	97 
2160	173 
2161	115 
2162	62 
2163	40 
2164	126 
2165	170 
2166	45 
2167	32 
2168	23 
2169	55 
2170	40 
2171	6 
2172	153 
2173	105 
2174	6 
2175	129 
2176	99 
2177	27 
2178	47 
2179	127 
2180	134 
2181	16 
2182	67 
2183	138 
2184	11 
2185	61 
2186	64 
2187	10 
2188	63 
2189	87 
2190	171 
2191	94 
2192	117 
2193	49 
2194	194 
2195	133 
2196	154 
2197	35 
2198	145 
2199	77 
2200	193 
2201	193 
2202	33 
2203	180 
2204	166 
2205	184 
2206	35 
2207	12 
2208	170 
2209	15 
2210	134 
2211	92 
2212	123 
2213	156 
2214	42 
2215	185 
2216	172 
2217	14 
2218	57 
2219	123 
2220	12 
2221	169 
2222	115 
2223	117 
2224	88 
2225	131 
2226	15 
2227	133 
2228	25 
2229	96 
2230	25 
2231	24 
2232	75 
2233	174 
2234	63 
2235	139 
2236	71 
2237	95 
2238	11 
2239	3 
2240	51 
2241	139 
2242	194 
2243	101 
2244	197 
2245	96 
2246	97 
2247	12 
2248	93 
2249	177 
2250	67 
2251	192 
2252	81 
2253	57 
2254	35 
2255	183 
2256	135 
2257	196 
2258	17 
2259	160 
2260	78 
2261	106 
2262	45 
2263	136 
2264	35 
2265	189 
2266	66 
2267	141 
2268	25 
2269	177 
2270	35 
2271	149 
2272	6 
2273	125 
2274	129 
2275	130 
2276	117 
2277	98 
2278	109 
2279	13 
2280	85 
2281	83 
2282	149 
2283	124 
2284	108 
2285	18 
2286	162 
2287	39 
2288	85 
2289	51 
2290	166 
2291	41 
2292	57 
2293	108 
2294	23 
2295	20 
2296	84 
2297	105 
2298	26 
2299	187 
2300	125 
2301	112 
2302	85 
2303	146 
2304	148 
2305	101 
2306	114 
2307	149 
2308	15 
2309	177 
2310	184 
2311	186 
2312	141 
2313	160 
2314	127 
2315	183 
2316	72 
2317	177 
2318	35 
2319	95 
2320	59 
2321	174 
2322	84 
2323	120 
2324	155 
2325	13 
2326	154 
2327	193 
2328	55 
2329	55 
2330	80 
2331	127 
2332	21 
2333	5 
2334	23 
2335	161 
2336	44 
2337	186 
2338	21 
2339	82 
2340	20 
2341	119 
2342	156 
2343	33 
2344	101 
2345	194 
2346	88 
2347	43 
2348	92 
2349	167 
2350	95 
2351	196 
2352	72 
2353	100 
2354	146 
2355	96 
2356	118 
2357	194 
2358	35 
2359	104 
2360	194 
2361	188 
2362	95 
2363	92 
2364	172 
2365	42 
2366	128 
2367	173 
2368	111 
2369	98 
2370	47 
2371	175 
2372	40 
2373	190 
2374	94 
2375	86 
2376	126 
2377	55 
2378	69 
2379	147 
2380	78 
2381	20 
2382	23 
2383	182 
2384	84 
2385	143 
2386	160 
2387	144 
2388	196 
2389	56 
2390	177 
2391	21 
2392	21 
2393	175 
2394	8 
2395	56 
2396	101 
2397	51 
2398	67 
2399	136 
2400	8 
2401	177 
2402	24 
2403	40 
2404	109 
2405	74 
2406	20 
2407	39 
2408	55 
2409	193 
2410	102 
2411	95 
2412	54 
2413	15 
2414	101 
2415	128 
2416	66 
2417	34 
2418	149 
2419	5 
2420	176 
2421	162 
2422	132 
2423	174 
2424	52 
2425	147 
2426	92 
2427	183 
2428	167 
2429	56 
2430	164 
2431	182 
2432	78 
2433	165 
2434	39 
2435	103 
2436	16 
2437	196 
2438	158 
2439	147 
2440	145 
2441	44 
2442	167 
2443	54 
2444	139 
2445	150 
2446	7 
2447	82 
2448	90 
2449	44 
2450	109 
2451	188 
2452	109 
2453	128 
2454	39 
2455	95 
2456	21 
2457	28 
2458	178 
2459	71 
2460	39 
2461	191 
2462	171 
2463	151 
2464	147 
2465	83 
2466	196 
2467	7 
2468	180 
2469	141 
2470	108 
2471	126 
2472	2 
2473	80 
2474	17 
2475	186 
2476	183 
2477	43 
2478	119 
2479	132 
2480	148 
2481	170 
2482	185 
2483	65 
2484	149 
2485	74 
2486	54 
2487	115 
2488	67 
2489	57 
2490	166 
2491	170 
2492	105 
2493	11 
2494	143 
2495	151 
2496	108 
2497	25 
2498	98 
2499	156 
2500	80 
2501	112 
2502	146 
2503	42 
2504	92 
2505	53 
2506	199 
2507	194 
2508	153 
2509	23 
2510	19 
2511	134 
2512	135 
2513	126 
2514	118 
2515	167 
2516	27 
2517	163 
2518	61 
2519	136 
2520	88 
2521	21 
2522	5 
2523	70 
2524	63 
2525	163 
2526	55 
2527	136 
2528	196 
2529	99 
2530	82 
2531	139 
2532	187 
2533	76 
2534	153 
2535	71 
2536	193 
2537	195 
2538	105 
2539	158 
2540	137 
2541	33 
2542	75 
2543	123 
2544	50 
2545	61 
2546	51 
2547	13 
2548	167 
2549	71 
2550	16 
2551	120 
2552	188 
2553	102 
2554	70 
2555	7 
2556	132 
2557	138 
2558	173 
2559	162 
2560	98 
2561	80 
2562	101 
2563	89 
2564	94 
2565	146 
2566	25 
2567	163 
2568	24 
2569	14 
2570	76 
2571	71 
2572	144 
2573	97 
2574	52 
2575	157 
2576	67 
2577	37 
2578	176 
2579	124 
2580	79 
2581	99 
2582	133 
2583	142 
2584	138 
2585	147 
2586	162 
2587	129 
2588	141 
2589	158 
2590	16 
2591	88 
2592	187 
2593	195 
2594	47 
2595	71 
2596	129 
2597	125 
2598	101 
2599	30 
2600	5 
2601	73 
2602	127 
2603	128 
2604	193 
2605	42 
2606	80 
2607	82 
2608	130 
2609	71 
2610	2 
2611	48 
2612	68 
2613	92 
2614	169 
2615	74 
2616	28 
2617	44 
2618	187 
2619	198 
2620	69 
2621	80 
2622	42 
2623	188 
2624	111 
2625	66 
2626	24 
2627	43 
2628	153 
2629	93 
2630	13 
2631	178 
2632	157 
2633	162 
2634	10 
2635	93 
2636	10 
2637	140 
2638	149 
2639	43 
2640	87 
2641	106 
2642	53 
2643	84 
2644	149 
2645	88 
2646	174 
2647	108 
2648	129 
2649	97 
2650	69 
2651	152 
2652	191 
2653	140 
2654	167 
2655	189 
2656	86 
2657	30 
2658	184 
2659	5 
2660	146 
2661	191 
2662	13 
2663	60 
2664	84 
2665	2 
2666	174 
2667	82 
2668	161 
2669	190 
2670	127 
2671	28 
2672	176 
2673	89 
2674	9 
2675	110 
2676	185 
2677	40 
2678	109 
2679	36 
2680	191 
2681	36 
2682	50 
2683	132 
2684	38 
2685	92 
2686	5 
2687	93 
2688	1 
2689	167 
2690	56 
2691	140 
2692	55 
2693	85 
2694	83 
2695	196 
2696	188 
2697	186 
2698	124 
2699	42 
2700	11 
2701	2 
2702	118 
2703	93 
2704	175 
2705	80 
2706	109 
2707	116 
2708	185 
2709	31 
2710	177 
2711	94 
2712	57 
2713	198 
2714	200 
2715	53 
2716	7 
2717	51 
2718	83 
2719	63 
2720	39 
2721	101 
2722	28 
2723	89 
2724	62 
2725	8 
2726	95 
2727	174 
2728	11 
2729	17 
2730	79 
2731	82 
2732	46 
2733	191 
2734	200 
2735	177 
2736	108 
2737	80 
2738	80 
2739	122 
2740	95 
2741	101 
2742	141 
2743	25 
2744	97 
2745	77 
2746	148 
2747	57 
2748	190 
2749	19 
2750	121 
2751	77 
2752	139 
2753	117 
2754	103 
2755	15 
2756	80 
2757	154 
2758	105 
2759	191 
2760	82 
2761	132 
2762	143 
2763	80 
2764	116 
2765	175 
2766	68 
2767	109 
2768	10 
2769	197 
2770	142 
2771	93 
2772	130 
2773	7 
2774	122 
2775	17 
2776	165 
2777	13 
2778	91 
2779	70 
2780	89 
2781	140 
2782	73 
2783	22 
2784	138 
2785	194 
2786	10 
2787	12 
2788	81 
2789	36 
2790	164 
2791	22 
2792	71 
2793	129 
2794	169 
2795	65 
2796	27 
2797	185 
2798	5 
2799	108 
2800	84 
2801	39 
2802	144 
2803	131 
2804	171 
2805	97 
2806	22 
2807	112 
2808	195 
2809	71 
2810	142 
2811	103 
2812	30 
2813	153 
2814	107 
2815	154 
2816	194 
2817	67 
2818	109 
2819	73 
2820	183 
2821	26 
2822	74 
2823	95 
2824	147 
2825	177 
2826	93 
2827	61 
2828	20 
2829	154 
2830	40 
2831	194 
2832	31 
2833	43 
2834	176 
2835	30 
2836	92 
2837	191 
2838	63 
2839	25 
2840	179 
2841	94 
2842	123 
2843	7 
2844	131 
2845	126 
2846	123 
2847	151 
2848	163 
2849	189 
2850	97 
2851	67 
2852	80 
2853	140 
2854	100 
2855	95 
2856	16 
2857	167 
2858	134 
2859	105 
2860	47 
2861	1 
2862	32 
2863	6 
2864	188 
2865	34 
2866	83 
2867	91 
2868	70 
2869	43 
2870	45 
2871	40 
2872	198 
2873	99 
2874	95 
2875	14 
2876	172 
2877	55 
2878	178 
2879	12 
2880	91 
2881	1 
2882	150 
2883	138 
2884	63 
2885	181 
2886	66 
2887	40 
2888	67 
2889	108 
2890	42 
2891	200 
2892	147 
2893	7 
2894	62 
2895	190 
2896	109 
2897	122 
2898	156 
2899	97 
2900	66 
2901	105 
2902	7 
2903	168 
2904	1 
2905	155 
2906	143 
2907	150 
2908	150 
2909	163 
2910	150 
2911	109 
2912	148 
2913	15 
2914	162 
2915	149 
2916	12 
2917	157 
2918	200 
2919	68 
2920	137 
2921	149 
2922	1 
2923	163 
2924	82 
2925	88 
2926	169 
2927	185 
2928	24 
2929	114 
2930	194 
2931	133 
2932	17 
2933	114 
2934	160 
2935	143 
2936	191 
2937	96 
2938	96 
2939	80 
2940	27 
2941	181 
2942	145 
2943	90 
2944	138 
2945	82 
2946	119 
2947	173 
2948	190 
2949	17 
2950	153 
2951	150 
2952	168 
2953	150 
2954	56 
2955	101 
2956	174 
2957	62 
2958	35 
2959	70 
2960	16 
2961	134 
2962	45 
2963	169 
2964	17 
2965	197 
2966	123 
2967	85 
2968	99 
2969	38 
2970	43 
2971	96 
2972	197 
2973	8 
2974	154 
2975	161 
2976	63 
2977	177 
2978	45 
2979	194 
2980	45 
2981	51 
2982	185 
2983	15 
2984	123 
2985	164 
2986	60 
2987	156 
2988	35 
2989	1 
2990	184 
2991	103 
2992	99 
2993	104 
2994	160 
2995	60 
2996	163 
2997	26 
2998	73 
2999	100 
3000	67 
3001	34 
3002	160 
3003	106 
3004	90 
3005	124 
3006	175 
3007	194 
3008	137 
3009	156 
3010	36 
3011	109 
3012	158 
3013	160 
3014	125 
3015	95 
3016	56 
3017	127 
3018	110 
3019	128 
3020	46 
3021	162 
3022	24 
3023	47 
3024	115 
3025	64 
3026	129 
3027	129 
3028	28 
3029	144 
3030	140 
3031	162 
3032	131 
3033	58 
3034	21 
3035	157 
3036	97 
3037	146 
3038	163 
3039	156 
3040	70 
3041	25 
3042	87 
3043	159 
3044	43 
3045	84 
3046	105 
3047	121 
3048	132 
3049	161 
3050	75 
3051	185 
3052	73 
3053	127 
3054	12 
3055	93 
3056	110 
3057	162 
3058	200 
3059	163 
3060	99 
3061	189 
3062	21 
3063	147 
3064	96 
3065	51 
3066	47 
3067	3 
3068	111 
3069	29 
3070	88 
3071	32 
3072	86 
3073	107 
3074	154 
3075	159 
3076	48 
3077	109 
3078	145 
3079	153 
3080	23 
3081	136 
3082	151 
3083	154 
3084	179 
3085	44 
3086	75 
3087	6 
3088	8 
3089	134 
3090	91 
3091	136 
3092	69 
3093	133 
3094	164 
3095	181 
3096	136 
3097	127 
3098	117 
3099	116 
3100	59 
3101	39 
3102	67 
3103	166 
3104	148 
3105	22 
3106	90 
3107	132 
3108	162 
3109	153 
3110	165 
3111	171 
3112	35 
3113	136 
3114	37 
3115	194 
3116	81 
3117	123 
3118	184 
3119	161 
3120	86 
3121	103 
3122	145 
3123	174 
3124	93 
3125	59 
3126	173 
3127	23 
3128	46 
3129	132 
3130	83 
3131	56 
3132	96 
3133	67 
3134	115 
3135	161 
3136	102 
3137	82 
3138	77 
3139	46 
3140	74 
3141	76 
3142	87 
3143	116 
3144	140 
3145	26 
3146	62 
3147	141 
3148	67 
3149	18 
3150	26 
3151	199 
3152	76 
3153	56 
3154	176 
3155	186 
3156	90 
3157	186 
3158	164 
3159	120 
3160	136 
3161	41 
3162	74 
3163	66 
3164	113 
3165	56 
3166	152 
3167	161 
3168	62 
3169	27 
3170	84 
3171	172 
3172	82 
3173	9 
3174	13 
3175	190 
3176	112 
3177	33 
3178	149 
3179	72 
3180	78 
3181	87 
3182	168 
3183	51 
3184	55 
3185	40 
3186	181 
3187	158 
3188	4 
3189	194 
3190	97 
3191	56 
3192	74 
3193	108 
3194	195 
3195	157 
3196	193 
3197	195 
3198	151 
3199	134 
3200	52 
3201	97 
3202	156 
3203	149 
3204	110 
3205	173 
3206	20 
3207	80 
3208	10 
3209	80 
3210	160 
3211	15 
3212	133 
3213	151 
3214	46 
3215	164 
3216	185 
3217	118 
3218	71 
3219	55 
3220	84 
3221	15 
3222	141 
3223	183 
3224	47 
3225	127 
3226	148 
3227	130 
3228	80 
3229	16 
3230	7 
3231	58 
3232	51 
3233	191 
3234	97 
3235	38 
3236	26 
3237	95 
3238	67 
3239	184 
3240	150 
3241	72 
3242	41 
3243	135 
3244	60 
3245	172 
3246	157 
3247	9 
3248	9 
3249	96 
3250	10 
3251	97 
3252	124 
3253	174 
3254	73 
3255	20 
3256	158 
3257	182 
3258	193 
3259	44 
3260	16 
3261	88 
3262	13 
3263	10 
3264	136 
3265	100 
3266	200 
3267	64 
3268	60 
3269	1 
3270	54 
3271	49 
3272	51 
3273	70 
3274	153 
3275	164 
3276	34 
3277	123 
3278	84 
3279	43 
3280	116 
3281	160 
3282	15 
3283	191 
3284	176 
3285	71 
3286	18 
3287	86 
3288	105 
3289	176 
3290	160 
3291	108 
3292	38 
3293	110 
3294	42 
3295	196 
3296	60 
3297	139 
3298	153 
3299	145 
3300	73 
3301	155 
3302	76 
3303	93 
3304	200 
3305	153 
3306	71 
3307	125 
3308	195 
3309	134 
3310	138 
3311	35 
3312	143 
3313	41 
3314	149 
3315	154 
3316	81 
3317	73 
3318	170 
3319	100 
3320	32 
3321	10 
3322	138 
3323	155 
3324	80 
3325	121 
3326	106 
3327	46 
3328	133 
3329	175 
3330	87 
3331	179 
3332	46 
3333	5 
3334	98 
3335	109 
3336	66 
3337	51 
3338	51 
3339	66 
3340	56 
3341	150 
3342	137 
3343	109 
3344	113 
3345	21 
3346	71 
3347	144 
3348	84 
3349	110 
3350	99 
3351	109 
3352	190 
3353	159 
3354	1 
3355	84 
3356	71 
3357	59 
3358	80 
3359	75 
3360	156 
3361	153 
3362	185 
3363	97 
3364	62 
3365	179 
3366	183 
3367	76 
3368	75 
3369	33 
3370	31 
3371	156 
3372	176 
3373	108 
3374	60 
3375	74 
3376	48 
3377	9 
3378	116 
3379	172 
3380	163 
3381	40 
3382	14 
3383	125 
3384	121 
3385	172 
3386	38 
3387	81 
3388	166 
3389	119 
3390	98 
3391	129 
3392	32 
3393	189 
3394	69 
3395	177 
3396	97 
3397	84 
3398	1 
3399	81 
3400	123 
3401	200 
3402	102 
3403	42 
3404	148 
3405	54 
3406	15 
3407	122 
3408	97 
3409	58 
3410	173 
3411	116 
3412	80 
3413	95 
3414	173 
3415	174 
3416	58 
3417	158 
3418	85 
3419	18 
3420	18 
3421	40 
3422	119 
3423	148 
3424	25 
3425	93 
3426	140 
3427	177 
3428	148 
3429	175 
3430	132 
3431	78 
3432	144 
3433	109 
3434	109 
3435	45 
3436	62 
3437	94 
3438	127 
3439	155 
3440	65 
3441	17 
3442	66 
3443	4 
3444	96 
3445	106 
3446	58 
3447	124 
3448	195 
3449	25 
3450	82 
3451	8 
3452	94 
3453	171 
3454	71 
3455	116 
3456	110 
3457	47 
3458	54 
3459	36 
3460	1 
3461	105 
3462	144 
3463	95 
3464	153 
3465	119 
3466	128 
3467	63 
3468	108 
3469	61 
3470	160 
3471	71 
3472	146 
3473	175 
3474	60 
3475	39 
3476	190 
3477	133 
3478	160 
3479	172 
3480	37 
3481	98 
3482	197 
3483	118 
3484	54 
3485	99 
3486	41 
3487	17 
3488	156 
3489	98 
3490	95 
3491	177 
3492	123 
3493	121 
3494	50 
3495	130 
3496	183 
3497	86 
3498	158 
3499	162 
3500	155 
3501	154 
3502	21 
3503	138 
3504	160 
3505	101 
3506	155 
3507	55 
3508	49 
3509	110 
3510	73 
3511	176 
3512	189 
3513	185 
3514	175 
3515	172 
3516	187 
3517	113 
3518	4 
3519	60 
3520	58 
3521	64 
3522	5 
3523	152 
3524	119 
3525	36 
3526	123 
3527	172 
3528	21 
3529	66 
3530	151 
3531	102 
3532	94 
3533	166 
3534	92 
3535	62 
3536	84 
3537	70 
3538	17 
3539	121 
3540	163 
3541	41 
3542	82 
3543	189 
3544	32 
3545	134 
3546	139 
3547	56 
3548	122 
3549	140 
3550	132 
3551	105 
3552	78 
3553	86 
3554	23 
3555	112 
3556	149 
3557	44 
3558	151 
3559	129 
3560	62 
3561	129 
3562	128 
3563	71 
3564	177 
3565	13 
3566	7 
3567	42 
3568	10 
3569	195 
3570	105 
3571	181 
3572	27 
3573	100 
3574	97 
3575	1 
3576	186 
3577	121 
3578	107 
3579	40 
3580	193 
3581	35 
3582	109 
3583	102 
3584	94 
3585	8 
3586	41 
3587	13 
3588	122 
3589	122 
3590	20 
3591	51 
3592	155 
3593	160 
3594	190 
3595	30 
3596	75 
3597	7 
3598	98 
3599	84 
3600	1 
3601	14 
3602	74 
3603	90 
3604	162 
3605	107 
3606	9 
3607	87 
3608	97 
3609	112 
3610	41 
3611	80 
3612	36 
3613	173 
3614	85 
3615	156 
3616	54 
3617	152 
3618	93 
3619	21 
3620	27 
3621	189 
3622	196 
3623	81 
3624	103 
3625	190 
3626	71 
3627	34 
3628	149 
3629	63 
3630	1 
3631	183 
3632	87 
3633	56 
3634	135 
3635	148 
3636	158 
3637	184 
3638	134 
3639	38 
3640	172 
3641	121 
3642	179 
3643	149 
3644	20 
3645	86 
3646	74 
3647	63 
3648	73 
3649	162 
3650	199 
3651	62 
3652	76 
3653	16 
3654	199 
3655	3 
3656	33 
3657	199 
3658	159 
3659	76 
3660	120 
3661	188 
3662	98 
3663	102 
3664	112 
3665	43 
3666	132 
3667	67 
3668	186 
3669	154 
3670	189 
3671	176 
3672	146 
3673	156 
3674	36 
3675	154 
3676	35 
3677	188 
3678	96 
3679	127 
3680	169 
3681	81 
3682	190 
3683	8 
3684	99 
3685	71 
3686	18 
3687	100 
3688	168 
3689	154 
3690	77 
3691	7 
3692	188 
3693	147 
3694	3 
3695	25 
3696	18 
3697	64 
3698	177 
3699	60 
3700	190 
3701	136 
3702	4 
3703	167 
3704	60 
3705	55 
3706	119 
3707	32 
3708	149 
3709	60 
3710	119 
3711	112 
3712	109 
3713	132 
3714	188 
3715	22 
3716	56 
3717	199 
3718	190 
3719	117 
3720	81 
3721	127 
3722	18 
3723	27 
3724	14 
3725	143 
3726	69 
3727	60 
3728	18 
3729	113 
3730	83 
3731	58 
3732	44 
3733	136 
3734	23 
3735	179 
3736	200 
3737	40 
3738	117 
3739	87 
3740	48 
3741	167 
3742	1 
3743	74 
3744	95 
3745	91 
3746	86 
3747	22 
3748	146 
3749	82 
3750	17 
3751	76 
3752	98 
3753	23 
3754	74 
3755	82 
3756	99 
3757	123 
3758	8 
3759	148 
3760	138 
3761	98 
3762	67 
3763	145 
3764	60 
3765	15 
3766	38 
3767	108 
3768	97 
3769	96 
3770	151 
3771	149 
3772	32 
3773	60 
3774	95 
3775	82 
3776	152 
3777	134 
3778	122 
3779	82 
3780	184 
3781	117 
3782	189 
3783	46 
3784	57 
3785	49 
3786	26 
3787	26 
3788	146 
3789	15 
3790	172 
3791	131 
3792	10 
3793	25 
3794	58 
3795	197 
3796	188 
3797	172 
3798	62 
3799	92 
3800	189 
3801	32 
3802	91 
3803	58 
3804	49 
3805	157 
3806	103 
3807	98 
3808	153 
3809	160 
3810	52 
3811	33 
3812	153 
3813	28 
3814	71 
3815	47 
3816	162 
3817	76 
3818	172 
3819	96 
3820	86 
3821	168 
3822	80 
3823	31 
3824	105 
3825	25 
3826	175 
3827	73 
3828	42 
3829	58 
3830	112 
3831	145 
3832	74 
3833	38 
3834	163 
3835	189 
3836	80 
3837	109 
3838	101 
3839	110 
3840	83 
3841	51 
3842	185 
3843	91 
3844	117 
3845	162 
3846	97 
3847	106 
3848	98 
3849	82 
3850	9 
3851	21 
3852	156 
3853	138 
3854	52 
3855	75 
3856	172 
3857	125 
3858	146 
3859	150 
3860	61 
3861	91 
3862	183 
3863	22 
3864	131 
3865	10 
3866	134 
3867	133 
3868	66 
3869	38 
3870	195 
3871	162 
3872	121 
3873	183 
3874	73 
3875	73 
3876	148 
3877	95 
3878	197 
3879	82 
3880	84 
3881	95 
3882	121 
3883	74 
3884	183 
3885	185 
3886	167 
3887	49 
3888	9 
3889	118 
3890	154 
3891	32 
3892	81 
3893	69 
3894	119 
3895	7 
3896	64 
3897	66 
3898	160 
3899	93 
3900	145 
3901	145 
3902	5 
3903	99 
3904	26 
3905	26 
3906	15 
3907	8 
3908	41 
3909	134 
3910	149 
3911	190 
3912	40 
3913	200 
3914	187 
3915	99 
3916	148 
3917	99 
3918	63 
3919	92 
3920	99 
3921	76 
3922	102 
3923	134 
3924	35 
3925	173 
3926	175 
3927	178 
3928	36 
3929	138 
3930	83 
3931	67 
3932	37 
3933	22 
3934	56 
3935	147 
3936	129 
3937	154 
3938	1 
3939	71 
3940	119 
3941	190 
3942	184 
3943	11 
3944	91 
3945	28 
3946	139 
3947	40 
3948	113 
3949	147 
3950	110 
3951	83 
3952	39 
3953	139 
3954	87 
3955	43 
3956	99 
3957	195 
3958	169 
3959	140 
3960	36 
3961	93 
3962	27 
3963	140 
3964	90 
3965	181 
3966	101 
3967	102 
3968	153 
3969	109 
3970	110 
3971	171 
3972	145 
3973	143 
3974	124 
3975	58 
3976	149 
3977	196 
3978	175 
3979	159 
3980	188 
3981	107 
3982	31 
3983	166 
3984	125 
3985	56 
3986	74 
3987	150 
3988	9 
3989	10 
3990	74 
3991	84 
3992	121 
3993	49 
3994	166 
3995	132 
3996	31 
3997	23 
3998	122 
3999	88 
4000	73 
4001	46 
4002	97 
4003	52 
4004	190 
4005	124 
4006	35 
4007	124 
4008	40 
4009	163 
4010	174 
4011	25 
4012	109 
4013	98 
4014	101 
4015	36 
4016	13 
4017	186 
4018	71 
4019	162 
4020	86 
4021	47 
4022	98 
4023	31 
4024	37 
4025	61 
4026	67 
4027	34 
4028	106 
4029	111 
4030	162 
4031	54 
4032	62 
4033	49 
4034	163 
4035	83 
4036	61 
4037	169 
4038	159 
4039	81 
4040	63 
4041	71 
4042	26 
4043	10 
4044	8 
4045	11 
4046	171 
4047	54 
4048	185 
4049	109 
4050	154 
4051	134 
4052	41 
4053	73 
4054	184 
4055	125 
4056	82 
4057	172 
4058	178 
4059	156 
4060	98 
4061	85 
4062	111 
4063	139 
4064	34 
4065	98 
4066	162 
4067	157 
4068	181 
4069	80 
4070	40 
4071	31 
4072	73 
4073	35 
4074	71 
4075	11 
4076	153 
4077	31 
4078	134 
4079	16 
4080	145 
4081	37 
4082	121 
4083	153 
4084	99 
4085	4 
4086	172 
4087	22 
4088	97 
4089	67 
4090	4 
4091	54 
4092	33 
4093	173 
4094	109 
4095	110 
4096	111 
4097	25 
4098	191 
4099	119 
4100	157 
4101	151 
4102	40 
4103	54 
4104	183 
4105	33 
4106	88 
4107	109 
4108	15 
4109	113 
4110	151 
4111	108 
4112	64 
4113	185 
4114	67 
4115	121 
4116	189 
4117	15 
4118	85 
4119	132 
4120	178 
4121	37 
4122	75 
4123	117 
4124	36 
4125	82 
4126	36 
4127	83 
4128	8 
4129	46 
4130	96 
4131	31 
4132	194 
4133	148 
4134	109 
4135	39 
4136	122 
4137	111 
4138	97 
4139	98 
4140	172 
4141	93 
4142	149 
4143	185 
4144	153 
4145	127 
4146	60 
4147	110 
4148	189 
4149	154 
4150	148 
4151	71 
4152	186 
4153	63 
4154	188 
4155	11 
4156	144 
4157	149 
4158	27 
4159	80 
4160	129 
4161	172 
4162	84 
4163	160 
4164	56 
4165	83 
4166	25 
4167	129 
4168	124 
4169	162 
4170	34 
4171	37 
4172	188 
4173	125 
4174	28 
4175	175 
4176	3 
4177	76 
4178	80 
4179	67 
4180	13 
4181	41 
4182	162 
4183	28 
4184	74 
4185	69 
4186	80 
4187	160 
4188	140 
4189	195 
4190	73 
4191	196 
4192	25 
4193	145 
4194	37 
4195	82 
4196	54 
4197	156 
4198	184 
4199	125 
4200	109 
4201	43 
4202	176 
4203	21 
4204	140 
4205	124 
4206	101 
4207	91 
4208	35 
4209	22 
4210	25 
4211	148 
4212	82 
4213	138 
4214	93 
4215	140 
4216	88 
4217	111 
4218	187 
4219	11 
4220	96 
4221	172 
4222	56 
4223	88 
4224	136 
4225	129 
4226	3 
4227	54 
4228	83 
4229	80 
4230	54 
4231	36 
4232	11 
4233	35 
4234	156 
4235	162 
4236	112 
4237	39 
4238	122 
4239	127 
4240	21 
4241	176 
4242	121 
4243	189 
4244	58 
4245	58 
4246	10 
4247	60 
4248	60 
4249	96 
4250	64 
4251	62 
4252	185 
4253	34 
4254	123 
4255	167 
4256	159 
4257	123 
4258	52 
4259	191 
4260	91 
4261	190 
4262	107 
4263	80 
4264	42 
4265	140 
4266	113 
4267	150 
4268	26 
4269	32 
4270	145 
4271	62 
4272	179 
4273	74 
4274	23 
4275	132 
4276	195 
4277	91 
4278	46 
4279	174 
4280	190 
4281	35 
4282	63 
4283	44 
4284	96 
4285	157 
4286	151 
4287	42 
4288	15 
4289	196 
4290	91 
4291	145 
4292	31 
4293	129 
4294	105 
4295	86 
4296	125 
4297	56 
4298	106 
4299	43 
4300	153 
4301	88 
4302	149 
4303	150 
4304	54 
4305	23 
4306	28 
4307	119 
4308	49 
4309	159 
4310	150 
4311	145 
4312	190 
4313	119 
4314	39 
4315	129 
4316	74 
4317	66 
4318	74 
4319	18 
4320	25 
4321	175 
4322	69 
4323	195 
4324	119 
4325	124 
4326	93 
4327	200 
4328	36 
4329	51 
4330	127 
4331	101 
4332	163 
4333	184 
4334	155 
4335	27 
4336	32 
4337	83 
4338	96 
4339	119 
4340	123 
4341	10 
4342	153 
4343	157 
4344	63 
4345	8 
4346	159 
4347	67 
4348	112 
4349	67 
4350	150 
4351	139 
4352	91 
4353	10 
4354	156 
4355	145 
4356	200 
4357	187 
4358	153 
4359	71 
4360	44 
4361	97 
4362	185 
4363	39 
4364	97 
4365	128 
4366	37 
4367	163 
4368	155 
4369	88 
4370	172 
4371	32 
4372	51 
4373	46 
4374	38 
4375	38 
4376	10 
4377	146 
4378	8 
4379	107 
4380	139 
4381	149 
4382	91 
4383	83 
4384	60 
4385	34 
4386	187 
4387	67 
4388	25 
4389	188 
4390	172 
4391	190 
4392	58 
4393	106 
4394	98 
4395	80 
4396	46 
4397	112 
4398	123 
4399	154 
4400	106 
4401	127 
4402	123 
4403	10 
4404	160 
4405	66 
4406	176 
4407	84 
4408	149 
4409	128 
4410	35 
4411	18 
4412	132 
4413	55 
4414	88 
4415	140 
4416	159 
4417	157 
4418	40 
4419	26 
4420	10 
4421	76 
4422	34 
4423	41 
4424	80 
4425	21 
4426	37 
4427	101 
4428	60 
4429	51 
4430	62 
4431	195 
4432	128 
4433	20 
4434	46 
4435	200 
4436	149 
4437	181 
4438	25 
4439	178 
4440	127 
4441	200 
4442	128 
4443	8 
4444	106 
4445	112 
4446	151 
4447	151 
4448	31 
4449	183 
4450	172 
4451	112 
4452	155 
4453	60 
4454	98 
4455	83 
4456	185 
4457	40 
4458	86 
4459	163 
4460	10 
4461	88 
4462	181 
4463	173 
4464	122 
4465	80 
4466	60 
4467	87 
4468	177 
4469	60 
4470	172 
4471	122 
4472	181 
4473	15 
4474	97 
4475	140 
4476	71 
4477	97 
4478	38 
4479	145 
4480	15 
4481	23 
4482	183 
4483	188 
4484	88 
4485	66 
4486	54 
4487	97 
4488	177 
4489	10 
4490	39 
4491	26 
4492	196 
4493	64 
4494	113 
4495	183 
4496	167 
4497	76 
4498	63 
4499	97 
4500	76 
4501	56 
4502	189 
4503	40 
4504	25 
4505	162 
4506	109 
4507	121 
4508	154 
4509	63 
4510	169 
4511	113 
4512	163 
4513	17 
4514	111 
4515	181 
4516	18 
4517	106 
4518	134 
4519	194 
4520	101 
4521	195 
4522	67 
4523	27 
4524	185 
4525	10 
4526	127 
4527	160 
4528	82 
4529	119 
4530	150 
4531	154 
4532	74 
4533	178 
4534	54 
4535	127 
4536	98 
4537	194 
4538	81 
4539	26 
4540	84 
4541	91 
4542	74 
4543	195 
4544	37 
4545	86 
4546	93 
4547	156 
4548	151 
4549	187 
4550	196 
4551	195 
4552	36 
4553	127 
4554	167 
4555	95 
4556	149 
4557	20 
4558	67 
4559	112 
4560	41 
4561	134 
4562	167 
4563	111 
4564	25 
4565	111 
4566	169 
4567	122 
4568	80 
4569	154 
4570	51 
4571	149 
4572	86 
4573	124 
4574	92 
4575	157 
4576	162 
4577	169 
4578	148 
4579	1 
4580	60 
4581	60 
4582	194 
4583	20 
4584	83 
4585	10 
4586	20 
4587	15 
4588	83 
4589	194 
4590	60 
4591	148 
4592	121 
4593	123 
4594	128 
4595	87 
4596	13 
4597	91 
4598	97 
4599	190 
4600	54 
4601	23 
4602	109 
4603	96 
4604	10 
4605	123 
4606	96 
4607	177 
4608	71 
4609	176 
4610	92 
4611	7 
4612	156 
4613	151 
4614	125 
4615	189 
4616	169 
4617	3 
4618	151 
4619	96 
4620	18 
4621	25 
4622	112 
4623	151 
4624	122 
4625	101 
4626	155 
4627	84 
4628	86 
4629	27 
4630	82 
4631	128 
4632	36 
4633	132 
4634	148 
4635	20 
4636	56 
4637	93 
4638	112 
4639	67 
4640	11 
4641	155 
4642	39 
4643	28 
4644	25 
4645	181 
4646	82 
4647	41 
4648	83 
4649	154 
4650	154 
4651	34 
4652	37 
4653	46 
4654	25 
4655	74 
4656	195 
4657	110 
4658	41 
4659	15 
4660	185 
4661	28 
4662	172 
4663	169 
4664	13 
4665	28 
4666	18 
4667	194 
4668	91 
4669	13 
4670	156 
4671	196 
4672	55 
4673	194 
4674	177 
4675	88 
4676	32 
4677	86 
4678	176 
4679	60 
4680	106 
4681	101 
4682	98 
4683	174 
4684	149 
4685	87 
4686	140 
4687	109 
4688	128 
4689	174 
4690	67 
4691	62 
4692	119 
4693	96 
4694	163 
4695	148 
4696	177 
4697	145 
4698	175 
4699	51 
4700	40 
4701	18 
4702	134 
4703	191 
4704	74 
4705	188 
4706	125 
4707	125 
4708	148 
4709	175 
4710	51 
4711	162 
4712	148 
4713	67 
4714	163 
4715	99 
4716	157 
4717	129 
4718	84 
4719	15 
4720	15 
4721	134 
4722	149 
4723	138 
4724	154 
4725	194 
4726	55 
4727	112 
4728	93 
4729	15 
4730	58 
4731	13 
4732	191 
4733	109 
4734	188 
4735	195 
4736	18 
4737	109 
4738	188 
4739	191 
4740	184 
4741	28 
4742	132 
4743	97 
4744	128 
4745	83 
4746	39 
4747	93 
4748	162 
4749	8 
4750	96 
4751	153 
4752	17 
4753	188 
4754	88 
4755	191 
4756	150 
4757	150 
4758	138 
4759	174 
4760	36 
4761	18 
4762	98 
4763	56 
4764	62 
4765	167 
4766	196 
4767	125 
4768	184 
4769	96 
4770	194 
4771	7 
4772	51 
4773	172 
4774	106 
4775	83 
4776	136 
4777	188 
4778	93 
4779	62 
4780	169 
4781	74 
4782	172 
4783	39 
4784	109 
4785	23 
4786	153 
4787	150 
4788	84 
4789	151 
4790	23 
4791	112 
4792	35 
4793	71 
4794	189 
4795	74 
4796	136 
4797	188 
4798	20 
4799	84 
4800	95 
4801	43 
4802	96 
4803	134 
4804	67 
4805	74 
4806	196 
4807	151 
4808	155 
4809	84 
4810	3 
4811	1 
4812	154 
4813	177 
4814	101 
4815	93 
4816	51 
4817	132 
4818	73 
4819	91 
4820	73 
4821	15 
4822	150 
4823	34 
4824	71 
4825	74 
4826	60 
4827	132 
4828	46 
4829	36 
4830	26 
4831	178 
4832	86 
4833	32 
4834	60 
4835	190 
4836	23 
4837	43 
4838	123 
4839	196 
4840	7 
4841	151 
4842	150 
4843	121 
4844	184 
4845	34 
4846	140 
4847	99 
4848	175 
4849	63 
4850	105 
4851	163 
4852	196 
4853	83 
4854	125 
4855	74 
4856	55 
4857	26 
4858	46 
4859	20 
4860	124 
4861	26 
4862	46 
4863	86 
4864	173 
4865	196 
4866	62 
4867	97 
4868	194 
4869	108 
4870	132 
4871	172 
4872	149 
4873	11 
4874	39 
4875	163 
4876	112 
4877	82 
4878	175 
4879	188 
4880	25 
4881	106 
4882	123 
4883	74 
4884	93 
4885	163 
4886	151 
4887	71 
4888	88 
4889	91 
4890	148 
4891	106 
4892	132 
4893	196 
4894	125 
4895	60 
4896	160 
4897	42 
4898	153 
4899	160 
4900	56 
4901	132 
4902	150 
4903	177 
4904	189 
4905	56 
4906	163 
4907	110 
4908	42 
4909	184 
4910	11 
4911	177 
4912	80 
4913	46 
4914	83 
4915	188 
4916	84 
4917	54 
4918	46 
4919	35 
4920	189 
4921	97 
4922	95 
4923	11 
4924	21 
4925	162 
4926	88 
4927	169 
4928	35 
4929	136 
4930	188 
4931	86 
4932	174 
4933	46 
4934	132 
4935	119 
4936	169 
4937	63 
4938	112 
4939	42 
4940	86 
4941	35 
4942	106 
4943	108 
4944	84 
4945	185 
4946	88 
4947	175 
4948	154 
4949	156 
4950	175 
4951	109 
4952	110 
4953	96 
4954	88 
4955	18 
4956	105 
4957	43 
4958	106 
4959	194 
4960	108 
4961	73 
4962	15 
4963	15 
4964	88 
4965	145 
4966	156 
4967	196 
4968	36 
4969	119 
4970	190 
4971	140 
4972	95 
4973	188 
4974	174 
4975	63 
4976	140 
4977	82 
4978	26 
4979	21 
4980	124 
4981	162 
4982	124 
4983	13 
4984	74 
4985	148 
4986	92 
4987	32 
4988	11 
4989	163 
4990	127 
4991	42 
4992	11 
4993	67 
4994	67 
4995	119 
4996	132 
4997	162 
4998	112 
4999	96 
5000	99 
