1	1 
2	2 
3	14 
4	4 
5	2 
6	6 
7	4 
8	7 
9	8 
10	8 
11	14 
12	7 
13	2 
14	6 
15	6 
16	5 
17	5 
18	4 
19	12 
20	4 
21	8 
22	4 
23	1 
24	10 
25	8 
26	4 
27	5 
28	1 
29	3 
30	2 
31	2 
32	8 
33	8 
34	1 
35	3 
36	12 
37	1 
38	6 
39	6 
40	11 
41	11 
42	6 
43	3 
44	7 
45	11 
46	3 
47	12 
48	7 
49	13 
50	10 
51	7 
52	4 
53	3 
54	11 
55	9 
56	6 
57	6 
58	11 
59	2 
60	1 
61	5 
62	6 
63	11 
64	5 
65	10 
66	1 
67	1 
68	9 
69	10 
70	10 
71	14 
72	8 
73	11 
74	12 
75	3 
76	4 
77	2 
78	3 
79	14 
80	14 
81	3 
82	11 
83	12 
84	1 
85	6 
86	12 
87	11 
88	6 
89	5 
90	3 
91	12 
92	12 
93	12 
94	12 
95	6 
96	2 
97	9 
98	7 
99	1 
100	1 
101	4 
102	6 
103	3 
104	14 
105	14 
106	13 
107	3 
108	12 
109	3 
110	2 
111	4 
112	11 
113	10 
114	14 
115	13 
116	14 
117	11 
118	10 
119	2 
120	2 
121	4 
122	11 
123	5 
124	5 
125	8 
126	4 
127	3 
128	6 
129	10 
130	5 
131	12 
132	9 
133	9 
134	10 
135	7 
136	12 
137	6 
138	2 
139	12 
140	14 
141	10 
142	11 
143	7 
144	2 
145	7 
146	6 
147	14 
148	10 
149	2 
150	12 
151	13 
152	7 
153	5 
154	4 
155	2 
156	10 
157	2 
158	5 
159	12 
160	7 
161	4 
162	4 
163	8 
164	4 
165	11 
166	7 
167	2 
168	2 
169	4 
170	1 
171	11 
172	6 
173	14 
174	14 
175	2 
176	9 
177	7 
178	12 
179	6 
180	4 
181	12 
182	3 
183	2 
184	14 
185	6 
186	14 
187	4 
188	5 
189	12 
190	14 
191	13 
192	2 
193	14 
194	7 
195	7 
196	2 
197	3 
198	6 
199	11 
200	6 
201	5 
202	11 
203	5 
204	14 
205	2 
206	1 
207	13 
208	4 
209	9 
210	3 
211	12 
212	3 
213	7 
214	2 
215	2 
216	4 
217	2 
218	12 
219	7 
220	8 
221	7 
222	2 
223	5 
224	2 
225	3 
226	13 
227	14 
228	2 
229	14 
230	14 
231	12 
232	13 
233	6 
234	2 
235	6 
236	9 
237	10 
238	8 
239	4 
240	8 
241	4 
242	5 
243	11 
244	3 
245	14 
246	12 
247	5 
248	3 
249	7 
250	13 
251	6 
252	9 
253	4 
254	14 
255	12 
256	8 
257	6 
258	7 
259	9 
260	14 
261	4 
262	5 
263	6 
264	10 
265	2 
266	10 
267	12 
268	3 
269	4 
270	7 
271	13 
272	2 
273	6 
274	9 
275	9 
276	2 
277	2 
278	7 
279	3 
280	8 
281	8 
282	5 
283	5 
284	12 
285	4 
286	14 
287	1 
288	2 
289	8 
290	2 
291	9 
292	3 
293	9 
294	2 
295	12 
296	7 
297	1 
298	1 
299	8 
300	2 
301	10 
302	10 
303	7 
304	11 
305	2 
306	11 
307	2 
308	1 
309	4 
310	12 
311	4 
312	12 
313	1 
314	2 
315	4 
316	11 
317	10 
318	8 
319	10 
320	7 
321	14 
322	14 
323	5 
324	2 
325	5 
326	14 
327	13 
328	14 
329	2 
330	1 
331	9 
332	3 
333	14 
334	7 
335	13 
336	9 
337	4 
338	4 
339	2 
340	7 
341	4 
342	14 
343	12 
344	6 
345	9 
346	12 
347	8 
348	5 
349	8 
350	4 
351	6 
352	13 
353	2 
354	5 
355	10 
356	6 
357	14 
358	2 
359	13 
360	11 
361	12 
362	14 
363	14 
364	14 
365	5 
366	8 
367	11 
368	13 
369	8 
370	11 
371	3 
372	12 
373	2 
374	4 
375	10 
376	14 
377	7 
378	14 
379	6 
380	5 
381	3 
382	14 
383	3 
384	6 
385	12 
386	11 
387	12 
388	4 
389	11 
390	3 
391	6 
392	10 
393	2 
394	2 
395	1 
396	8 
397	7 
398	2 
399	6 
400	12 
401	12 
402	4 
403	10 
404	7 
405	13 
406	11 
407	6 
408	1 
409	2 
410	5 
411	11 
412	11 
413	10 
414	2 
415	13 
416	4 
417	4 
418	6 
419	10 
420	5 
421	3 
422	1 
423	14 
424	7 
425	8 
426	5 
427	4 
428	1 
429	6 
430	8 
431	2 
432	8 
433	10 
434	2 
435	8 
436	14 
437	2 
438	13 
439	14 
440	4 
441	6 
442	2 
443	7 
444	10 
445	7 
446	12 
447	7 
448	13 
449	10 
450	7 
451	6 
452	6 
453	11 
454	2 
455	2 
456	6 
457	4 
458	10 
459	11 
460	7 
461	4 
462	5 
463	2 
464	2 
465	2 
466	5 
467	3 
468	2 
469	13 
470	13 
471	5 
472	8 
473	6 
474	6 
475	4 
476	1 
477	4 
478	1 
479	4 
480	11 
481	11 
482	11 
483	2 
484	13 
485	5 
486	2 
487	12 
488	3 
489	4 
490	6 
491	10 
492	2 
493	6 
494	1 
495	11 
496	13 
497	12 
498	10 
499	8 
500	13 
501	11 
502	8 
503	14 
504	13 
505	5 
506	2 
507	12 
508	6 
509	6 
510	4 
511	7 
512	10 
513	11 
514	10 
515	2 
516	10 
517	6 
518	8 
519	13 
520	14 
521	6 
522	4 
523	12 
524	14 
525	11 
526	4 
527	1 
528	9 
529	13 
530	6 
531	3 
532	13 
533	13 
534	5 
535	4 
536	11 
537	11 
538	4 
539	11 
540	2 
541	14 
542	13 
543	10 
544	4 
545	14 
546	4 
547	7 
548	3 
549	4 
550	4 
551	7 
552	13 
553	3 
554	5 
555	2 
556	14 
557	14 
558	6 
559	7 
560	11 
561	14 
562	11 
563	10 
564	7 
565	2 
566	14 
567	13 
568	9 
569	12 
570	9 
571	9 
572	2 
573	6 
574	6 
575	4 
576	11 
577	12 
578	14 
579	7 
580	14 
581	4 
582	7 
583	2 
584	12 
585	5 
586	7 
587	5 
588	4 
589	5 
590	14 
591	11 
592	10 
593	11 
594	2 
595	14 
596	8 
597	5 
598	13 
599	12 
600	9 
601	3 
602	4 
603	6 
604	12 
605	14 
606	4 
607	1 
608	2 
609	10 
610	14 
611	14 
612	4 
613	14 
614	1 
615	6 
616	9 
617	14 
618	6 
619	10 
620	14 
621	8 
622	5 
623	11 
624	9 
625	8 
626	7 
627	10 
628	5 
629	2 
630	4 
631	6 
632	4 
633	8 
634	10 
635	3 
636	4 
637	9 
638	6 
639	12 
640	2 
641	1 
642	5 
643	1 
644	14 
645	4 
646	7 
647	9 
648	6 
649	12 
650	12 
651	4 
652	1 
653	1 
654	10 
655	9 
656	7 
657	9 
658	2 
659	4 
660	2 
661	2 
662	14 
663	6 
664	13 
665	8 
666	3 
667	9 
668	13 
669	12 
670	1 
671	2 
672	2 
673	6 
674	12 
675	10 
676	14 
677	6 
678	14 
679	10 
680	8 
681	2 
682	6 
683	4 
684	10 
685	4 
686	9 
687	2 
688	4 
689	13 
690	10 
691	11 
692	6 
693	6 
694	7 
695	11 
696	14 
697	10 
698	14 
699	7 
700	14 
701	6 
702	14 
703	11 
704	1 
705	9 
706	3 
707	5 
708	9 
709	3 
710	12 
711	3 
712	13 
713	13 
714	12 
715	11 
716	5 
717	14 
718	4 
719	12 
720	7 
721	3 
722	5 
723	6 
724	12 
725	12 
726	4 
727	4 
728	7 
729	14 
730	14 
731	12 
732	2 
733	11 
734	2 
735	4 
736	6 
737	1 
738	1 
739	14 
740	12 
741	2 
742	2 
743	5 
744	4 
745	13 
746	11 
747	14 
748	7 
749	9 
750	4 
751	2 
752	14 
753	2 
754	4 
755	10 
756	11 
757	14 
758	10 
759	11 
760	3 
761	6 
762	2 
763	14 
764	2 
765	12 
766	6 
767	5 
768	7 
769	4 
770	6 
771	13 
772	4 
773	3 
774	6 
775	2 
776	9 
777	14 
778	12 
779	6 
780	5 
781	10 
782	6 
783	6 
784	12 
785	6 
786	8 
787	4 
788	11 
789	5 
790	6 
791	6 
792	4 
793	4 
794	10 
795	11 
796	11 
797	10 
798	14 
799	4 
800	2 
801	13 
802	3 
803	12 
804	6 
805	3 
806	14 
807	14 
808	8 
809	12 
810	6 
811	13 
812	1 
813	14 
814	13 
815	6 
816	8 
817	2 
818	12 
819	13 
820	1 
821	2 
822	14 
823	4 
824	7 
825	7 
826	7 
827	13 
828	7 
829	9 
830	10 
831	1 
832	11 
833	13 
834	10 
835	4 
836	5 
837	6 
838	2 
839	2 
840	14 
841	9 
842	2 
843	6 
844	14 
845	4 
846	5 
847	5 
848	8 
849	2 
850	2 
851	12 
852	14 
853	2 
854	14 
855	12 
856	11 
857	14 
858	7 
859	4 
860	12 
861	5 
862	2 
863	3 
864	6 
865	12 
866	1 
867	5 
868	5 
869	3 
870	9 
871	4 
872	12 
873	2 
874	2 
875	6 
876	2 
877	3 
878	6 
879	1 
880	14 
881	2 
882	7 
883	4 
884	14 
885	3 
886	12 
887	2 
888	7 
889	7 
890	14 
891	3 
892	2 
893	6 
894	14 
895	14 
896	11 
897	1 
898	12 
899	14 
900	4 
901	12 
902	11 
903	6 
904	4 
905	1 
906	2 
907	9 
908	14 
909	6 
910	12 
911	6 
912	9 
913	11 
914	12 
915	10 
916	10 
917	13 
918	6 
919	12 
920	9 
921	7 
922	4 
923	6 
924	8 
925	14 
926	2 
927	9 
928	2 
929	13 
930	5 
931	11 
932	11 
933	2 
934	4 
935	4 
936	2 
937	3 
938	2 
939	8 
940	1 
941	12 
942	7 
943	12 
944	10 
945	4 
946	14 
947	7 
948	2 
949	14 
950	12 
951	13 
952	9 
953	2 
954	4 
955	8 
956	5 
957	14 
958	10 
959	10 
960	9 
961	14 
962	10 
963	9 
964	4 
965	2 
966	8 
967	2 
968	4 
969	12 
970	4 
971	4 
972	10 
973	7 
974	8 
975	12 
976	3 
977	8 
978	9 
979	3 
980	2 
981	6 
982	10 
983	1 
984	3 
985	12 
986	14 
987	7 
988	14 
989	14 
990	11 
991	12 
992	9 
993	2 
994	4 
995	6 
996	12 
997	7 
998	11 
999	14 
1000	9 
