1	11 
2	2 
3	2 
4	8 
5	1 
6	7 
7	8 
8	1 
9	8 
10	10 
11	7 
12	3 
13	7 
14	1 
15	5 
16	6 
17	12 
18	1 
19	8 
20	6 
21	13 
22	3 
23	6 
24	10 
25	1 
26	7 
27	12 
28	7 
29	13 
30	9 
31	1 
32	8 
33	10 
34	1 
35	3 
36	3 
37	8 
38	10 
39	7 
40	3 
41	4 
42	9 
43	9 
44	13 
45	4 
46	6 
47	5 
48	9 
49	11 
50	8 
51	7 
52	7 
53	12 
54	13 
55	6 
56	10 
57	6 
58	12 
59	6 
60	11 
61	7 
62	9 
63	4 
64	10 
65	4 
66	2 
67	13 
68	10 
69	7 
70	10 
71	8 
72	9 
73	2 
74	7 
75	5 
76	3 
77	1 
78	7 
79	11 
80	8 
81	2 
82	6 
83	7 
84	3 
85	1 
86	10 
87	13 
88	10 
89	2 
90	7 
91	1 
92	10 
93	5 
94	12 
95	7 
96	4 
97	12 
98	4 
99	8 
100	8 
101	4 
102	8 
103	9 
104	4 
105	6 
106	2 
107	11 
108	2 
109	3 
110	6 
111	8 
112	13 
113	13 
114	6 
115	5 
116	10 
117	9 
118	10 
119	10 
120	11 
121	1 
122	7 
123	11 
124	9 
125	9 
126	4 
127	9 
128	12 
129	4 
130	10 
131	5 
132	9 
133	6 
134	1 
135	11 
136	9 
137	3 
138	9 
139	9 
140	11 
141	10 
142	7 
143	4 
144	8 
145	7 
146	11 
147	11 
148	1 
149	8 
150	9 
151	9 
152	4 
153	5 
154	3 
155	6 
156	11 
157	2 
158	6 
159	10 
160	12 
161	5 
162	5 
163	3 
164	4 
165	8 
166	7 
167	5 
168	6 
169	2 
170	1 
171	10 
172	1 
173	4 
174	7 
175	9 
176	3 
177	10 
178	6 
179	9 
180	7 
181	10 
182	13 
183	6 
184	10 
185	4 
186	9 
187	2 
188	8 
189	1 
190	8 
191	8 
192	4 
193	8 
194	1 
195	4 
196	1 
197	7 
198	9 
199	2 
200	9 
201	8 
202	10 
203	6 
204	11 
205	2 
206	10 
207	4 
208	4 
209	7 
210	7 
211	8 
212	3 
213	5 
214	5 
215	12 
216	2 
217	5 
218	5 
219	7 
220	1 
221	5 
222	8 
223	2 
224	9 
225	7 
226	4 
227	2 
228	5 
229	7 
230	8 
231	3 
232	10 
233	13 
234	5 
235	11 
236	10 
237	12 
238	10 
239	12 
240	3 
241	7 
242	4 
243	4 
244	11 
245	11 
246	6 
247	10 
248	6 
249	11 
250	6 
251	12 
252	8 
253	4 
254	11 
255	11 
256	7 
257	4 
258	13 
259	6 
260	4 
261	8 
262	6 
263	6 
264	5 
265	3 
266	10 
267	5 
268	7 
269	4 
270	1 
271	2 
272	9 
273	4 
274	4 
275	8 
276	2 
277	4 
278	7 
279	12 
280	8 
281	13 
282	1 
283	10 
284	9 
285	2 
286	3 
287	10 
288	7 
289	10 
290	7 
291	10 
292	9 
293	9 
294	9 
295	7 
296	5 
297	4 
298	11 
299	12 
300	4 
301	8 
302	2 
303	11 
304	12 
305	3 
306	7 
307	7 
308	5 
309	7 
310	5 
311	7 
312	5 
313	1 
314	3 
315	13 
316	3 
317	1 
318	13 
319	5 
320	7 
321	5 
322	10 
323	3 
324	8 
325	1 
326	11 
327	1 
328	6 
329	12 
330	7 
331	9 
332	13 
333	8 
334	2 
335	8 
336	4 
337	6 
338	13 
339	7 
340	5 
341	7 
342	2 
343	9 
344	7 
345	4 
346	10 
347	7 
348	1 
349	7 
350	4 
351	13 
352	9 
353	2 
354	4 
355	10 
356	3 
357	9 
358	3 
359	4 
360	6 
361	7 
362	5 
363	5 
364	8 
365	13 
366	8 
367	9 
368	3 
369	10 
370	13 
371	5 
372	5 
373	10 
374	4 
375	4 
376	8 
377	12 
378	7 
379	1 
380	4 
381	8 
382	12 
383	6 
384	8 
385	1 
386	5 
387	9 
388	9 
389	4 
390	6 
391	8 
392	5 
393	11 
394	7 
395	9 
396	7 
397	9 
398	7 
399	11 
400	5 
401	6 
402	8 
403	6 
404	10 
405	9 
406	8 
407	3 
408	8 
409	7 
410	9 
411	1 
412	10 
413	11 
414	4 
415	7 
416	10 
417	2 
418	11 
419	7 
420	9 
421	10 
422	9 
423	1 
424	7 
425	10 
426	6 
427	1 
428	13 
429	11 
430	6 
431	5 
432	2 
433	9 
434	5 
435	1 
436	1 
437	13 
438	3 
439	9 
440	10 
441	9 
442	6 
443	4 
444	7 
445	13 
446	12 
447	8 
448	3 
449	11 
450	5 
451	13 
452	11 
453	5 
454	3 
455	4 
456	12 
457	1 
458	1 
459	4 
460	12 
461	13 
462	11 
463	7 
464	13 
465	1 
466	1 
467	9 
468	12 
469	6 
470	7 
471	5 
472	9 
473	13 
474	11 
475	1 
476	6 
477	3 
478	7 
479	7 
480	9 
481	2 
482	8 
483	1 
484	2 
485	6 
486	4 
487	7 
488	7 
489	1 
490	6 
491	1 
492	9 
493	12 
494	8 
495	4 
496	13 
497	13 
498	11 
499	1 
500	5 
501	9 
502	8 
503	12 
504	13 
505	4 
506	7 
507	10 
508	2 
509	12 
510	5 
511	8 
512	7 
513	9 
514	4 
515	7 
516	10 
517	2 
518	7 
519	1 
520	11 
521	3 
522	12 
523	5 
524	9 
525	13 
526	9 
527	2 
528	3 
529	8 
530	11 
531	5 
532	9 
533	9 
534	13 
535	3 
536	11 
537	3 
538	4 
539	7 
540	7 
541	4 
542	2 
543	8 
544	6 
545	6 
546	7 
547	8 
548	10 
549	2 
550	5 
551	4 
552	13 
553	4 
554	10 
555	13 
556	11 
557	10 
558	5 
559	10 
560	1 
561	4 
562	1 
563	7 
564	9 
565	12 
566	12 
567	4 
568	1 
569	4 
570	9 
571	7 
572	7 
573	6 
574	2 
575	1 
576	10 
577	11 
578	1 
579	10 
580	4 
581	7 
582	5 
583	4 
584	1 
585	1 
586	10 
587	1 
588	1 
589	4 
590	9 
591	1 
592	1 
593	4 
594	4 
595	3 
596	8 
597	4 
598	11 
599	6 
600	12 
601	7 
602	8 
603	6 
604	7 
605	6 
606	3 
607	11 
608	6 
609	5 
610	10 
611	10 
612	4 
613	5 
614	2 
615	10 
616	8 
617	9 
618	7 
619	10 
620	4 
621	9 
622	8 
623	2 
624	1 
625	12 
626	11 
627	8 
628	8 
629	7 
630	2 
631	10 
632	9 
633	8 
634	5 
635	3 
636	7 
637	10 
638	8 
639	7 
640	13 
641	10 
642	1 
643	7 
644	1 
645	10 
646	9 
647	1 
648	1 
649	3 
650	2 
651	5 
652	1 
653	8 
654	4 
655	2 
656	9 
657	2 
658	8 
659	9 
660	8 
661	8 
662	8 
663	13 
664	2 
665	4 
666	7 
667	8 
668	6 
669	11 
670	4 
671	8 
672	12 
673	9 
674	1 
675	10 
676	13 
677	12 
678	8 
679	6 
680	8 
681	7 
682	6 
683	9 
684	9 
685	8 
686	10 
687	2 
688	8 
689	5 
690	12 
691	1 
692	7 
693	12 
694	10 
695	2 
696	9 
697	4 
698	4 
699	9 
700	9 
701	5 
702	7 
703	4 
704	13 
705	4 
706	2 
707	10 
708	10 
709	7 
710	11 
711	12 
712	13 
713	4 
714	4 
715	5 
716	5 
717	1 
718	10 
719	13 
720	5 
721	1 
722	8 
723	3 
724	6 
725	13 
726	4 
727	11 
728	10 
729	9 
730	6 
731	10 
732	12 
733	9 
734	6 
735	5 
736	12 
737	2 
738	8 
739	4 
740	1 
741	12 
742	2 
743	1 
744	6 
745	7 
746	10 
747	10 
748	7 
749	10 
750	13 
751	10 
752	1 
753	8 
754	5 
755	10 
756	8 
757	6 
758	4 
759	7 
760	9 
761	11 
762	5 
763	4 
764	5 
765	7 
766	10 
767	10 
768	8 
769	9 
770	8 
771	13 
772	3 
773	9 
774	4 
775	6 
776	1 
777	7 
778	1 
779	8 
780	7 
781	1 
782	10 
783	5 
784	1 
785	10 
786	3 
787	4 
788	7 
789	2 
790	12 
791	1 
792	10 
793	9 
794	4 
795	5 
796	8 
797	3 
798	6 
799	5 
800	1 
801	1 
802	10 
803	10 
804	6 
805	12 
806	8 
807	8 
808	11 
809	5 
810	9 
811	9 
812	4 
813	9 
814	4 
815	4 
816	4 
817	3 
818	6 
819	11 
820	8 
821	8 
822	7 
823	4 
824	12 
825	9 
826	6 
827	6 
828	8 
829	13 
830	3 
831	4 
832	8 
833	5 
834	8 
835	4 
836	9 
837	5 
838	10 
839	10 
840	11 
841	6 
842	1 
843	3 
844	5 
845	5 
846	5 
847	1 
848	8 
849	1 
850	6 
851	1 
852	7 
853	1 
854	2 
855	1 
856	4 
857	6 
858	9 
859	10 
860	10 
861	5 
862	1 
863	2 
864	9 
865	3 
866	8 
867	12 
868	8 
869	8 
870	1 
871	9 
872	2 
873	1 
874	13 
875	12 
876	4 
877	7 
878	10 
879	4 
880	11 
881	13 
882	1 
883	8 
884	6 
885	12 
886	5 
887	6 
888	11 
889	7 
890	1 
891	9 
892	4 
893	8 
894	6 
895	4 
896	5 
897	8 
898	13 
899	4 
900	8 
901	1 
902	7 
903	6 
904	7 
905	1 
906	7 
907	2 
908	8 
909	10 
910	13 
911	11 
912	5 
913	4 
914	10 
915	13 
916	2 
917	4 
918	6 
919	12 
920	7 
921	3 
922	8 
923	10 
924	11 
925	4 
926	7 
927	12 
928	7 
929	5 
930	2 
931	8 
932	8 
933	9 
934	10 
935	10 
936	10 
937	5 
938	1 
939	6 
940	12 
941	2 
942	9 
943	9 
944	5 
945	8 
946	2 
947	13 
948	1 
949	8 
950	13 
951	4 
952	4 
953	5 
954	9 
955	6 
956	9 
957	11 
958	10 
959	5 
960	10 
961	11 
962	5 
963	2 
964	8 
965	9 
966	8 
967	6 
968	8 
969	5 
970	4 
971	2 
972	2 
973	9 
974	6 
975	11 
976	11 
977	2 
978	1 
979	10 
980	9 
981	10 
982	4 
983	9 
984	7 
985	9 
986	6 
987	8 
988	1 
989	4 
990	9 
991	9 
992	8 
993	9 
994	7 
995	8 
996	5 
997	7 
998	5 
999	1 
1000	10 
