1	6 
2	12 
3	12 
4	4 
5	9 
6	11 
7	1 
8	13 
9	4 
10	11 
11	13 
12	7 
13	6 
14	13 
15	10 
16	13 
17	3 
18	10 
19	13 
20	7 
21	1 
22	7 
23	1 
24	5 
25	8 
26	6 
27	11 
28	1 
29	1 
30	11 
31	1 
32	12 
33	10 
34	10 
35	10 
36	13 
37	3 
38	8 
39	1 
40	7 
41	11 
42	13 
43	1 
44	7 
45	11 
46	7 
47	6 
48	4 
49	9 
50	1 
51	1 
52	13 
53	1 
54	8 
55	2 
56	11 
57	2 
58	10 
59	5 
60	3 
61	12 
62	7 
63	1 
64	10 
65	3 
66	12 
67	5 
68	7 
69	1 
70	4 
71	12 
72	6 
73	1 
74	13 
75	3 
76	2 
77	1 
78	13 
79	9 
80	1 
81	8 
82	5 
83	7 
84	8 
85	6 
86	7 
87	9 
88	11 
89	13 
90	8 
91	4 
92	10 
93	6 
94	5 
95	10 
96	12 
97	4 
98	9 
99	9 
100	8 
101	5 
102	1 
103	6 
104	11 
105	9 
106	1 
107	6 
108	1 
109	13 
110	10 
111	10 
112	6 
113	9 
114	5 
115	11 
116	5 
117	10 
118	13 
119	3 
120	4 
121	4 
122	1 
123	13 
124	8 
125	3 
126	2 
127	6 
128	1 
129	12 
130	13 
131	7 
132	5 
133	13 
134	1 
135	4 
136	11 
137	4 
138	10 
139	6 
140	10 
141	4 
142	1 
143	7 
144	9 
145	12 
146	4 
147	10 
148	3 
149	3 
150	4 
151	1 
152	11 
153	3 
154	10 
155	5 
156	2 
157	12 
158	3 
159	2 
160	5 
161	12 
162	10 
163	10 
164	6 
165	9 
166	1 
167	6 
168	10 
169	1 
170	12 
171	9 
172	7 
173	12 
174	10 
175	7 
176	8 
177	12 
178	4 
179	5 
180	9 
181	12 
182	3 
183	12 
184	13 
185	4 
186	5 
187	2 
188	7 
189	8 
190	11 
191	6 
192	10 
193	1 
194	9 
195	4 
196	10 
197	1 
198	11 
199	9 
200	6 
201	12 
202	6 
203	12 
204	8 
205	10 
206	1 
207	6 
208	9 
209	13 
210	11 
211	3 
212	2 
213	7 
214	12 
215	12 
216	1 
217	4 
218	9 
219	4 
220	1 
221	3 
222	2 
223	7 
224	6 
225	13 
226	3 
227	6 
228	13 
229	8 
230	11 
231	1 
232	8 
233	6 
234	8 
235	1 
236	12 
237	10 
238	8 
239	7 
240	4 
241	10 
242	12 
243	3 
244	10 
245	3 
246	7 
247	1 
248	8 
249	8 
250	11 
251	3 
252	12 
253	4 
254	2 
255	3 
256	8 
257	6 
258	12 
259	12 
260	4 
261	12 
262	4 
263	8 
264	9 
265	9 
266	6 
267	10 
268	5 
269	9 
270	11 
271	12 
272	10 
273	8 
274	13 
275	6 
276	8 
277	2 
278	9 
279	2 
280	7 
281	1 
282	3 
283	10 
284	8 
285	12 
286	5 
287	12 
288	8 
289	4 
290	7 
291	11 
292	1 
293	1 
294	4 
295	2 
296	9 
297	12 
298	13 
299	6 
300	3 
301	2 
302	4 
303	12 
304	1 
305	10 
306	4 
307	10 
308	6 
309	3 
310	3 
311	12 
312	2 
313	12 
314	9 
315	10 
316	6 
317	10 
318	8 
319	8 
320	1 
321	4 
322	5 
323	2 
324	8 
325	12 
326	9 
327	9 
328	8 
329	9 
330	7 
331	12 
332	8 
333	8 
334	7 
335	3 
336	8 
337	3 
338	8 
339	6 
340	7 
341	7 
342	8 
343	4 
344	8 
345	6 
346	4 
347	1 
348	10 
349	6 
350	4 
351	8 
352	1 
353	5 
354	6 
355	9 
356	7 
357	13 
358	6 
359	8 
360	7 
361	3 
362	1 
363	6 
364	2 
365	12 
366	9 
367	6 
368	3 
369	6 
370	10 
371	7 
372	5 
373	1 
374	4 
375	12 
376	4 
377	3 
378	9 
379	12 
380	1 
381	7 
382	1 
383	5 
384	4 
385	7 
386	5 
387	12 
388	4 
389	4 
390	12 
391	3 
392	8 
393	6 
394	12 
395	3 
396	2 
397	4 
398	11 
399	12 
400	12 
401	4 
402	13 
403	1 
404	1 
405	2 
406	3 
407	5 
408	11 
409	12 
410	1 
411	10 
412	13 
413	5 
414	10 
415	4 
416	1 
417	3 
418	4 
419	1 
420	4 
421	6 
422	7 
423	5 
424	11 
425	6 
426	5 
427	7 
428	8 
429	5 
430	8 
431	3 
432	1 
433	12 
434	6 
435	7 
436	5 
437	8 
438	1 
439	10 
440	9 
441	7 
442	11 
443	12 
444	10 
445	12 
446	1 
447	12 
448	12 
449	7 
450	12 
451	10 
452	2 
453	9 
454	3 
455	13 
456	5 
457	9 
458	1 
459	7 
460	13 
461	11 
462	2 
463	12 
464	13 
465	8 
466	7 
467	9 
468	12 
469	8 
470	9 
471	13 
472	1 
473	5 
474	4 
475	1 
476	4 
477	6 
478	8 
479	1 
480	10 
481	6 
482	5 
483	6 
484	12 
485	6 
486	8 
487	3 
488	10 
489	6 
490	12 
491	11 
492	2 
493	11 
494	12 
495	1 
496	7 
497	7 
498	11 
499	12 
500	5 
501	12 
502	2 
503	8 
504	8 
505	5 
506	7 
507	1 
508	8 
509	8 
510	6 
511	9 
512	12 
513	3 
514	8 
515	9 
516	4 
517	9 
518	6 
519	4 
520	2 
521	8 
522	9 
523	6 
524	12 
525	10 
526	1 
527	8 
528	3 
529	9 
530	10 
531	5 
532	10 
533	12 
534	5 
535	8 
536	13 
537	1 
538	10 
539	8 
540	11 
541	12 
542	8 
543	6 
544	13 
545	5 
546	9 
547	12 
548	7 
549	2 
550	8 
551	4 
552	10 
553	11 
554	13 
555	6 
556	6 
557	10 
558	5 
559	8 
560	6 
561	13 
562	11 
563	10 
564	13 
565	3 
566	12 
567	9 
568	11 
569	6 
570	8 
571	13 
572	3 
573	11 
574	4 
575	1 
576	2 
577	12 
578	13 
579	5 
580	9 
581	6 
582	9 
583	10 
584	4 
585	5 
586	13 
587	6 
588	8 
589	12 
590	8 
591	8 
592	7 
593	13 
594	4 
595	8 
596	8 
597	5 
598	5 
599	8 
600	10 
601	3 
602	1 
603	11 
604	12 
605	3 
606	1 
607	3 
608	2 
609	10 
610	13 
611	7 
612	1 
613	8 
614	6 
615	3 
616	3 
617	11 
618	7 
619	6 
620	13 
621	4 
622	10 
623	7 
624	6 
625	11 
626	8 
627	3 
628	12 
629	6 
630	13 
631	13 
632	2 
633	2 
634	6 
635	10 
636	8 
637	1 
638	5 
639	13 
640	1 
641	9 
642	12 
643	6 
644	4 
645	7 
646	6 
647	10 
648	13 
649	8 
650	8 
651	13 
652	1 
653	6 
654	8 
655	6 
656	12 
657	8 
658	8 
659	13 
660	1 
661	1 
662	7 
663	8 
664	1 
665	8 
666	12 
667	8 
668	7 
669	2 
670	10 
671	12 
672	1 
673	6 
674	6 
675	12 
676	12 
677	1 
678	6 
679	6 
680	4 
681	4 
682	10 
683	12 
684	6 
685	3 
686	9 
687	13 
688	4 
689	6 
690	5 
691	5 
692	6 
693	8 
694	5 
695	5 
696	9 
697	11 
698	8 
699	1 
700	7 
701	11 
702	8 
703	7 
704	13 
705	5 
706	8 
707	5 
708	6 
709	9 
710	3 
711	3 
712	1 
713	3 
714	9 
715	3 
716	13 
717	4 
718	12 
719	12 
720	8 
721	1 
722	6 
723	4 
724	12 
725	5 
726	6 
727	11 
728	8 
729	4 
730	7 
731	2 
732	5 
733	10 
734	12 
735	8 
736	8 
737	8 
738	2 
739	7 
740	12 
741	1 
742	8 
743	4 
744	3 
745	12 
746	8 
747	3 
748	6 
749	12 
750	4 
751	12 
752	3 
753	1 
754	3 
755	6 
756	5 
757	10 
758	8 
759	5 
760	1 
761	12 
762	8 
763	10 
764	3 
765	12 
766	10 
767	2 
768	10 
769	11 
770	7 
771	6 
772	2 
773	4 
774	8 
775	10 
776	12 
777	8 
778	8 
779	1 
780	10 
781	2 
782	3 
783	6 
784	4 
785	13 
786	8 
787	5 
788	1 
789	7 
790	8 
791	10 
792	12 
793	10 
794	8 
795	1 
796	8 
797	13 
798	10 
799	1 
800	9 
801	1 
802	7 
803	5 
804	4 
805	6 
806	13 
807	8 
808	6 
809	1 
810	10 
811	6 
812	13 
813	6 
814	6 
815	1 
816	13 
817	3 
818	11 
819	7 
820	5 
821	10 
822	2 
823	4 
824	1 
825	1 
826	5 
827	1 
828	9 
829	3 
830	6 
831	8 
832	4 
833	12 
834	7 
835	4 
836	11 
837	1 
838	8 
839	13 
840	6 
841	12 
842	3 
843	1 
844	6 
845	4 
846	2 
847	9 
848	8 
849	11 
850	6 
851	9 
852	6 
853	10 
854	10 
855	8 
856	6 
857	7 
858	1 
859	13 
860	6 
861	11 
862	2 
863	7 
864	1 
865	1 
866	8 
867	8 
868	3 
869	12 
870	9 
871	9 
872	3 
873	10 
874	7 
875	7 
876	13 
877	6 
878	8 
879	9 
880	7 
881	6 
882	5 
883	6 
884	9 
885	1 
886	8 
887	12 
888	3 
889	13 
890	1 
891	4 
892	6 
893	6 
894	9 
895	10 
896	11 
897	12 
898	5 
899	4 
900	12 
901	6 
902	4 
903	12 
904	3 
905	7 
906	7 
907	10 
908	7 
909	7 
910	10 
911	11 
912	6 
913	9 
914	8 
915	12 
916	8 
917	12 
918	3 
919	13 
920	8 
921	12 
922	12 
923	10 
924	11 
925	1 
926	6 
927	7 
928	9 
929	9 
930	4 
931	1 
932	8 
933	3 
934	6 
935	6 
936	12 
937	6 
938	6 
939	10 
940	12 
941	1 
942	5 
943	12 
944	8 
945	12 
946	5 
947	13 
948	3 
949	1 
950	1 
951	7 
952	1 
953	10 
954	8 
955	13 
956	6 
957	9 
958	7 
959	6 
960	10 
961	12 
962	9 
963	8 
964	1 
965	5 
966	3 
967	12 
968	3 
969	5 
970	3 
971	3 
972	6 
973	6 
974	10 
975	12 
976	6 
977	9 
978	6 
979	10 
980	13 
981	8 
982	4 
983	12 
984	8 
985	6 
986	5 
987	9 
988	10 
989	13 
990	1 
991	5 
992	12 
993	5 
994	1 
995	7 
996	3 
997	12 
998	13 
999	7 
1000	12 
