1	3 
2	12 
3	13 
4	9 
5	7 
6	4 
7	6 
8	13 
9	11 
10	1 
11	13 
12	9 
13	2 
14	6 
15	12 
16	9 
17	10 
18	2 
19	7 
20	7 
21	8 
22	3 
23	5 
24	13 
25	10 
26	1 
27	11 
28	11 
29	7 
30	13 
31	12 
32	2 
33	8 
34	12 
35	7 
36	11 
37	12 
38	2 
39	12 
40	1 
41	10 
42	6 
43	7 
44	7 
45	8 
46	13 
47	5 
48	11 
49	10 
50	10 
51	13 
52	11 
53	8 
54	2 
55	12 
56	11 
57	6 
58	11 
59	12 
60	1 
61	1 
62	11 
63	12 
64	9 
65	11 
66	1 
67	4 
68	13 
69	6 
70	2 
71	6 
72	7 
73	1 
74	11 
75	8 
76	7 
77	11 
78	4 
79	4 
80	5 
81	8 
82	12 
83	10 
84	3 
85	4 
86	4 
87	5 
88	7 
89	6 
90	6 
91	7 
92	8 
93	2 
94	7 
95	2 
96	5 
97	1 
98	3 
99	8 
100	1 
101	7 
102	7 
103	11 
104	4 
105	6 
106	8 
107	7 
108	7 
109	8 
110	11 
111	12 
112	10 
113	13 
114	11 
115	13 
116	6 
117	6 
118	1 
119	5 
120	5 
121	9 
122	5 
123	1 
124	11 
125	7 
126	2 
127	11 
128	13 
129	11 
130	1 
131	1 
132	11 
133	12 
134	4 
135	11 
136	4 
137	11 
138	8 
139	10 
140	7 
141	6 
142	9 
143	10 
144	13 
145	11 
146	1 
147	5 
148	10 
149	4 
150	13 
151	9 
152	7 
153	8 
154	1 
155	11 
156	6 
157	1 
158	1 
159	1 
160	8 
161	11 
162	3 
163	10 
164	3 
165	7 
166	13 
167	11 
168	3 
169	3 
170	4 
171	10 
172	12 
173	12 
174	8 
175	7 
176	8 
177	1 
178	7 
179	13 
180	1 
181	1 
182	11 
183	9 
184	5 
185	8 
186	2 
187	6 
188	12 
189	11 
190	10 
191	4 
192	13 
193	6 
194	2 
195	4 
196	7 
197	12 
198	3 
199	8 
200	9 
201	7 
202	8 
203	11 
204	11 
205	13 
206	2 
207	1 
208	5 
209	10 
210	4 
211	13 
212	7 
213	6 
214	10 
215	8 
216	1 
217	5 
218	1 
219	13 
220	13 
221	11 
222	3 
223	5 
224	12 
225	13 
226	11 
227	6 
228	9 
229	7 
230	4 
231	4 
232	9 
233	8 
234	11 
235	9 
236	7 
237	5 
238	11 
239	5 
240	8 
241	5 
242	6 
243	3 
244	4 
245	9 
246	10 
247	5 
248	11 
249	13 
250	10 
251	10 
252	5 
253	1 
254	2 
255	11 
256	1 
257	5 
258	1 
259	5 
260	3 
261	2 
262	12 
263	3 
264	2 
265	10 
266	5 
267	12 
268	1 
269	2 
270	9 
271	6 
272	10 
273	2 
274	11 
275	8 
276	10 
277	1 
278	10 
279	1 
280	8 
281	1 
282	1 
283	6 
284	9 
285	11 
286	11 
287	4 
288	1 
289	10 
290	3 
291	5 
292	4 
293	7 
294	12 
295	13 
296	3 
297	5 
298	5 
299	10 
300	9 
301	1 
302	1 
303	10 
304	11 
305	11 
306	13 
307	13 
308	12 
309	1 
310	1 
311	5 
312	11 
313	8 
314	11 
315	5 
316	12 
317	1 
318	8 
319	1 
320	6 
321	6 
322	7 
323	10 
324	2 
325	10 
326	10 
327	1 
328	1 
329	9 
330	13 
331	13 
332	5 
333	5 
334	12 
335	3 
336	5 
337	11 
338	3 
339	6 
340	4 
341	13 
342	11 
343	13 
344	11 
345	3 
346	7 
347	5 
348	2 
349	7 
350	12 
351	13 
352	2 
353	7 
354	12 
355	11 
356	1 
357	8 
358	11 
359	7 
360	5 
361	7 
362	10 
363	8 
364	7 
365	1 
366	2 
367	8 
368	13 
369	7 
370	6 
371	4 
372	3 
373	10 
374	9 
375	9 
376	5 
377	13 
378	5 
379	10 
380	1 
381	5 
382	11 
383	9 
384	11 
385	6 
386	12 
387	3 
388	11 
389	7 
390	2 
391	5 
392	10 
393	5 
394	7 
395	13 
396	5 
397	8 
398	7 
399	8 
400	2 
401	1 
402	9 
403	6 
404	6 
405	8 
406	2 
407	12 
408	11 
409	12 
410	1 
411	11 
412	13 
413	1 
414	13 
415	2 
416	10 
417	5 
418	11 
419	4 
420	13 
421	12 
422	13 
423	11 
424	12 
425	11 
426	4 
427	12 
428	6 
429	8 
430	3 
431	12 
432	3 
433	9 
434	6 
435	4 
436	10 
437	6 
438	1 
439	11 
440	11 
441	6 
442	3 
443	11 
444	7 
445	5 
446	5 
447	7 
448	7 
449	7 
450	3 
451	11 
452	1 
453	9 
454	1 
455	13 
456	7 
457	7 
458	12 
459	11 
460	13 
461	12 
462	6 
463	9 
464	13 
465	9 
466	10 
467	5 
468	11 
469	5 
470	13 
471	4 
472	5 
473	13 
474	1 
475	11 
476	13 
477	9 
478	6 
479	3 
480	7 
481	4 
482	7 
483	3 
484	11 
485	11 
486	13 
487	3 
488	11 
489	10 
490	8 
491	10 
492	8 
493	12 
494	2 
495	6 
496	1 
497	1 
498	3 
499	7 
500	11 
501	11 
502	9 
503	11 
504	12 
505	11 
506	12 
507	6 
508	12 
509	11 
510	2 
511	4 
512	9 
513	10 
514	5 
515	11 
516	5 
517	5 
518	10 
519	9 
520	4 
521	12 
522	8 
523	12 
524	10 
525	6 
526	5 
527	1 
528	13 
529	1 
530	3 
531	12 
532	12 
533	10 
534	8 
535	12 
536	8 
537	12 
538	13 
539	11 
540	2 
541	11 
542	1 
543	10 
544	10 
545	4 
546	8 
547	6 
548	11 
549	13 
550	8 
551	1 
552	13 
553	5 
554	3 
555	3 
556	7 
557	5 
558	13 
559	4 
560	11 
561	11 
562	13 
563	2 
564	13 
565	2 
566	8 
567	4 
568	3 
569	11 
570	5 
571	1 
572	6 
573	7 
574	11 
575	2 
576	1 
577	1 
578	4 
579	12 
580	2 
581	4 
582	7 
583	9 
584	9 
585	10 
586	10 
587	10 
588	6 
589	2 
590	1 
591	13 
592	10 
593	1 
594	13 
595	1 
596	7 
597	9 
598	13 
599	13 
600	5 
601	13 
602	13 
603	1 
604	10 
605	11 
606	6 
607	11 
608	10 
609	12 
610	13 
611	9 
612	10 
613	3 
614	3 
615	5 
616	9 
617	13 
618	1 
619	11 
620	8 
621	4 
622	8 
623	4 
624	10 
625	13 
626	13 
627	2 
628	11 
629	13 
630	4 
631	4 
632	3 
633	13 
634	7 
635	13 
636	7 
637	12 
638	6 
639	5 
640	7 
641	13 
642	13 
643	11 
644	13 
645	9 
646	3 
647	5 
648	13 
649	5 
650	13 
651	11 
652	11 
653	11 
654	12 
655	5 
656	6 
657	6 
658	9 
659	1 
660	13 
661	5 
662	8 
663	7 
664	12 
665	5 
666	12 
667	11 
668	5 
669	5 
670	13 
671	10 
672	6 
673	6 
674	7 
675	4 
676	10 
677	6 
678	9 
679	11 
680	1 
681	12 
682	13 
683	5 
684	1 
685	11 
686	13 
687	5 
688	1 
689	7 
690	2 
691	13 
692	5 
693	5 
694	6 
695	13 
696	1 
697	11 
698	12 
699	6 
700	7 
701	8 
702	12 
703	2 
704	1 
705	4 
706	12 
707	10 
708	4 
709	1 
710	3 
711	4 
712	7 
713	8 
714	7 
715	1 
716	4 
717	3 
718	6 
719	13 
720	11 
721	1 
722	8 
723	10 
724	11 
725	10 
726	13 
727	13 
728	6 
729	10 
730	10 
731	9 
732	13 
733	13 
734	13 
735	8 
736	11 
737	11 
738	9 
739	2 
740	12 
741	10 
742	13 
743	6 
744	5 
745	11 
746	7 
747	7 
748	12 
749	13 
750	7 
751	11 
752	1 
753	9 
754	13 
755	10 
756	8 
757	6 
758	13 
759	5 
760	12 
761	8 
762	6 
763	5 
764	7 
765	4 
766	1 
767	9 
768	3 
769	3 
770	5 
771	6 
772	5 
773	12 
774	1 
775	6 
776	11 
777	4 
778	8 
779	7 
780	9 
781	10 
782	7 
783	3 
784	7 
785	13 
786	4 
787	6 
788	6 
789	1 
790	7 
791	9 
792	1 
793	3 
794	11 
795	6 
796	11 
797	8 
798	9 
799	1 
800	2 
801	2 
802	2 
803	2 
804	8 
805	9 
806	9 
807	12 
808	5 
809	2 
810	13 
811	7 
812	1 
813	10 
814	4 
815	8 
816	11 
817	6 
818	5 
819	13 
820	12 
821	13 
822	4 
823	2 
824	5 
825	4 
826	2 
827	10 
828	5 
829	3 
830	7 
831	3 
832	6 
833	3 
834	1 
835	7 
836	2 
837	12 
838	1 
839	11 
840	11 
841	2 
842	11 
843	10 
844	7 
845	4 
846	13 
847	13 
848	11 
849	6 
850	11 
851	4 
852	8 
853	7 
854	7 
855	5 
856	8 
857	5 
858	5 
859	1 
860	12 
861	13 
862	13 
863	9 
864	11 
865	10 
866	13 
867	13 
868	3 
869	1 
870	13 
871	13 
872	7 
873	5 
874	10 
875	7 
876	5 
877	12 
878	1 
879	5 
880	5 
881	1 
882	5 
883	4 
884	5 
885	12 
886	13 
887	11 
888	1 
889	9 
890	13 
891	1 
892	5 
893	7 
894	8 
895	5 
896	3 
897	13 
898	10 
899	5 
900	5 
901	10 
902	7 
903	1 
904	1 
905	11 
906	12 
907	13 
908	9 
909	12 
910	9 
911	6 
912	10 
913	13 
914	6 
915	1 
916	3 
917	11 
918	5 
919	10 
920	8 
921	3 
922	7 
923	6 
924	8 
925	13 
926	7 
927	5 
928	8 
929	6 
930	7 
931	11 
932	8 
933	1 
934	8 
935	4 
936	13 
937	13 
938	13 
939	13 
940	13 
941	8 
942	13 
943	6 
944	10 
945	1 
946	8 
947	6 
948	9 
949	8 
950	9 
951	13 
952	6 
953	1 
954	7 
955	13 
956	9 
957	9 
958	13 
959	7 
960	13 
961	1 
962	11 
963	4 
964	9 
965	11 
966	9 
967	6 
968	8 
969	13 
970	10 
971	11 
972	8 
973	11 
974	5 
975	1 
976	1 
977	8 
978	7 
979	8 
980	1 
981	13 
982	7 
983	9 
984	13 
985	5 
986	8 
987	6 
988	7 
989	6 
990	10 
991	7 
992	5 
993	8 
994	12 
995	10 
996	12 
997	1 
998	10 
999	12 
1000	11 
