1	11 
2	2 
3	13 
4	14 
5	13 
6	15 
7	11 
8	13 
9	2 
10	12 
11	9 
12	4 
13	2 
14	4 
15	8 
16	14 
17	4 
18	9 
19	15 
20	8 
21	3 
22	12 
23	13 
24	4 
25	13 
26	13 
27	6 
28	1 
29	7 
30	2 
31	13 
32	8 
33	3 
34	1 
35	6 
36	14 
37	4 
38	8 
39	1 
40	11 
41	6 
42	9 
43	14 
44	14 
45	2 
46	11 
47	3 
48	5 
49	5 
50	5 
51	11 
52	11 
53	4 
54	10 
55	3 
56	5 
57	4 
58	9 
59	9 
60	15 
61	10 
62	11 
63	13 
64	1 
65	9 
66	5 
67	3 
68	12 
69	7 
70	1 
71	7 
72	13 
73	15 
74	6 
75	10 
76	14 
77	11 
78	15 
79	7 
80	1 
81	4 
82	1 
83	13 
84	5 
85	14 
86	7 
87	15 
88	4 
89	3 
90	13 
91	12 
92	9 
93	5 
94	13 
95	15 
96	13 
97	15 
98	14 
99	3 
100	7 
101	14 
102	7 
103	10 
104	1 
105	10 
106	13 
107	14 
108	8 
109	15 
110	4 
111	9 
112	9 
113	9 
114	15 
115	13 
116	12 
117	12 
118	2 
119	14 
120	13 
121	15 
122	15 
123	13 
124	6 
125	11 
126	4 
127	11 
128	10 
129	5 
130	15 
131	4 
132	8 
133	6 
134	1 
135	8 
136	12 
137	2 
138	14 
139	4 
140	2 
141	12 
142	5 
143	2 
144	2 
145	14 
146	15 
147	2 
148	12 
149	15 
150	9 
151	12 
152	8 
153	15 
154	3 
155	3 
156	1 
157	10 
158	3 
159	14 
160	8 
161	9 
162	7 
163	12 
164	5 
165	2 
166	4 
167	6 
168	2 
169	11 
170	3 
171	11 
172	2 
173	14 
174	9 
175	1 
176	2 
177	2 
178	15 
179	9 
180	11 
181	6 
182	5 
183	10 
184	8 
185	9 
186	11 
187	3 
188	3 
189	13 
190	2 
191	12 
192	5 
193	12 
194	6 
195	4 
196	4 
197	7 
198	8 
199	2 
200	10 
201	7 
202	13 
203	12 
204	2 
205	7 
206	12 
207	9 
208	15 
209	1 
210	2 
211	12 
212	5 
213	1 
214	11 
215	14 
216	9 
217	10 
218	15 
219	7 
220	2 
221	7 
222	1 
223	6 
224	12 
225	1 
226	14 
227	11 
228	6 
229	13 
230	12 
231	8 
232	10 
233	10 
234	5 
235	12 
236	8 
237	7 
238	15 
239	2 
240	8 
241	1 
242	7 
243	3 
244	14 
245	13 
246	1 
247	1 
248	7 
249	2 
250	10 
251	6 
252	6 
253	3 
254	7 
255	5 
256	5 
257	14 
258	5 
259	14 
260	9 
261	5 
262	15 
263	12 
264	9 
265	1 
266	4 
267	9 
268	6 
269	6 
270	14 
271	12 
272	10 
273	10 
274	9 
275	3 
276	10 
277	11 
278	7 
279	1 
280	13 
281	7 
282	14 
283	15 
284	2 
285	4 
286	4 
287	6 
288	5 
289	13 
290	7 
291	5 
292	15 
293	13 
294	1 
295	6 
296	11 
297	14 
298	6 
299	6 
300	4 
301	10 
302	1 
303	15 
304	4 
305	8 
306	10 
307	10 
308	2 
309	13 
310	15 
311	1 
312	10 
313	2 
314	15 
315	8 
316	1 
317	6 
318	14 
319	12 
320	8 
321	3 
322	5 
323	5 
324	13 
325	3 
326	13 
327	5 
328	14 
329	6 
330	7 
331	8 
332	7 
333	4 
334	13 
335	11 
336	9 
337	13 
338	2 
339	8 
340	4 
341	13 
342	8 
343	2 
344	9 
345	5 
346	5 
347	11 
348	4 
349	3 
350	11 
351	4 
352	1 
353	8 
354	10 
355	10 
356	2 
357	14 
358	7 
359	4 
360	8 
361	8 
362	2 
363	14 
364	10 
365	11 
366	11 
367	9 
368	10 
369	4 
370	4 
371	14 
372	9 
373	1 
374	12 
375	13 
376	15 
377	1 
378	4 
379	15 
380	7 
381	3 
382	15 
383	6 
384	4 
385	12 
386	7 
387	1 
388	14 
389	3 
390	14 
391	3 
392	4 
393	15 
394	10 
395	9 
396	13 
397	14 
398	10 
399	7 
400	13 
401	10 
402	12 
403	13 
404	8 
405	11 
406	3 
407	1 
408	15 
409	2 
410	13 
411	9 
412	3 
413	7 
414	15 
415	15 
416	2 
417	7 
418	12 
419	7 
420	5 
421	2 
422	7 
423	14 
424	3 
425	2 
426	10 
427	4 
428	10 
429	8 
430	3 
431	4 
432	11 
433	6 
434	14 
435	3 
436	3 
437	5 
438	5 
439	5 
440	3 
441	12 
442	8 
443	6 
444	15 
445	1 
446	10 
447	15 
448	10 
449	1 
450	8 
451	2 
452	9 
453	12 
454	6 
455	8 
456	2 
457	15 
458	12 
459	11 
460	9 
461	15 
462	8 
463	1 
464	3 
465	2 
466	6 
467	6 
468	5 
469	11 
470	3 
471	11 
472	3 
473	1 
474	6 
475	1 
476	9 
477	5 
478	13 
479	9 
480	12 
481	8 
482	10 
483	15 
484	5 
485	6 
486	8 
487	4 
488	15 
489	13 
490	10 
491	3 
492	5 
493	12 
494	10 
495	1 
496	12 
497	14 
498	14 
499	10 
500	7 
501	12 
502	7 
503	9 
504	13 
505	8 
506	6 
507	7 
508	13 
509	8 
510	6 
511	11 
512	12 
513	1 
514	6 
515	1 
516	12 
517	11 
518	2 
519	1 
520	14 
521	10 
522	12 
523	6 
524	9 
525	10 
526	7 
527	12 
528	6 
529	14 
530	8 
531	2 
532	7 
533	1 
534	14 
535	2 
536	12 
537	14 
538	13 
539	13 
540	2 
541	4 
542	3 
543	1 
544	8 
545	8 
546	8 
547	3 
548	15 
549	8 
550	8 
551	9 
552	12 
553	7 
554	2 
555	15 
556	8 
557	6 
558	12 
559	5 
560	10 
561	13 
562	2 
563	1 
564	13 
565	13 
566	15 
567	3 
568	6 
569	3 
570	12 
571	4 
572	7 
573	3 
574	9 
575	14 
576	11 
577	11 
578	14 
579	8 
580	5 
581	15 
582	10 
583	6 
584	14 
585	12 
586	10 
587	3 
588	13 
589	7 
590	5 
591	2 
592	11 
593	5 
594	2 
595	1 
596	11 
597	9 
598	15 
599	4 
600	3 
601	1 
602	11 
603	5 
604	12 
605	10 
606	9 
607	8 
608	1 
609	4 
610	4 
611	8 
612	10 
613	7 
614	9 
615	4 
616	6 
617	10 
618	8 
619	9 
620	13 
621	2 
622	6 
623	3 
624	12 
625	1 
626	14 
627	14 
628	3 
629	10 
630	13 
631	4 
632	15 
633	9 
634	11 
635	4 
636	7 
637	10 
638	8 
639	14 
640	6 
641	12 
642	11 
643	4 
644	6 
645	10 
646	11 
647	14 
648	1 
649	13 
650	14 
651	5 
652	10 
653	1 
654	2 
655	8 
656	1 
657	6 
658	14 
659	13 
660	1 
661	3 
662	8 
663	6 
664	14 
665	14 
666	4 
667	14 
668	11 
669	2 
670	14 
671	11 
672	15 
673	5 
674	4 
675	9 
676	13 
677	14 
678	3 
679	10 
680	9 
681	9 
682	3 
683	2 
684	6 
685	13 
686	8 
687	6 
688	10 
689	11 
690	3 
691	10 
692	11 
693	8 
694	10 
695	15 
696	15 
697	13 
698	11 
699	11 
700	7 
701	11 
702	9 
703	8 
704	4 
705	11 
706	13 
707	12 
708	6 
709	2 
710	7 
711	4 
712	5 
713	11 
714	10 
715	6 
716	5 
717	4 
718	2 
719	10 
720	10 
721	14 
722	9 
723	12 
724	13 
725	15 
726	5 
727	3 
728	4 
729	12 
730	5 
731	10 
732	15 
733	9 
734	7 
735	15 
736	8 
737	2 
738	15 
739	12 
740	13 
741	2 
742	8 
743	2 
744	9 
745	2 
746	4 
747	10 
748	10 
749	5 
750	5 
751	7 
752	11 
753	15 
754	4 
755	6 
756	4 
757	5 
758	12 
759	7 
760	4 
761	5 
762	14 
763	6 
764	7 
765	3 
766	10 
767	8 
768	14 
769	15 
770	1 
771	15 
772	15 
773	7 
774	12 
775	8 
776	5 
777	2 
778	7 
779	13 
780	1 
781	6 
782	1 
783	12 
784	10 
785	4 
786	13 
787	8 
788	14 
789	9 
790	5 
791	12 
792	10 
793	8 
794	5 
795	11 
796	2 
797	9 
798	9 
799	5 
800	4 
801	9 
802	9 
803	12 
804	11 
805	8 
806	14 
807	12 
808	9 
809	2 
810	10 
811	5 
812	15 
813	10 
814	11 
815	3 
816	12 
817	14 
818	12 
819	12 
820	11 
821	4 
822	2 
823	2 
824	3 
825	8 
826	2 
827	12 
828	10 
829	2 
830	14 
831	3 
832	12 
833	11 
834	13 
835	15 
836	11 
837	1 
838	13 
839	2 
840	15 
841	10 
842	14 
843	13 
844	4 
845	1 
846	1 
847	4 
848	13 
849	2 
850	3 
851	13 
852	15 
853	14 
854	13 
855	11 
856	1 
857	4 
858	12 
859	8 
860	13 
861	4 
862	8 
863	2 
864	8 
865	4 
866	1 
867	15 
868	10 
869	3 
870	11 
871	2 
872	10 
873	1 
874	3 
875	14 
876	1 
877	12 
878	15 
879	15 
880	13 
881	12 
882	15 
883	15 
884	15 
885	13 
886	15 
887	3 
888	3 
889	12 
890	3 
891	1 
892	11 
893	1 
894	10 
895	10 
896	12 
897	13 
898	11 
899	12 
900	12 
901	15 
902	1 
903	10 
904	12 
905	3 
906	11 
907	3 
908	15 
909	12 
910	3 
911	1 
912	15 
913	15 
914	12 
915	3 
916	12 
917	11 
918	15 
919	1 
920	11 
921	15 
922	11 
923	1 
924	11 
925	11 
926	11 
927	1 
928	12 
929	3 
930	12 
931	12 
932	15 
933	12 
934	12 
935	1 
936	1 
937	1 
938	11 
939	11 
940	11 
941	1 
942	11 
943	11 
944	11 
945	15 
946	11 
947	1 
948	1 
949	3 
950	15 
951	11 
952	1 
953	1 
954	11 
955	11 
956	1 
957	12 
958	11 
959	12 
960	1 
961	12 
962	1 
963	11 
964	1 
965	3 
966	12 
967	1 
968	12 
969	3 
970	11 
971	11 
972	12 
973	11 
974	3 
975	11 
976	12 
977	3 
978	3 
979	3 
980	3 
981	3 
982	3 
983	3 
984	3 
985	3 
986	3 
987	3 
988	3 
989	3 
990	3 
991	3 
992	3 
993	3 
994	3 
995	3 
996	3 
997	3 
998	3 
999	3 
1000	3 
