1	12 
2	7 
3	2 
4	2 
5	12 
6	16 
7	3 
8	14 
9	9 
10	12 
11	13 
12	1 
13	2 
14	3 
15	16 
16	13 
17	13 
18	12 
19	1 
20	7 
21	13 
22	3 
23	5 
24	5 
25	16 
26	15 
27	15 
28	10 
29	9 
30	10 
31	3 
32	1 
33	14 
34	4 
35	16 
36	4 
37	4 
38	1 
39	15 
40	16 
41	12 
42	10 
43	10 
44	3 
45	16 
46	15 
47	5 
48	7 
49	11 
50	4 
51	2 
52	16 
53	13 
54	1 
55	3 
56	16 
57	11 
58	6 
59	1 
60	6 
61	13 
62	6 
63	16 
64	9 
65	1 
66	4 
67	8 
68	4 
69	14 
70	3 
71	9 
72	13 
73	13 
74	6 
75	8 
76	2 
77	2 
78	2 
79	1 
80	2 
81	1 
82	9 
83	16 
84	7 
85	2 
86	9 
87	11 
88	13 
89	6 
90	15 
91	9 
92	10 
93	6 
94	4 
95	9 
96	11 
97	16 
98	2 
99	16 
100	8 
101	2 
102	8 
103	16 
104	5 
105	7 
106	10 
107	9 
108	1 
109	6 
110	2 
111	4 
112	12 
113	15 
114	9 
115	14 
116	10 
117	3 
118	11 
119	6 
120	1 
121	6 
122	5 
123	13 
124	15 
125	4 
126	13 
127	12 
128	9 
129	16 
130	13 
131	12 
132	2 
133	13 
134	15 
135	16 
136	11 
137	1 
138	10 
139	13 
140	8 
141	3 
142	16 
143	8 
144	16 
145	2 
146	10 
147	10 
148	11 
149	1 
150	1 
151	3 
152	15 
153	5 
154	2 
155	16 
156	11 
157	4 
158	12 
159	3 
160	2 
161	6 
162	1 
163	4 
164	13 
165	16 
166	1 
167	10 
168	5 
169	11 
170	4 
171	4 
172	10 
173	7 
174	11 
175	2 
176	11 
177	11 
178	16 
179	10 
180	1 
181	12 
182	8 
183	4 
184	14 
185	8 
186	14 
187	6 
188	15 
189	14 
190	16 
191	6 
192	1 
193	7 
194	5 
195	8 
196	14 
197	9 
198	10 
199	10 
200	3 
201	7 
202	7 
203	6 
204	14 
205	14 
206	15 
207	6 
208	11 
209	16 
210	6 
211	3 
212	9 
213	10 
214	14 
215	8 
216	5 
217	14 
218	13 
219	5 
220	13 
221	8 
222	2 
223	14 
224	1 
225	14 
226	2 
227	6 
228	2 
229	14 
230	12 
231	16 
232	12 
233	16 
234	9 
235	3 
236	4 
237	15 
238	13 
239	9 
240	12 
241	7 
242	15 
243	15 
244	1 
245	4 
246	2 
247	15 
248	7 
249	14 
250	14 
251	14 
252	8 
253	4 
254	1 
255	15 
256	6 
257	16 
258	10 
259	11 
260	10 
261	9 
262	8 
263	16 
264	16 
265	4 
266	1 
267	13 
268	14 
269	12 
270	14 
271	14 
272	8 
273	7 
274	9 
275	9 
276	13 
277	8 
278	1 
279	12 
280	1 
281	12 
282	11 
283	13 
284	14 
285	15 
286	10 
287	3 
288	12 
289	11 
290	15 
291	16 
292	6 
293	5 
294	9 
295	15 
296	1 
297	16 
298	7 
299	5 
300	3 
301	15 
302	9 
303	5 
304	15 
305	2 
306	16 
307	11 
308	3 
309	4 
310	1 
311	9 
312	13 
313	5 
314	3 
315	16 
316	14 
317	8 
318	15 
319	1 
320	7 
321	2 
322	5 
323	14 
324	4 
325	3 
326	9 
327	8 
328	6 
329	5 
330	8 
331	4 
332	11 
333	12 
334	8 
335	7 
336	5 
337	16 
338	4 
339	7 
340	1 
341	1 
342	16 
343	13 
344	14 
345	4 
346	10 
347	7 
348	14 
349	14 
350	6 
351	11 
352	3 
353	13 
354	10 
355	10 
356	16 
357	9 
358	15 
359	7 
360	7 
361	4 
362	9 
363	10 
364	16 
365	16 
366	15 
367	16 
368	16 
369	1 
370	11 
371	13 
372	7 
373	3 
374	5 
375	9 
376	2 
377	7 
378	4 
379	5 
380	1 
381	8 
382	5 
383	5 
384	4 
385	8 
386	10 
387	7 
388	12 
389	3 
390	6 
391	4 
392	9 
393	14 
394	3 
395	9 
396	3 
397	12 
398	10 
399	1 
400	7 
401	12 
402	2 
403	16 
404	4 
405	10 
406	4 
407	6 
408	12 
409	9 
410	7 
411	5 
412	15 
413	3 
414	1 
415	9 
416	6 
417	16 
418	1 
419	12 
420	9 
421	7 
422	11 
423	3 
424	13 
425	9 
426	9 
427	16 
428	3 
429	13 
430	16 
431	1 
432	13 
433	7 
434	15 
435	16 
436	9 
437	10 
438	8 
439	8 
440	15 
441	2 
442	6 
443	1 
444	9 
445	9 
446	8 
447	15 
448	12 
449	2 
450	6 
451	10 
452	13 
453	4 
454	7 
455	9 
456	12 
457	15 
458	1 
459	11 
460	8 
461	6 
462	12 
463	3 
464	1 
465	6 
466	5 
467	1 
468	16 
469	3 
470	10 
471	10 
472	16 
473	16 
474	2 
475	16 
476	1 
477	5 
478	1 
479	13 
480	12 
481	5 
482	8 
483	13 
484	6 
485	1 
486	11 
487	13 
488	2 
489	9 
490	12 
491	15 
492	16 
493	15 
494	11 
495	10 
496	14 
497	2 
498	6 
499	12 
500	15 
501	16 
502	5 
503	5 
504	5 
505	1 
506	8 
507	15 
508	8 
509	15 
510	9 
511	9 
512	14 
513	7 
514	8 
515	12 
516	6 
517	16 
518	7 
519	9 
520	7 
521	11 
522	5 
523	15 
524	13 
525	3 
526	11 
527	12 
528	3 
529	14 
530	14 
531	8 
532	12 
533	13 
534	12 
535	3 
536	9 
537	9 
538	5 
539	13 
540	5 
541	9 
542	4 
543	2 
544	7 
545	11 
546	13 
547	1 
548	8 
549	15 
550	16 
551	6 
552	16 
553	11 
554	5 
555	12 
556	12 
557	9 
558	7 
559	11 
560	3 
561	8 
562	15 
563	3 
564	15 
565	16 
566	15 
567	16 
568	8 
569	4 
570	3 
571	14 
572	12 
573	6 
574	16 
575	8 
576	16 
577	16 
578	9 
579	1 
580	3 
581	16 
582	4 
583	6 
584	1 
585	15 
586	8 
587	8 
588	5 
589	13 
590	13 
591	13 
592	8 
593	4 
594	16 
595	14 
596	5 
597	9 
598	15 
599	1 
600	5 
601	3 
602	15 
603	5 
604	16 
605	16 
606	11 
607	8 
608	5 
609	1 
610	5 
611	3 
612	8 
613	11 
614	13 
615	16 
616	8 
617	12 
618	13 
619	4 
620	3 
621	13 
622	16 
623	16 
624	15 
625	4 
626	1 
627	4 
628	1 
629	13 
630	13 
631	5 
632	16 
633	9 
634	13 
635	12 
636	12 
637	16 
638	3 
639	13 
640	1 
641	8 
642	13 
643	13 
644	16 
645	1 
646	1 
647	9 
648	3 
649	12 
650	13 
651	16 
652	4 
653	11 
654	9 
655	9 
656	16 
657	9 
658	4 
659	12 
660	11 
661	5 
662	13 
663	12 
664	9 
665	16 
666	11 
667	5 
668	1 
669	4 
670	3 
671	1 
672	3 
673	5 
674	5 
675	5 
676	5 
677	5 
678	8 
679	15 
680	11 
681	9 
682	13 
683	11 
684	4 
685	4 
686	12 
687	3 
688	16 
689	1 
690	8 
691	1 
692	11 
693	15 
694	11 
695	11 
696	1 
697	16 
698	8 
699	5 
700	3 
701	3 
702	15 
703	3 
704	8 
705	16 
706	1 
707	13 
708	4 
709	9 
710	13 
711	1 
712	4 
713	3 
714	12 
715	5 
716	15 
717	1 
718	8 
719	5 
720	8 
721	9 
722	15 
723	15 
724	3 
725	11 
726	3 
727	15 
728	8 
729	13 
730	11 
731	9 
732	11 
733	11 
734	8 
735	13 
736	16 
737	15 
738	8 
739	16 
740	13 
741	8 
742	15 
743	13 
744	9 
745	1 
746	5 
747	13 
748	16 
749	16 
750	1 
751	16 
752	15 
753	4 
754	3 
755	11 
756	4 
757	1 
758	13 
759	3 
760	1 
761	1 
762	16 
763	9 
764	15 
765	8 
766	11 
767	11 
768	5 
769	16 
770	5 
771	16 
772	9 
773	8 
774	15 
775	1 
776	4 
777	11 
778	3 
779	1 
780	4 
781	16 
782	16 
783	8 
784	1 
785	11 
786	5 
787	3 
788	15 
789	4 
790	16 
791	11 
792	16 
793	3 
794	9 
795	8 
796	15 
797	1 
798	1 
799	13 
800	15 
801	8 
802	15 
803	4 
804	5 
805	16 
806	11 
807	8 
808	1 
809	11 
810	16 
811	3 
812	15 
813	1 
814	8 
815	3 
816	9 
817	8 
818	16 
819	13 
820	1 
821	4 
822	4 
823	16 
824	13 
825	1 
826	13 
827	15 
828	3 
829	13 
830	8 
831	5 
832	16 
833	5 
834	1 
835	1 
836	5 
837	16 
838	4 
839	16 
840	5 
841	9 
842	13 
843	16 
844	3 
845	15 
846	4 
847	5 
848	15 
849	13 
850	3 
851	4 
852	9 
853	8 
854	16 
855	1 
856	9 
857	1 
858	3 
859	3 
860	1 
861	16 
862	5 
863	5 
864	1 
865	16 
866	13 
867	13 
868	16 
869	3 
870	9 
871	5 
872	8 
873	3 
874	3 
875	8 
876	16 
877	3 
878	8 
879	16 
880	15 
881	13 
882	8 
883	5 
884	9 
885	3 
886	15 
887	1 
888	5 
889	15 
890	3 
891	13 
892	5 
893	16 
894	1 
895	9 
896	3 
897	1 
898	9 
899	13 
900	3 
901	16 
902	5 
903	16 
904	15 
905	13 
906	1 
907	1 
908	15 
909	15 
910	9 
911	5 
912	9 
913	16 
914	3 
915	16 
916	9 
917	13 
918	13 
919	5 
920	9 
921	16 
922	15 
923	9 
924	3 
925	15 
926	15 
927	3 
928	16 
929	15 
930	9 
931	3 
932	1 
933	16 
934	15 
935	15 
936	9 
937	3 
938	16 
939	15 
940	1 
941	1 
942	9 
943	13 
944	15 
945	9 
946	15 
947	13 
948	9 
949	15 
950	9 
951	1 
952	3 
953	3 
954	1 
955	1 
956	9 
957	15 
958	15 
959	13 
960	3 
961	9 
962	16 
963	13 
964	13 
965	9 
966	1 
967	16 
968	13 
969	9 
970	13 
971	9 
972	15 
973	13 
974	1 
975	16 
976	15 
977	13 
978	15 
979	13 
980	9 
981	15 
982	15 
983	13 
984	1 
985	1 
986	9 
987	15 
988	1 
989	15 
990	1 
991	16 
992	1 
993	16 
994	1 
995	1 
996	1 
997	1 
998	16 
999	16 
1000	16 
