1	7 
2	5 
3	3 
4	13 
5	8 
6	10 
7	15 
8	14 
9	8 
10	10 
11	11 
12	10 
13	10 
14	9 
15	4 
16	12 
17	5 
18	2 
19	13 
20	12 
21	14 
22	4 
23	3 
24	12 
25	1 
26	10 
27	4 
28	7 
29	3 
30	14 
31	3 
32	7 
33	12 
34	5 
35	2 
36	3 
37	12 
38	10 
39	2 
40	9 
41	10 
42	11 
43	8 
44	13 
45	15 
46	10 
47	7 
48	8 
49	10 
50	3 
51	7 
52	1 
53	9 
54	1 
55	6 
56	13 
57	4 
58	13 
59	9 
60	1 
61	10 
62	14 
63	5 
64	11 
65	11 
66	3 
67	4 
68	1 
69	5 
70	14 
71	6 
72	15 
73	8 
74	8 
75	13 
76	14 
77	12 
78	1 
79	11 
80	4 
81	12 
82	5 
83	14 
84	12 
85	2 
86	2 
87	10 
88	5 
89	13 
90	15 
91	15 
92	3 
93	10 
94	15 
95	15 
96	5 
97	3 
98	14 
99	6 
100	11 
101	3 
102	5 
103	10 
104	3 
105	11 
106	8 
107	13 
108	10 
109	12 
110	6 
111	11 
112	15 
113	4 
114	4 
115	12 
116	5 
117	12 
118	12 
119	3 
120	15 
121	2 
122	10 
123	6 
124	10 
125	3 
126	2 
127	9 
128	11 
129	12 
130	9 
131	3 
132	4 
133	13 
134	11 
135	6 
136	5 
137	9 
138	4 
139	9 
140	8 
141	3 
142	2 
143	3 
144	3 
145	9 
146	8 
147	4 
148	6 
149	10 
150	15 
151	10 
152	9 
153	7 
154	3 
155	10 
156	10 
157	12 
158	7 
159	6 
160	15 
161	7 
162	12 
163	8 
164	14 
165	13 
166	14 
167	11 
168	12 
169	1 
170	11 
171	1 
172	4 
173	2 
174	3 
175	8 
176	2 
177	9 
178	4 
179	9 
180	11 
181	7 
182	6 
183	3 
184	13 
185	6 
186	3 
187	9 
188	11 
189	10 
190	11 
191	8 
192	8 
193	13 
194	9 
195	3 
196	12 
197	2 
198	13 
199	10 
200	5 
201	9 
202	2 
203	5 
204	3 
205	1 
206	5 
207	6 
208	4 
209	11 
210	3 
211	6 
212	1 
213	3 
214	6 
215	12 
216	11 
217	6 
218	10 
219	3 
220	5 
221	3 
222	6 
223	3 
224	12 
225	2 
226	3 
227	14 
228	8 
229	13 
230	10 
231	14 
232	7 
233	14 
234	6 
235	12 
236	12 
237	4 
238	3 
239	12 
240	10 
241	3 
242	15 
243	7 
244	6 
245	1 
246	10 
247	7 
248	6 
249	7 
250	15 
251	5 
252	1 
253	12 
254	12 
255	7 
256	3 
257	13 
258	3 
259	7 
260	13 
261	9 
262	4 
263	2 
264	6 
265	1 
266	15 
267	2 
268	12 
269	4 
270	1 
271	8 
272	14 
273	2 
274	9 
275	14 
276	8 
277	4 
278	14 
279	3 
280	1 
281	10 
282	6 
283	1 
284	2 
285	4 
286	8 
287	2 
288	11 
289	2 
290	8 
291	2 
292	2 
293	4 
294	10 
295	5 
296	10 
297	11 
298	5 
299	9 
300	14 
301	11 
302	6 
303	1 
304	5 
305	7 
306	5 
307	12 
308	2 
309	12 
310	12 
311	7 
312	15 
313	9 
314	4 
315	3 
316	7 
317	2 
318	2 
319	11 
320	10 
321	12 
322	10 
323	10 
324	10 
325	15 
326	5 
327	3 
328	6 
329	11 
330	12 
331	8 
332	7 
333	8 
334	5 
335	4 
336	5 
337	5 
338	13 
339	3 
340	4 
341	4 
342	7 
343	13 
344	15 
345	10 
346	6 
347	9 
348	12 
349	14 
350	9 
351	3 
352	13 
353	15 
354	8 
355	5 
356	11 
357	15 
358	12 
359	2 
360	11 
361	13 
362	10 
363	10 
364	3 
365	14 
366	9 
367	2 
368	11 
369	3 
370	6 
371	14 
372	5 
373	13 
374	12 
375	9 
376	8 
377	12 
378	5 
379	2 
380	4 
381	5 
382	5 
383	11 
384	15 
385	8 
386	11 
387	13 
388	9 
389	2 
390	3 
391	14 
392	15 
393	2 
394	5 
395	2 
396	11 
397	7 
398	15 
399	12 
400	10 
401	10 
402	2 
403	15 
404	3 
405	9 
406	6 
407	12 
408	6 
409	1 
410	5 
411	2 
412	1 
413	14 
414	14 
415	7 
416	8 
417	9 
418	11 
419	12 
420	7 
421	1 
422	5 
423	4 
424	9 
425	7 
426	4 
427	12 
428	15 
429	13 
430	5 
431	12 
432	4 
433	6 
434	7 
435	12 
436	5 
437	14 
438	3 
439	8 
440	12 
441	1 
442	14 
443	14 
444	9 
445	12 
446	4 
447	14 
448	5 
449	11 
450	10 
451	12 
452	3 
453	5 
454	10 
455	3 
456	7 
457	15 
458	5 
459	6 
460	5 
461	10 
462	13 
463	14 
464	11 
465	10 
466	14 
467	7 
468	11 
469	6 
470	2 
471	10 
472	9 
473	5 
474	1 
475	5 
476	5 
477	7 
478	13 
479	10 
480	10 
481	4 
482	12 
483	10 
484	11 
485	1 
486	12 
487	12 
488	5 
489	14 
490	13 
491	13 
492	6 
493	13 
494	14 
495	11 
496	12 
497	1 
498	12 
499	2 
500	3 
501	1 
502	8 
503	5 
504	3 
505	6 
506	10 
507	6 
508	4 
509	5 
510	5 
511	1 
512	9 
513	12 
514	15 
515	2 
516	14 
517	12 
518	10 
519	2 
520	12 
521	10 
522	15 
523	10 
524	2 
525	3 
526	3 
527	6 
528	4 
529	13 
530	3 
531	13 
532	7 
533	15 
534	7 
535	12 
536	12 
537	4 
538	4 
539	5 
540	4 
541	7 
542	10 
543	2 
544	6 
545	3 
546	10 
547	15 
548	14 
549	15 
550	5 
551	8 
552	1 
553	10 
554	8 
555	15 
556	9 
557	11 
558	2 
559	10 
560	5 
561	10 
562	2 
563	11 
564	5 
565	11 
566	15 
567	6 
568	2 
569	7 
570	7 
571	10 
572	5 
573	10 
574	4 
575	10 
576	1 
577	11 
578	9 
579	11 
580	8 
581	8 
582	1 
583	13 
584	8 
585	5 
586	13 
587	1 
588	3 
589	11 
590	9 
591	1 
592	4 
593	4 
594	2 
595	2 
596	3 
597	13 
598	10 
599	11 
600	4 
601	4 
602	12 
603	11 
604	10 
605	12 
606	13 
607	4 
608	5 
609	9 
610	5 
611	13 
612	3 
613	5 
614	6 
615	2 
616	4 
617	7 
618	11 
619	15 
620	15 
621	12 
622	4 
623	9 
624	1 
625	7 
626	1 
627	1 
628	15 
629	11 
630	1 
631	13 
632	10 
633	5 
634	6 
635	3 
636	2 
637	2 
638	13 
639	12 
640	7 
641	5 
642	3 
643	1 
644	13 
645	15 
646	12 
647	7 
648	10 
649	3 
650	4 
651	1 
652	4 
653	11 
654	15 
655	15 
656	12 
657	6 
658	8 
659	4 
660	1 
661	12 
662	6 
663	8 
664	3 
665	3 
666	7 
667	10 
668	10 
669	11 
670	15 
671	12 
672	10 
673	14 
674	8 
675	12 
676	14 
677	14 
678	12 
679	1 
680	7 
681	6 
682	5 
683	8 
684	14 
685	1 
686	5 
687	11 
688	15 
689	13 
690	10 
691	3 
692	2 
693	12 
694	13 
695	5 
696	5 
697	13 
698	7 
699	10 
700	2 
701	11 
702	13 
703	14 
704	4 
705	3 
706	8 
707	8 
708	1 
709	8 
710	14 
711	5 
712	4 
713	14 
714	8 
715	1 
716	4 
717	15 
718	1 
719	8 
720	12 
721	3 
722	13 
723	14 
724	11 
725	3 
726	4 
727	4 
728	12 
729	3 
730	8 
731	14 
732	12 
733	6 
734	3 
735	15 
736	6 
737	2 
738	10 
739	3 
740	8 
741	3 
742	3 
743	3 
744	15 
745	5 
746	4 
747	10 
748	11 
749	5 
750	4 
751	10 
752	14 
753	6 
754	8 
755	5 
756	3 
757	2 
758	10 
759	6 
760	6 
761	11 
762	5 
763	5 
764	12 
765	14 
766	4 
767	5 
768	3 
769	8 
770	5 
771	11 
772	10 
773	8 
774	15 
775	10 
776	4 
777	11 
778	11 
779	15 
780	15 
781	14 
782	3 
783	15 
784	3 
785	10 
786	14 
787	3 
788	15 
789	2 
790	15 
791	8 
792	12 
793	10 
794	12 
795	12 
796	11 
797	8 
798	12 
799	4 
800	12 
801	8 
802	14 
803	12 
804	5 
805	3 
806	11 
807	15 
808	11 
809	14 
810	10 
811	10 
812	12 
813	10 
814	2 
815	5 
816	10 
817	14 
818	11 
819	14 
820	10 
821	2 
822	12 
823	4 
824	10 
825	14 
826	5 
827	12 
828	14 
829	5 
830	10 
831	2 
832	5 
833	12 
834	11 
835	11 
836	10 
837	5 
838	10 
839	2 
840	2 
841	11 
842	3 
843	4 
844	11 
845	11 
846	3 
847	12 
848	14 
849	11 
850	14 
851	14 
852	4 
853	2 
854	12 
855	11 
856	2 
857	4 
858	3 
859	2 
860	5 
861	4 
862	12 
863	5 
864	12 
865	4 
866	2 
867	5 
868	5 
869	2 
870	12 
871	11 
872	4 
873	5 
874	5 
875	2 
876	10 
877	3 
878	5 
879	12 
880	4 
881	3 
882	12 
883	5 
884	10 
885	4 
886	12 
887	10 
888	3 
889	11 
890	3 
891	2 
892	12 
893	10 
894	11 
895	12 
896	11 
897	4 
898	10 
899	10 
900	11 
901	11 
902	12 
903	2 
904	11 
905	4 
906	5 
907	10 
908	12 
909	3 
910	12 
911	10 
912	3 
913	2 
914	2 
915	12 
916	5 
917	10 
918	2 
919	12 
920	5 
921	10 
922	4 
923	10 
924	5 
925	2 
926	5 
927	3 
928	11 
929	5 
930	10 
931	5 
932	10 
933	10 
934	5 
935	5 
936	5 
937	12 
938	3 
939	10 
940	5 
941	5 
942	11 
943	5 
944	12 
945	5 
946	10 
947	12 
948	12 
949	3 
950	12 
951	12 
952	3 
953	3 
954	5 
955	12 
956	12 
957	12 
958	12 
959	3 
960	10 
961	3 
962	10 
963	12 
964	3 
965	3 
966	5 
967	12 
968	3 
969	5 
970	10 
971	12 
972	12 
973	3 
974	3 
975	3 
976	3 
977	5 
978	12 
979	12 
980	10 
981	3 
982	10 
983	12 
984	3 
985	5 
986	3 
987	5 
988	3 
989	5 
990	12 
991	5 
992	3 
993	12 
994	10 
995	3 
996	3 
997	5 
998	3 
999	5 
1000	12 
