1	13 
2	6 
3	3 
4	14 
5	10 
6	19 
7	2 
8	17 
9	21 
10	19 
11	19 
12	12 
13	16 
14	5 
15	16 
16	21 
17	16 
18	1 
19	6 
20	3 
21	14 
22	11 
23	11 
24	12 
25	6 
26	17 
27	3 
28	13 
29	7 
30	2 
31	16 
32	21 
33	14 
34	6 
35	5 
36	21 
37	1 
38	6 
39	17 
40	2 
41	6 
42	11 
43	9 
44	17 
45	2 
46	17 
47	19 
48	6 
49	11 
50	6 
51	7 
52	11 
53	16 
54	10 
55	5 
56	20 
57	9 
58	9 
59	17 
60	19 
61	6 
62	4 
63	15 
64	14 
65	6 
66	14 
67	12 
68	17 
69	12 
70	10 
71	7 
72	17 
73	11 
74	12 
75	8 
76	4 
77	13 
78	21 
79	3 
80	14 
81	17 
82	2 
83	7 
84	21 
85	2 
86	17 
87	6 
88	8 
89	14 
90	17 
91	13 
92	9 
93	14 
94	21 
95	10 
96	20 
97	11 
98	6 
99	7 
100	4 
101	21 
102	12 
103	8 
104	2 
105	17 
106	2 
107	11 
108	18 
109	16 
110	9 
111	14 
112	11 
113	19 
114	19 
115	18 
116	16 
117	6 
118	6 
119	3 
120	2 
121	4 
122	5 
123	12 
124	17 
125	1 
126	12 
127	12 
128	13 
129	18 
130	10 
131	6 
132	17 
133	16 
134	16 
135	12 
136	13 
137	11 
138	16 
139	4 
140	6 
141	11 
142	17 
143	8 
144	16 
145	14 
146	1 
147	9 
148	14 
149	18 
150	12 
151	8 
152	8 
153	2 
154	13 
155	8 
156	20 
157	17 
158	6 
159	17 
160	18 
161	14 
162	5 
163	16 
164	20 
165	12 
166	6 
167	18 
168	5 
169	2 
170	7 
171	4 
172	12 
173	2 
174	11 
175	6 
176	14 
177	20 
178	16 
179	4 
180	13 
181	12 
182	20 
183	6 
184	17 
185	12 
186	8 
187	6 
188	14 
189	17 
190	10 
191	9 
192	8 
193	6 
194	16 
195	7 
196	3 
197	4 
198	2 
199	19 
200	9 
201	20 
202	2 
203	14 
204	3 
205	17 
206	4 
207	20 
208	21 
209	14 
210	3 
211	7 
212	9 
213	5 
214	15 
215	17 
216	4 
217	7 
218	6 
219	13 
220	7 
221	16 
222	2 
223	6 
224	12 
225	14 
226	16 
227	5 
228	19 
229	2 
230	14 
231	8 
232	7 
233	8 
234	1 
235	6 
236	16 
237	2 
238	7 
239	19 
240	13 
241	9 
242	2 
243	19 
244	2 
245	16 
246	1 
247	13 
248	16 
249	7 
250	20 
251	21 
252	7 
253	3 
254	13 
255	16 
256	14 
257	21 
258	6 
259	8 
260	10 
261	2 
262	14 
263	7 
264	13 
265	16 
266	21 
267	14 
268	19 
269	15 
270	12 
271	19 
272	2 
273	6 
274	6 
275	9 
276	7 
277	20 
278	12 
279	15 
280	11 
281	17 
282	2 
283	18 
284	6 
285	14 
286	18 
287	12 
288	16 
289	3 
290	17 
291	7 
292	14 
293	9 
294	14 
295	14 
296	13 
297	8 
298	16 
299	21 
300	14 
301	5 
302	7 
303	11 
304	5 
305	17 
306	12 
307	13 
308	9 
309	17 
310	2 
311	20 
312	8 
313	13 
314	3 
315	9 
316	21 
317	16 
318	3 
319	8 
320	21 
321	16 
322	21 
323	20 
324	17 
325	4 
326	14 
327	4 
328	4 
329	5 
330	12 
331	20 
332	19 
333	10 
334	19 
335	3 
336	6 
337	17 
338	20 
339	3 
340	1 
341	4 
342	13 
343	13 
344	11 
345	16 
346	17 
347	6 
348	17 
349	16 
350	19 
351	6 
352	3 
353	17 
354	7 
355	17 
356	6 
357	18 
358	14 
359	4 
360	14 
361	11 
362	4 
363	4 
364	1 
365	20 
366	14 
367	7 
368	15 
369	8 
370	14 
371	5 
372	10 
373	14 
374	9 
375	5 
376	9 
377	4 
378	16 
379	6 
380	19 
381	14 
382	21 
383	3 
384	9 
385	1 
386	6 
387	15 
388	9 
389	19 
390	12 
391	14 
392	4 
393	1 
394	21 
395	19 
396	1 
397	21 
398	20 
399	6 
400	14 
401	6 
402	12 
403	5 
404	4 
405	9 
406	19 
407	6 
408	8 
409	9 
410	10 
411	8 
412	3 
413	15 
414	13 
415	16 
416	8 
417	2 
418	10 
419	4 
420	21 
421	4 
422	17 
423	6 
424	18 
425	13 
426	11 
427	6 
428	17 
429	21 
430	9 
431	2 
432	8 
433	5 
434	20 
435	3 
436	15 
437	6 
438	14 
439	7 
440	20 
441	13 
442	7 
443	7 
444	1 
445	17 
446	4 
447	14 
448	4 
449	8 
450	11 
451	1 
452	12 
453	20 
454	11 
455	15 
456	4 
457	2 
458	8 
459	15 
460	6 
461	15 
462	5 
463	5 
464	12 
465	9 
466	6 
467	1 
468	18 
469	16 
470	15 
471	11 
472	8 
473	19 
474	11 
475	17 
476	11 
477	6 
478	8 
479	16 
480	4 
481	18 
482	20 
483	20 
484	12 
485	12 
486	1 
487	14 
488	9 
489	1 
490	14 
491	11 
492	8 
493	17 
494	20 
495	19 
496	7 
497	1 
498	13 
499	13 
500	12 
501	6 
502	17 
503	7 
504	2 
505	9 
506	13 
507	7 
508	2 
509	13 
510	18 
511	11 
512	9 
513	15 
514	17 
515	9 
516	14 
517	16 
518	8 
519	3 
520	2 
521	6 
522	4 
523	19 
524	21 
525	5 
526	9 
527	3 
528	14 
529	13 
530	6 
531	10 
532	8 
533	14 
534	4 
535	16 
536	16 
537	16 
538	14 
539	8 
540	20 
541	10 
542	9 
543	11 
544	19 
545	1 
546	11 
547	19 
548	2 
549	2 
550	13 
551	17 
552	5 
553	14 
554	14 
555	2 
556	3 
557	4 
558	21 
559	8 
560	16 
561	6 
562	4 
563	16 
564	2 
565	2 
566	10 
567	8 
568	21 
569	12 
570	20 
571	20 
572	13 
573	18 
574	14 
575	9 
576	9 
577	9 
578	10 
579	2 
580	11 
581	8 
582	11 
583	3 
584	1 
585	12 
586	9 
587	2 
588	16 
589	12 
590	7 
591	18 
592	5 
593	15 
594	14 
595	6 
596	16 
597	4 
598	13 
599	2 
600	14 
601	8 
602	20 
603	21 
604	13 
605	20 
606	9 
607	14 
608	17 
609	16 
610	3 
611	11 
612	6 
613	2 
614	3 
615	4 
616	4 
617	12 
618	14 
619	6 
620	20 
621	11 
622	11 
623	7 
624	18 
625	3 
626	7 
627	20 
628	12 
629	17 
630	14 
631	1 
632	1 
633	17 
634	3 
635	17 
636	11 
637	13 
638	14 
639	21 
640	7 
641	17 
642	8 
643	17 
644	8 
645	5 
646	14 
647	6 
648	17 
649	17 
650	3 
651	10 
652	17 
653	12 
654	11 
655	17 
656	12 
657	2 
658	7 
659	20 
660	15 
661	13 
662	17 
663	10 
664	7 
665	4 
666	19 
667	10 
668	19 
669	6 
670	2 
671	4 
672	18 
673	14 
674	20 
675	1 
676	15 
677	13 
678	17 
679	3 
680	14 
681	17 
682	12 
683	16 
684	19 
685	14 
686	16 
687	13 
688	8 
689	16 
690	5 
691	15 
692	11 
693	2 
694	7 
695	11 
696	16 
697	6 
698	16 
699	9 
700	2 
701	14 
702	16 
703	2 
704	10 
705	2 
706	6 
707	4 
708	11 
709	7 
710	19 
711	1 
712	2 
713	2 
714	16 
715	16 
716	15 
717	8 
718	17 
719	7 
720	17 
721	21 
722	3 
723	7 
724	13 
725	18 
726	14 
727	17 
728	17 
729	21 
730	10 
731	2 
732	16 
733	20 
734	6 
735	7 
736	15 
737	21 
738	17 
739	6 
740	4 
741	14 
742	15 
743	1 
744	16 
745	2 
746	11 
747	17 
748	18 
749	4 
750	19 
751	4 
752	11 
753	16 
754	16 
755	16 
756	1 
757	2 
758	15 
759	3 
760	21 
761	14 
762	18 
763	21 
764	7 
765	20 
766	9 
767	5 
768	9 
769	1 
770	7 
771	12 
772	11 
773	13 
774	17 
775	6 
776	20 
777	11 
778	21 
779	11 
780	2 
781	6 
782	4 
783	21 
784	2 
785	7 
786	3 
787	3 
788	17 
789	20 
790	17 
791	14 
792	6 
793	16 
794	8 
795	1 
796	19 
797	16 
798	17 
799	4 
800	12 
801	13 
802	8 
803	8 
804	2 
805	14 
806	14 
807	17 
808	21 
809	1 
810	2 
811	18 
812	5 
813	6 
814	2 
815	19 
816	14 
817	10 
818	1 
819	13 
820	12 
821	13 
822	20 
823	15 
824	14 
825	6 
826	2 
827	7 
828	14 
829	6 
830	16 
831	11 
832	11 
833	14 
834	13 
835	6 
836	20 
837	14 
838	4 
839	21 
840	15 
841	18 
842	9 
843	3 
844	10 
845	14 
846	3 
847	20 
848	12 
849	19 
850	8 
851	15 
852	14 
853	6 
854	16 
855	11 
856	9 
857	21 
858	17 
859	2 
860	15 
861	11 
862	8 
863	20 
864	14 
865	6 
866	15 
867	4 
868	8 
869	20 
870	2 
871	17 
872	20 
873	8 
874	19 
875	6 
876	9 
877	3 
878	21 
879	8 
880	14 
881	17 
882	6 
883	14 
884	2 
885	4 
886	19 
887	6 
888	11 
889	1 
890	12 
891	19 
892	14 
893	21 
894	21 
895	14 
896	19 
897	7 
898	14 
899	14 
900	6 
901	8 
902	16 
903	8 
904	20 
905	4 
906	6 
907	15 
908	14 
909	17 
910	16 
911	3 
912	2 
913	8 
914	1 
915	15 
916	13 
917	1 
918	6 
919	7 
920	5 
921	8 
922	7 
923	18 
924	7 
925	8 
926	8 
927	4 
928	8 
929	10 
930	19 
931	4 
932	2 
933	20 
934	7 
935	17 
936	21 
937	2 
938	8 
939	1 
940	9 
941	18 
942	20 
943	5 
944	8 
945	11 
946	17 
947	14 
948	2 
949	12 
950	7 
951	6 
952	20 
953	2 
954	14 
955	1 
956	6 
957	17 
958	5 
959	19 
960	1 
961	21 
962	17 
963	14 
964	14 
965	11 
966	9 
967	3 
968	6 
969	17 
970	17 
971	17 
972	17 
973	10 
974	8 
975	6 
976	6 
977	12 
978	17 
979	9 
980	15 
981	2 
982	11 
983	16 
984	2 
985	4 
986	2 
987	17 
988	17 
989	6 
990	7 
991	14 
992	16 
993	18 
994	16 
995	8 
996	20 
997	19 
998	12 
999	3 
1000	8 
