1	16 
2	2 
3	79 
4	60 
5	24 
6	44 
7	69 
8	1 
9	66 
10	35 
11	30 
12	67 
13	17 
14	62 
15	74 
16	57 
17	2 
18	75 
19	48 
20	13 
21	43 
22	77 
23	20 
24	10 
25	19 
26	45 
27	32 
28	57 
29	27 
30	81 
31	16 
32	16 
33	23 
34	23 
35	69 
36	16 
37	15 
38	73 
39	42 
40	40 
41	14 
42	64 
43	42 
44	73 
45	75 
46	38 
47	57 
48	68 
49	77 
50	25 
51	33 
52	38 
53	32 
54	66 
55	37 
56	28 
57	69 
58	67 
59	70 
60	43 
61	36 
62	48 
63	19 
64	72 
65	67 
66	52 
67	73 
68	27 
69	66 
70	40 
71	4 
72	5 
73	14 
74	7 
75	10 
76	51 
77	41 
78	57 
79	60 
80	67 
81	38 
82	33 
83	62 
84	15 
85	45 
86	24 
87	22 
88	62 
89	41 
90	30 
91	1 
92	14 
93	57 
94	45 
95	50 
96	76 
97	26 
98	62 
99	35 
100	27 
101	74 
102	65 
103	59 
104	14 
105	74 
106	32 
107	70 
108	68 
109	53 
110	68 
111	54 
112	69 
113	38 
114	14 
115	33 
116	6 
117	21 
118	29 
119	41 
120	75 
121	64 
122	46 
123	64 
124	36 
125	2 
126	8 
127	26 
128	40 
129	43 
130	64 
131	31 
132	17 
133	59 
134	13 
135	18 
136	28 
137	37 
138	75 
139	68 
140	42 
141	29 
142	26 
143	71 
144	14 
145	3 
146	76 
147	66 
148	25 
149	68 
150	17 
151	69 
152	73 
153	46 
154	75 
155	81 
156	19 
157	50 
158	52 
159	4 
160	11 
161	19 
162	9 
163	27 
164	61 
165	61 
166	75 
167	69 
168	9 
169	41 
170	50 
171	21 
172	3 
173	71 
174	60 
175	68 
176	68 
177	74 
178	74 
179	15 
180	81 
181	78 
182	19 
183	27 
184	55 
185	57 
186	63 
187	49 
188	56 
189	20 
190	18 
191	7 
192	56 
193	42 
194	3 
195	13 
196	28 
197	58 
198	50 
199	36 
200	7 
201	70 
202	20 
203	25 
204	49 
205	37 
206	31 
207	41 
208	9 
209	11 
210	30 
211	27 
212	75 
213	54 
214	21 
215	15 
216	13 
217	29 
218	55 
219	47 
220	29 
221	66 
222	73 
223	56 
224	49 
225	66 
226	51 
227	38 
228	5 
229	69 
230	61 
231	2 
232	20 
233	13 
234	50 
235	50 
236	60 
237	20 
238	59 
239	24 
240	50 
241	70 
242	42 
243	27 
244	71 
245	5 
246	13 
247	61 
248	37 
249	32 
250	50 
251	17 
252	75 
253	9 
254	74 
255	11 
256	36 
257	2 
258	63 
259	27 
260	21 
261	69 
262	64 
263	31 
264	45 
265	8 
266	32 
267	56 
268	50 
269	20 
270	48 
271	72 
272	35 
273	4 
274	25 
275	23 
276	73 
277	36 
278	1 
279	75 
280	29 
281	69 
282	6 
283	66 
284	41 
285	27 
286	12 
287	57 
288	58 
289	78 
290	77 
291	3 
292	70 
293	21 
294	41 
295	74 
296	43 
297	20 
298	45 
299	66 
300	14 
301	71 
302	37 
303	58 
304	6 
305	16 
306	22 
307	81 
308	73 
309	74 
310	58 
311	68 
312	26 
313	12 
314	70 
315	53 
316	53 
317	64 
318	9 
319	22 
320	57 
321	28 
322	35 
323	65 
324	10 
325	58 
326	44 
327	33 
328	60 
329	69 
330	79 
331	32 
332	74 
333	13 
334	17 
335	69 
336	36 
337	12 
338	15 
339	49 
340	39 
341	75 
342	25 
343	69 
344	70 
345	66 
346	54 
347	57 
348	1 
349	14 
350	81 
351	57 
352	9 
353	48 
354	28 
355	29 
356	38 
357	38 
358	33 
359	57 
360	56 
361	62 
362	61 
363	39 
364	3 
365	44 
366	28 
367	2 
368	33 
369	55 
370	62 
371	57 
372	1 
373	12 
374	3 
375	29 
376	42 
377	15 
378	25 
379	65 
380	39 
381	48 
382	81 
383	5 
384	68 
385	59 
386	14 
387	36 
388	48 
389	16 
390	30 
391	65 
392	4 
393	51 
394	5 
395	55 
396	60 
397	20 
398	25 
399	41 
400	42 
401	10 
402	22 
403	49 
404	52 
405	51 
406	37 
407	40 
408	3 
409	8 
410	64 
411	9 
412	48 
413	45 
414	31 
415	14 
416	11 
417	31 
418	73 
419	57 
420	2 
421	58 
422	20 
423	4 
424	23 
425	44 
426	23 
427	73 
428	25 
429	60 
430	56 
431	59 
432	62 
433	79 
434	68 
435	65 
436	78 
437	69 
438	9 
439	40 
440	76 
441	60 
442	56 
443	42 
444	43 
445	58 
446	59 
447	77 
448	76 
449	29 
450	25 
451	36 
452	31 
453	79 
454	44 
455	28 
456	69 
457	67 
458	27 
459	36 
460	13 
461	1 
462	14 
463	10 
464	36 
465	76 
466	81 
467	47 
468	75 
469	44 
470	43 
471	63 
472	55 
473	79 
474	70 
475	32 
476	72 
477	73 
478	79 
479	35 
480	21 
481	24 
482	52 
483	57 
484	50 
485	80 
486	31 
487	42 
488	54 
489	16 
490	25 
491	69 
492	20 
493	43 
494	60 
495	25 
496	6 
497	81 
498	61 
499	36 
500	9 
501	53 
502	81 
503	65 
504	31 
505	11 
506	19 
507	20 
508	29 
509	45 
510	81 
511	59 
512	7 
513	11 
514	67 
515	51 
516	44 
517	70 
518	7 
519	45 
520	74 
521	49 
522	69 
523	64 
524	4 
525	6 
526	14 
527	64 
528	72 
529	32 
530	25 
531	73 
532	34 
533	57 
534	43 
535	70 
536	59 
537	70 
538	18 
539	73 
540	78 
541	7 
542	26 
543	13 
544	43 
545	28 
546	3 
547	15 
548	80 
549	28 
550	75 
551	11 
552	25 
553	66 
554	28 
555	64 
556	54 
557	41 
558	67 
559	74 
560	75 
561	73 
562	80 
563	26 
564	63 
565	56 
566	38 
567	58 
568	63 
569	50 
570	79 
571	13 
572	77 
573	37 
574	25 
575	30 
576	51 
577	27 
578	72 
579	66 
580	9 
581	30 
582	44 
583	14 
584	21 
585	54 
586	29 
587	36 
588	68 
589	75 
590	30 
591	21 
592	81 
593	65 
594	11 
595	2 
596	25 
597	28 
598	79 
599	48 
600	75 
601	57 
602	50 
603	35 
604	12 
605	22 
606	31 
607	45 
608	9 
609	27 
610	38 
611	1 
612	7 
613	55 
614	51 
615	53 
616	42 
617	18 
618	34 
619	59 
620	52 
621	70 
622	11 
623	60 
624	32 
625	63 
626	64 
627	68 
628	70 
629	68 
630	62 
631	38 
632	42 
633	36 
634	69 
635	35 
636	51 
637	60 
638	47 
639	53 
640	23 
641	64 
642	56 
643	70 
644	20 
645	57 
646	16 
647	68 
648	23 
649	57 
650	62 
651	23 
652	77 
653	38 
654	5 
655	19 
656	52 
657	35 
658	38 
659	6 
660	13 
661	31 
662	1 
663	21 
664	57 
665	20 
666	31 
667	72 
668	80 
669	37 
670	12 
671	32 
672	21 
673	51 
674	14 
675	81 
676	46 
677	55 
678	35 
679	57 
680	1 
681	5 
682	49 
683	70 
684	75 
685	79 
686	63 
687	65 
688	57 
689	71 
690	74 
691	53 
692	67 
693	80 
694	53 
695	49 
696	60 
697	27 
698	56 
699	25 
700	34 
701	24 
702	69 
703	73 
704	60 
705	60 
706	58 
707	51 
708	65 
709	61 
710	65 
711	35 
712	19 
713	71 
714	74 
715	8 
716	43 
717	35 
718	16 
719	30 
720	74 
721	9 
722	38 
723	47 
724	67 
725	72 
726	78 
727	29 
728	49 
729	63 
730	81 
731	39 
732	38 
733	66 
734	54 
735	35 
736	57 
737	26 
738	21 
739	74 
740	4 
741	48 
742	69 
743	63 
744	79 
745	57 
746	6 
747	36 
748	26 
749	60 
750	53 
751	10 
752	13 
753	18 
754	60 
755	50 
756	17 
757	3 
758	64 
759	75 
760	80 
761	64 
762	36 
763	35 
764	59 
765	34 
766	24 
767	38 
768	57 
769	9 
770	15 
771	80 
772	6 
773	69 
774	27 
775	70 
776	41 
777	14 
778	43 
779	47 
780	18 
781	65 
782	36 
783	49 
784	19 
785	46 
786	32 
787	36 
788	12 
789	26 
790	74 
791	51 
792	46 
793	6 
794	24 
795	20 
796	72 
797	72 
798	14 
799	66 
800	27 
801	59 
802	42 
803	5 
804	72 
805	16 
806	23 
807	16 
808	57 
809	22 
810	31 
811	74 
812	39 
813	73 
814	19 
815	37 
816	2 
817	42 
818	77 
819	64 
820	13 
821	71 
822	11 
823	65 
824	25 
825	15 
826	25 
827	41 
828	69 
829	5 
830	74 
831	38 
832	29 
833	80 
834	22 
835	21 
836	2 
837	21 
838	59 
839	56 
840	29 
841	35 
842	72 
843	17 
844	19 
845	11 
846	51 
847	34 
848	27 
849	20 
850	68 
851	46 
852	65 
853	20 
854	38 
855	61 
856	38 
857	53 
858	57 
859	39 
860	31 
861	13 
862	24 
863	49 
864	74 
865	47 
866	48 
867	55 
868	19 
869	20 
870	25 
871	22 
872	69 
873	38 
874	54 
875	40 
876	4 
877	9 
878	78 
879	80 
880	73 
881	11 
882	75 
883	71 
884	77 
885	9 
886	47 
887	74 
888	68 
889	20 
890	25 
891	3 
892	69 
893	36 
894	71 
895	42 
896	3 
897	18 
898	22 
899	9 
900	56 
901	75 
902	11 
903	9 
904	11 
905	26 
906	65 
907	45 
908	28 
909	11 
910	49 
911	35 
912	66 
913	74 
914	81 
915	14 
916	20 
917	75 
918	20 
919	36 
920	75 
921	38 
922	59 
923	42 
924	80 
925	74 
926	50 
927	39 
928	12 
929	42 
930	71 
931	10 
932	38 
933	80 
934	13 
935	51 
936	36 
937	1 
938	21 
939	30 
940	75 
941	61 
942	46 
943	77 
944	23 
945	13 
946	78 
947	53 
948	81 
949	1 
950	53 
951	35 
952	22 
953	70 
954	32 
955	1 
956	29 
957	43 
958	25 
959	45 
960	16 
961	45 
962	24 
963	20 
964	41 
965	36 
966	40 
967	78 
968	36 
969	66 
970	34 
971	38 
972	67 
973	10 
974	23 
975	73 
976	42 
977	21 
978	57 
979	1 
980	70 
981	44 
982	56 
983	27 
984	69 
985	20 
986	20 
987	4 
988	16 
989	77 
990	24 
991	57 
992	18 
993	53 
994	68 
995	74 
996	58 
997	17 
998	78 
999	16 
1000	64 
1001	51 
1002	65 
1003	66 
1004	20 
1005	40 
1006	61 
1007	50 
1008	47 
1009	25 
1010	74 
1011	20 
1012	81 
1013	71 
1014	39 
1015	18 
1016	21 
1017	78 
1018	33 
1019	59 
1020	4 
1021	18 
1022	49 
1023	27 
1024	63 
1025	20 
1026	81 
1027	75 
1028	33 
1029	36 
1030	17 
1031	16 
1032	69 
1033	45 
1034	70 
1035	51 
1036	38 
1037	64 
1038	70 
1039	11 
1040	19 
1041	59 
1042	32 
1043	54 
1044	40 
1045	12 
1046	10 
1047	79 
1048	48 
1049	66 
1050	64 
1051	52 
1052	59 
1053	36 
1054	63 
1055	22 
1056	57 
1057	3 
1058	67 
1059	56 
1060	9 
1061	61 
1062	76 
1063	47 
1064	65 
1065	69 
1066	81 
1067	35 
1068	60 
1069	7 
1070	68 
1071	2 
1072	51 
1073	26 
1074	75 
1075	62 
1076	74 
1077	49 
1078	8 
1079	38 
1080	61 
1081	15 
1082	49 
1083	38 
1084	75 
1085	61 
1086	22 
1087	38 
1088	8 
1089	29 
1090	81 
1091	3 
1092	74 
1093	80 
1094	51 
1095	11 
1096	30 
1097	36 
1098	24 
1099	41 
1100	7 
1101	57 
1102	19 
1103	3 
1104	20 
1105	4 
1106	16 
1107	47 
1108	27 
1109	81 
1110	16 
1111	74 
1112	70 
1113	65 
1114	14 
1115	66 
1116	18 
1117	5 
1118	52 
1119	37 
1120	20 
1121	76 
1122	61 
1123	76 
1124	54 
1125	57 
1126	16 
1127	21 
1128	9 
1129	17 
1130	61 
1131	36 
1132	48 
1133	73 
1134	9 
1135	2 
1136	24 
1137	49 
1138	19 
1139	18 
1140	46 
1141	81 
1142	23 
1143	6 
1144	64 
1145	3 
1146	50 
1147	16 
1148	27 
1149	42 
1150	21 
1151	65 
1152	11 
1153	21 
1154	26 
1155	78 
1156	57 
1157	46 
1158	22 
1159	69 
1160	42 
1161	38 
1162	43 
1163	3 
1164	24 
1165	76 
1166	11 
1167	50 
1168	57 
1169	65 
1170	65 
1171	51 
1172	30 
1173	12 
1174	10 
1175	13 
1176	8 
1177	8 
1178	7 
1179	1 
1180	7 
1181	8 
1182	36 
1183	74 
1184	24 
1185	76 
1186	38 
1187	20 
1188	18 
1189	50 
1190	55 
1191	38 
1192	81 
1193	21 
1194	12 
1195	14 
1196	1 
1197	25 
1198	31 
1199	60 
1200	12 
1201	60 
1202	3 
1203	9 
1204	42 
1205	49 
1206	76 
1207	30 
1208	5 
1209	40 
1210	13 
1211	8 
1212	12 
1213	65 
1214	65 
1215	44 
1216	49 
1217	6 
1218	5 
1219	50 
1220	80 
1221	69 
1222	3 
1223	39 
1224	75 
1225	68 
1226	24 
1227	53 
1228	3 
1229	9 
1230	15 
1231	56 
1232	46 
1233	68 
1234	35 
1235	27 
1236	4 
1237	39 
1238	66 
1239	57 
1240	35 
1241	70 
1242	7 
1243	34 
1244	50 
1245	76 
1246	16 
1247	4 
1248	50 
1249	30 
1250	48 
1251	30 
1252	51 
1253	3 
1254	36 
1255	17 
1256	51 
1257	9 
1258	13 
1259	11 
1260	50 
1261	23 
1262	61 
1263	65 
1264	50 
1265	34 
1266	12 
1267	32 
1268	79 
1269	13 
1270	80 
1271	22 
1272	12 
1273	73 
1274	36 
1275	56 
1276	11 
1277	27 
1278	25 
1279	32 
1280	3 
1281	62 
1282	14 
1283	66 
1284	10 
1285	9 
1286	25 
1287	4 
1288	40 
1289	36 
1290	73 
1291	33 
1292	75 
1293	6 
1294	70 
1295	50 
1296	27 
1297	11 
1298	57 
1299	52 
1300	9 
1301	16 
1302	14 
1303	71 
1304	69 
1305	32 
1306	53 
1307	59 
1308	65 
1309	68 
1310	33 
1311	76 
1312	9 
1313	11 
1314	80 
1315	65 
1316	79 
1317	38 
1318	50 
1319	38 
1320	79 
1321	35 
1322	71 
1323	29 
1324	34 
1325	18 
1326	60 
1327	69 
1328	55 
1329	49 
1330	3 
1331	16 
1332	50 
1333	61 
1334	3 
1335	76 
1336	25 
1337	16 
1338	57 
1339	50 
1340	3 
1341	47 
1342	31 
1343	9 
1344	79 
1345	26 
1346	1 
1347	80 
1348	73 
1349	49 
1350	22 
1351	18 
1352	9 
1353	43 
1354	69 
1355	59 
1356	18 
1357	55 
1358	53 
1359	81 
1360	9 
1361	52 
1362	9 
1363	32 
1364	34 
1365	20 
1366	75 
1367	36 
1368	77 
1369	11 
1370	29 
1371	61 
1372	16 
1373	14 
1374	36 
1375	25 
1376	17 
1377	61 
1378	25 
1379	52 
1380	35 
1381	80 
1382	5 
1383	30 
1384	68 
1385	4 
1386	65 
1387	8 
1388	33 
1389	13 
1390	74 
1391	13 
1392	36 
1393	10 
1394	70 
1395	26 
1396	30 
1397	77 
1398	9 
1399	9 
1400	11 
1401	27 
1402	24 
1403	67 
1404	73 
1405	11 
1406	74 
1407	6 
1408	53 
1409	24 
1410	42 
1411	80 
1412	70 
1413	9 
1414	41 
1415	14 
1416	75 
1417	74 
1418	35 
1419	19 
1420	79 
1421	16 
1422	73 
1423	11 
1424	71 
1425	14 
1426	13 
1427	53 
1428	48 
1429	36 
1430	59 
1431	9 
1432	60 
1433	23 
1434	73 
1435	74 
1436	62 
1437	34 
1438	57 
1439	40 
1440	38 
1441	59 
1442	77 
1443	59 
1444	3 
1445	45 
1446	3 
1447	21 
1448	21 
1449	49 
1450	25 
1451	71 
1452	29 
1453	21 
1454	67 
1455	16 
1456	31 
1457	2 
1458	52 
1459	77 
1460	6 
1461	61 
1462	27 
1463	25 
1464	3 
1465	8 
1466	12 
1467	69 
1468	12 
1469	27 
1470	11 
1471	40 
1472	62 
1473	4 
1474	24 
1475	29 
1476	81 
1477	47 
1478	74 
1479	60 
1480	62 
1481	2 
1482	10 
1483	5 
1484	12 
1485	36 
1486	19 
1487	3 
1488	11 
1489	79 
1490	66 
1491	65 
1492	4 
1493	64 
1494	9 
1495	14 
1496	13 
1497	57 
1498	26 
1499	81 
1500	50 
1501	47 
1502	69 
1503	4 
1504	53 
1505	81 
1506	20 
1507	20 
1508	2 
1509	7 
1510	73 
1511	9 
1512	68 
1513	27 
1514	9 
1515	76 
1516	21 
1517	16 
1518	80 
1519	79 
1520	81 
1521	70 
1522	45 
1523	52 
1524	75 
1525	64 
1526	19 
1527	40 
1528	35 
1529	26 
1530	21 
1531	11 
1532	25 
1533	41 
1534	1 
1535	43 
1536	3 
1537	34 
1538	9 
1539	70 
1540	55 
1541	38 
1542	60 
1543	47 
1544	48 
1545	69 
1546	12 
1547	81 
1548	1 
1549	74 
1550	11 
1551	27 
1552	59 
1553	2 
1554	18 
1555	51 
1556	2 
1557	7 
1558	5 
1559	34 
1560	23 
1561	34 
1562	13 
1563	16 
1564	49 
1565	29 
1566	36 
1567	59 
1568	4 
1569	41 
1570	16 
1571	3 
1572	75 
1573	35 
1574	81 
1575	75 
1576	52 
1577	77 
1578	50 
1579	59 
1580	20 
1581	14 
1582	43 
1583	49 
1584	36 
1585	36 
1586	68 
1587	79 
1588	79 
1589	38 
1590	12 
1591	16 
1592	35 
1593	36 
1594	41 
1595	21 
1596	9 
1597	75 
1598	20 
1599	55 
1600	14 
1601	73 
1602	69 
1603	68 
1604	1 
1605	70 
1606	25 
1607	13 
1608	35 
1609	14 
1610	81 
1611	8 
1612	16 
1613	79 
1614	5 
1615	36 
1616	45 
1617	66 
1618	29 
1619	19 
1620	3 
1621	80 
1622	8 
1623	16 
1624	50 
1625	16 
1626	11 
1627	20 
1628	31 
1629	20 
1630	9 
1631	19 
1632	30 
1633	38 
1634	23 
1635	21 
1636	55 
1637	29 
1638	60 
1639	18 
1640	31 
1641	80 
1642	4 
1643	9 
1644	4 
1645	2 
1646	12 
1647	80 
1648	26 
1649	25 
1650	29 
1651	71 
1652	25 
1653	25 
1654	64 
1655	66 
1656	21 
1657	34 
1658	77 
1659	14 
1660	16 
1661	27 
1662	68 
1663	69 
1664	55 
1665	53 
1666	53 
1667	75 
1668	64 
1669	67 
1670	59 
1671	25 
1672	70 
1673	38 
1674	52 
1675	49 
1676	27 
1677	75 
1678	77 
1679	6 
1680	14 
1681	57 
1682	55 
1683	81 
1684	64 
1685	45 
1686	30 
1687	9 
1688	76 
1689	42 
1690	45 
1691	19 
1692	31 
1693	49 
1694	19 
1695	64 
1696	25 
1697	50 
1698	25 
1699	73 
1700	64 
1701	27 
1702	27 
1703	27 
1704	3 
1705	19 
1706	59 
1707	13 
1708	75 
1709	64 
1710	29 
1711	73 
1712	67 
1713	1 
1714	9 
1715	70 
1716	70 
1717	23 
1718	71 
1719	81 
1720	25 
1721	75 
1722	14 
1723	21 
1724	11 
1725	13 
1726	27 
1727	75 
1728	29 
1729	81 
1730	27 
1731	57 
1732	9 
1733	14 
1734	24 
1735	20 
1736	11 
1737	38 
1738	38 
1739	9 
1740	5 
1741	25 
1742	71 
1743	19 
1744	14 
1745	5 
1746	51 
1747	53 
1748	16 
1749	36 
1750	38 
1751	13 
1752	36 
1753	36 
1754	11 
1755	49 
1756	9 
1757	52 
1758	29 
1759	59 
1760	67 
1761	77 
1762	19 
1763	49 
1764	3 
1765	74 
1766	25 
1767	1 
1768	35 
1769	57 
1770	30 
1771	74 
1772	64 
1773	81 
1774	29 
1775	75 
1776	45 
1777	55 
1778	35 
1779	3 
1780	66 
1781	49 
1782	61 
1783	80 
1784	80 
1785	81 
1786	55 
1787	29 
1788	27 
1789	53 
1790	26 
1791	18 
1792	52 
1793	36 
1794	16 
1795	65 
1796	75 
1797	36 
1798	45 
1799	80 
1800	67 
1801	11 
1802	13 
1803	12 
1804	4 
1805	66 
1806	29 
1807	16 
1808	65 
1809	67 
1810	38 
1811	70 
1812	74 
1813	4 
1814	52 
1815	59 
1816	11 
1817	73 
1818	31 
1819	9 
1820	53 
1821	35 
1822	18 
1823	66 
1824	21 
1825	64 
1826	25 
1827	3 
1828	29 
1829	42 
1830	65 
1831	29 
1832	66 
1833	29 
1834	16 
1835	31 
1836	52 
1837	26 
1838	74 
1839	27 
1840	11 
1841	73 
1842	73 
1843	70 
1844	69 
1845	20 
1846	38 
1847	25 
1848	35 
1849	36 
1850	53 
1851	49 
1852	19 
1853	75 
1854	38 
1855	1 
1856	3 
1857	9 
1858	11 
1859	36 
1860	80 
1861	52 
1862	49 
1863	59 
1864	81 
1865	21 
1866	14 
1867	9 
1868	35 
1869	3 
1870	20 
1871	19 
1872	57 
1873	13 
1874	31 
1875	30 
1876	38 
1877	80 
1878	19 
1879	16 
1880	45 
1881	1 
1882	57 
1883	9 
1884	50 
1885	68 
1886	26 
1887	66 
1888	66 
1889	14 
1890	30 
1891	67 
1892	3 
1893	12 
1894	68 
1895	19 
1896	21 
1897	16 
1898	13 
1899	64 
1900	16 
1901	69 
1902	21 
1903	18 
1904	49 
1905	66 
1906	59 
1907	25 
1908	42 
1909	67 
1910	73 
1911	21 
1912	19 
1913	21 
1914	59 
1915	20 
1916	66 
1917	61 
1918	70 
1919	35 
1920	38 
1921	67 
1922	19 
1923	67 
1924	25 
1925	35 
1926	3 
1927	74 
1928	16 
1929	57 
1930	70 
1931	42 
1932	27 
1933	38 
1934	57 
1935	29 
1936	21 
1937	75 
1938	27 
1939	74 
1940	59 
1941	16 
1942	1 
1943	13 
1944	29 
1945	19 
1946	13 
1947	36 
1948	69 
1949	73 
1950	11 
1951	1 
1952	49 
1953	16 
1954	3 
1955	25 
1956	42 
1957	19 
1958	20 
1959	21 
1960	50 
1961	3 
1962	50 
1963	59 
1964	64 
1965	4 
1966	64 
1967	65 
1968	3 
1969	27 
1970	16 
1971	65 
1972	1 
1973	69 
1974	64 
1975	49 
1976	11 
1977	65 
1978	80 
1979	19 
1980	38 
1981	3 
1982	49 
1983	70 
1984	36 
1985	57 
1986	57 
1987	50 
1988	4 
1989	81 
1990	3 
1991	14 
1992	50 
1993	70 
1994	16 
1995	50 
1996	20 
1997	29 
1998	66 
1999	36 
2000	65 
