1	72 
2	26 
3	5 
4	4 
5	18 
6	73 
7	17 
8	27 
9	31 
10	61 
11	33 
12	75 
13	56 
14	76 
15	59 
16	69 
17	74 
18	2 
19	21 
20	25 
21	71 
22	5 
23	34 
24	70 
25	21 
26	32 
27	75 
28	11 
29	66 
30	24 
31	49 
32	4 
33	33 
34	68 
35	48 
36	16 
37	35 
38	73 
39	22 
40	68 
41	8 
42	76 
43	19 
44	39 
45	67 
46	47 
47	45 
48	30 
49	3 
50	66 
51	55 
52	69 
53	59 
54	56 
55	33 
56	73 
57	33 
58	45 
59	24 
60	45 
61	63 
62	29 
63	47 
64	59 
65	31 
66	23 
67	9 
68	59 
69	9 
70	21 
71	61 
72	66 
73	16 
74	72 
75	65 
76	5 
77	62 
78	48 
79	38 
80	71 
81	2 
82	13 
83	26 
84	62 
85	19 
86	1 
87	15 
88	15 
89	74 
90	12 
91	9 
92	53 
93	58 
94	55 
95	31 
96	67 
97	38 
98	55 
99	35 
100	41 
101	63 
102	17 
103	6 
104	9 
105	37 
106	25 
107	14 
108	65 
109	20 
110	63 
111	51 
112	51 
113	20 
114	58 
115	2 
116	23 
117	29 
118	69 
119	46 
120	38 
121	64 
122	28 
123	25 
124	55 
125	23 
126	32 
127	26 
128	50 
129	26 
130	61 
131	48 
132	52 
133	21 
134	68 
135	59 
136	30 
137	25 
138	49 
139	36 
140	41 
141	18 
142	29 
143	40 
144	26 
145	6 
146	66 
147	47 
148	64 
149	9 
150	73 
151	10 
152	75 
153	39 
154	67 
155	51 
156	58 
157	68 
158	11 
159	27 
160	71 
161	62 
162	59 
163	49 
164	59 
165	26 
166	59 
167	47 
168	78 
169	63 
170	46 
171	5 
172	32 
173	38 
174	53 
175	41 
176	74 
177	51 
178	70 
179	22 
180	35 
181	11 
182	28 
183	4 
184	45 
185	20 
186	19 
187	12 
188	20 
189	59 
190	68 
191	36 
192	10 
193	25 
194	76 
195	77 
196	62 
197	55 
198	46 
199	19 
200	16 
201	68 
202	21 
203	74 
204	4 
205	9 
206	44 
207	61 
208	60 
209	36 
210	7 
211	22 
212	66 
213	37 
214	64 
215	66 
216	58 
217	56 
218	37 
219	57 
220	6 
221	33 
222	8 
223	34 
224	18 
225	19 
226	36 
227	48 
228	23 
229	20 
230	52 
231	45 
232	73 
233	30 
234	72 
235	12 
236	37 
237	64 
238	49 
239	50 
240	78 
241	36 
242	1 
243	45 
244	55 
245	16 
246	49 
247	56 
248	46 
249	10 
250	78 
251	6 
252	3 
253	56 
254	45 
255	10 
256	47 
257	72 
258	65 
259	8 
260	55 
261	33 
262	71 
263	7 
264	57 
265	48 
266	1 
267	77 
268	39 
269	48 
270	69 
271	14 
272	33 
273	16 
274	19 
275	19 
276	76 
277	56 
278	70 
279	19 
280	35 
281	68 
282	71 
283	39 
284	55 
285	56 
286	31 
287	60 
288	70 
289	63 
290	74 
291	41 
292	20 
293	50 
294	10 
295	40 
296	28 
297	33 
298	27 
299	74 
300	18 
301	27 
302	9 
303	44 
304	50 
305	58 
306	11 
307	60 
308	12 
309	33 
310	34 
311	28 
312	58 
313	74 
314	11 
315	45 
316	69 
317	42 
318	42 
319	51 
320	34 
321	74 
322	6 
323	67 
324	26 
325	9 
326	6 
327	60 
328	21 
329	15 
330	23 
331	23 
332	62 
333	56 
334	77 
335	34 
336	62 
337	50 
338	62 
339	61 
340	18 
341	69 
342	77 
343	25 
344	51 
345	48 
346	40 
347	21 
348	36 
349	68 
350	21 
351	61 
352	41 
353	68 
354	59 
355	11 
356	56 
357	52 
358	77 
359	43 
360	71 
361	25 
362	66 
363	46 
364	36 
365	34 
366	45 
367	27 
368	21 
369	67 
370	15 
371	12 
372	41 
373	74 
374	8 
375	35 
376	69 
377	16 
378	33 
379	74 
380	68 
381	61 
382	33 
383	11 
384	27 
385	50 
386	21 
387	51 
388	35 
389	35 
390	25 
391	24 
392	45 
393	42 
394	44 
395	31 
396	35 
397	64 
398	32 
399	58 
400	25 
401	23 
402	74 
403	55 
404	56 
405	19 
406	61 
407	26 
408	26 
409	29 
410	35 
411	3 
412	58 
413	48 
414	19 
415	61 
416	28 
417	47 
418	72 
419	41 
420	50 
421	59 
422	12 
423	51 
424	65 
425	1 
426	28 
427	15 
428	16 
429	51 
430	12 
431	39 
432	66 
433	29 
434	45 
435	2 
436	17 
437	9 
438	71 
439	5 
440	26 
441	52 
442	61 
443	21 
444	66 
445	23 
446	59 
447	57 
448	47 
449	9 
450	11 
451	58 
452	33 
453	43 
454	76 
455	71 
456	14 
457	25 
458	8 
459	35 
460	45 
461	67 
462	40 
463	60 
464	41 
465	51 
466	28 
467	12 
468	75 
469	45 
470	77 
471	66 
472	40 
473	52 
474	63 
475	49 
476	42 
477	8 
478	11 
479	42 
480	27 
481	47 
482	27 
483	61 
484	27 
485	25 
486	74 
487	10 
488	50 
489	74 
490	27 
491	45 
492	22 
493	57 
494	61 
495	26 
496	78 
497	60 
498	61 
499	53 
500	78 
501	12 
502	24 
503	22 
504	41 
505	60 
506	51 
507	1 
508	55 
509	69 
510	50 
511	31 
512	43 
513	74 
514	33 
515	26 
516	56 
517	68 
518	59 
519	57 
520	25 
521	20 
522	33 
523	19 
524	3 
525	49 
526	61 
527	78 
528	8 
529	49 
530	72 
531	58 
532	41 
533	77 
534	25 
535	66 
536	41 
537	41 
538	59 
539	12 
540	29 
541	21 
542	49 
543	6 
544	2 
545	65 
546	70 
547	28 
548	37 
549	22 
550	61 
551	26 
552	8 
553	35 
554	43 
555	70 
556	26 
557	5 
558	25 
559	27 
560	43 
561	71 
562	74 
563	16 
564	21 
565	16 
566	40 
567	38 
568	23 
569	33 
570	57 
571	8 
572	21 
573	51 
574	33 
575	56 
576	72 
577	29 
578	69 
579	37 
580	63 
581	18 
582	33 
583	27 
584	57 
585	63 
586	17 
587	19 
588	41 
589	65 
590	78 
591	9 
592	63 
593	53 
594	52 
595	16 
596	43 
597	51 
598	65 
599	42 
600	42 
601	39 
602	68 
603	69 
604	63 
605	28 
606	26 
607	43 
608	49 
609	33 
610	17 
611	5 
612	26 
613	53 
614	30 
615	24 
616	60 
617	66 
618	58 
619	54 
620	69 
621	41 
622	68 
623	25 
624	12 
625	25 
626	26 
627	26 
628	16 
629	13 
630	17 
631	49 
632	38 
633	64 
634	27 
635	19 
636	66 
637	13 
638	1 
639	7 
640	3 
641	35 
642	51 
643	31 
644	1 
645	75 
646	7 
647	3 
648	29 
649	24 
650	62 
651	62 
652	53 
653	74 
654	19 
655	27 
656	41 
657	32 
658	57 
659	78 
660	52 
661	23 
662	19 
663	65 
664	11 
665	8 
666	68 
667	58 
668	36 
669	49 
670	48 
671	64 
672	5 
673	69 
674	71 
675	58 
676	1 
677	2 
678	58 
679	51 
680	25 
681	8 
682	14 
683	14 
684	68 
685	30 
686	22 
687	70 
688	10 
689	27 
690	19 
691	51 
692	17 
693	13 
694	65 
695	42 
696	42 
697	9 
698	63 
699	28 
700	35 
701	21 
702	22 
703	52 
704	13 
705	4 
706	63 
707	59 
708	61 
709	75 
710	63 
711	41 
712	15 
713	37 
714	35 
715	58 
716	38 
717	25 
718	25 
719	7 
720	63 
721	23 
722	72 
723	58 
724	22 
725	54 
726	1 
727	45 
728	76 
729	59 
730	9 
731	26 
732	65 
733	63 
734	22 
735	53 
736	68 
737	12 
738	73 
739	54 
740	4 
741	33 
742	16 
743	3 
744	32 
745	9 
746	70 
747	75 
748	59 
749	38 
750	35 
751	13 
752	46 
753	37 
754	35 
755	29 
756	66 
757	28 
758	36 
759	48 
760	71 
761	18 
762	50 
763	54 
764	77 
765	33 
766	21 
767	62 
768	27 
769	76 
770	75 
771	13 
772	46 
773	23 
774	14 
775	27 
776	41 
777	23 
778	27 
779	26 
780	6 
781	11 
782	25 
783	21 
784	56 
785	49 
786	7 
787	44 
788	26 
789	70 
790	40 
791	21 
792	4 
793	66 
794	23 
795	41 
796	69 
797	17 
798	22 
799	28 
800	4 
801	45 
802	9 
803	33 
804	68 
805	27 
806	21 
807	35 
808	14 
809	59 
810	41 
811	14 
812	1 
813	78 
814	52 
815	76 
816	18 
817	71 
818	7 
819	10 
820	72 
821	18 
822	38 
823	65 
824	55 
825	69 
826	11 
827	17 
828	69 
829	18 
830	68 
831	51 
832	65 
833	26 
834	21 
835	32 
836	54 
837	56 
838	70 
839	26 
840	45 
841	17 
842	24 
843	61 
844	16 
845	2 
846	24 
847	33 
848	65 
849	4 
850	51 
851	31 
852	55 
853	74 
854	7 
855	62 
856	67 
857	78 
858	22 
859	23 
860	9 
861	16 
862	5 
863	22 
864	43 
865	5 
866	43 
867	72 
868	15 
869	16 
870	7 
871	25 
872	66 
873	25 
874	58 
875	5 
876	16 
877	19 
878	16 
879	11 
880	59 
881	46 
882	59 
883	16 
884	21 
885	40 
886	28 
887	12 
888	55 
889	2 
890	16 
891	18 
892	65 
893	56 
894	23 
895	53 
896	62 
897	23 
898	58 
899	25 
900	20 
901	43 
902	38 
903	55 
904	3 
905	6 
906	9 
907	69 
908	59 
909	61 
910	51 
911	48 
912	9 
913	57 
914	31 
915	35 
916	31 
917	78 
918	1 
919	35 
920	3 
921	58 
922	45 
923	18 
924	16 
925	34 
926	19 
927	73 
928	56 
929	33 
930	16 
931	52 
932	53 
933	52 
934	14 
935	23 
936	50 
937	66 
938	32 
939	12 
940	16 
941	66 
942	2 
943	6 
944	62 
945	25 
946	19 
947	12 
948	23 
949	77 
950	5 
951	68 
952	28 
953	17 
954	37 
955	46 
956	58 
957	26 
958	7 
959	52 
960	21 
961	68 
962	41 
963	60 
964	5 
965	55 
966	8 
967	35 
968	72 
969	19 
970	30 
971	78 
972	56 
973	61 
974	4 
975	36 
976	10 
977	55 
978	55 
979	24 
980	66 
981	74 
982	64 
983	67 
984	66 
985	39 
986	44 
987	73 
988	72 
989	55 
990	40 
991	65 
992	64 
993	12 
994	55 
995	8 
996	45 
997	27 
998	74 
999	41 
1000	8 
1001	33 
1002	41 
1003	10 
1004	14 
1005	68 
1006	72 
1007	54 
1008	77 
1009	56 
1010	61 
1011	33 
1012	10 
1013	16 
1014	71 
1015	6 
1016	1 
1017	26 
1018	56 
1019	19 
1020	7 
1021	74 
1022	17 
1023	57 
1024	14 
1025	25 
1026	45 
1027	11 
1028	11 
1029	78 
1030	17 
1031	63 
1032	10 
1033	45 
1034	16 
1035	27 
1036	6 
1037	16 
1038	45 
1039	45 
1040	55 
1041	51 
1042	53 
1043	21 
1044	58 
1045	49 
1046	58 
1047	68 
1048	61 
1049	56 
1050	30 
1051	3 
1052	45 
1053	13 
1054	35 
1055	66 
1056	65 
1057	41 
1058	56 
1059	40 
1060	34 
1061	55 
1062	2 
1063	60 
1064	10 
1065	71 
1066	9 
1067	58 
1068	28 
1069	68 
1070	75 
1071	78 
1072	45 
1073	41 
1074	33 
1075	24 
1076	70 
1077	33 
1078	41 
1079	20 
1080	50 
1081	54 
1082	45 
1083	33 
1084	11 
1085	25 
1086	77 
1087	18 
1088	25 
1089	21 
1090	21 
1091	74 
1092	23 
1093	12 
1094	49 
1095	23 
1096	43 
1097	42 
1098	46 
1099	65 
1100	58 
1101	65 
1102	23 
1103	4 
1104	45 
1105	60 
1106	58 
1107	2 
1108	75 
1109	73 
1110	18 
1111	22 
1112	63 
1113	76 
1114	27 
1115	54 
1116	25 
1117	6 
1118	74 
1119	78 
1120	36 
1121	74 
1122	2 
1123	77 
1124	53 
1125	33 
1126	18 
1127	25 
1128	68 
1129	68 
1130	7 
1131	15 
1132	62 
1133	9 
1134	43 
1135	44 
1136	8 
1137	26 
1138	14 
1139	39 
1140	78 
1141	19 
1142	64 
1143	45 
1144	70 
1145	15 
1146	78 
1147	30 
1148	45 
1149	58 
1150	19 
1151	4 
1152	45 
1153	47 
1154	30 
1155	47 
1156	8 
1157	37 
1158	49 
1159	65 
1160	60 
1161	19 
1162	62 
1163	10 
1164	29 
1165	59 
1166	54 
1167	35 
1168	18 
1169	70 
1170	6 
1171	1 
1172	15 
1173	14 
1174	54 
1175	56 
1176	33 
1177	44 
1178	5 
1179	68 
1180	45 
1181	64 
1182	47 
1183	24 
1184	51 
1185	7 
1186	28 
1187	67 
1188	66 
1189	77 
1190	72 
1191	29 
1192	68 
1193	68 
1194	32 
1195	54 
1196	67 
1197	77 
1198	64 
1199	78 
1200	71 
1201	16 
1202	28 
1203	77 
1204	56 
1205	71 
1206	74 
1207	1 
1208	43 
1209	16 
1210	2 
1211	65 
1212	51 
1213	33 
1214	29 
1215	23 
1216	13 
1217	6 
1218	45 
1219	78 
1220	76 
1221	33 
1222	9 
1223	55 
1224	53 
1225	11 
1226	60 
1227	74 
1228	59 
1229	13 
1230	31 
1231	67 
1232	73 
1233	35 
1234	38 
1235	17 
1236	23 
1237	55 
1238	5 
1239	34 
1240	25 
1241	29 
1242	20 
1243	5 
1244	74 
1245	59 
1246	27 
1247	52 
1248	16 
1249	74 
1250	23 
1251	37 
1252	6 
1253	26 
1254	70 
1255	62 
1256	23 
1257	21 
1258	23 
1259	64 
1260	16 
1261	68 
1262	33 
1263	53 
1264	23 
1265	34 
1266	51 
1267	56 
1268	68 
1269	23 
1270	41 
1271	10 
1272	77 
1273	70 
1274	76 
1275	35 
1276	27 
1277	5 
1278	17 
1279	59 
1280	51 
1281	59 
1282	42 
1283	11 
1284	58 
1285	56 
1286	27 
1287	11 
1288	23 
1289	56 
1290	75 
1291	6 
1292	64 
1293	45 
1294	56 
1295	3 
1296	16 
1297	78 
1298	34 
1299	14 
1300	41 
1301	36 
1302	59 
1303	56 
1304	32 
1305	77 
1306	35 
1307	27 
1308	51 
1309	30 
1310	26 
1311	49 
1312	78 
1313	16 
1314	63 
1315	34 
1316	62 
1317	71 
1318	26 
1319	43 
1320	41 
1321	21 
1322	23 
1323	61 
1324	70 
1325	25 
1326	25 
1327	21 
1328	58 
1329	55 
1330	42 
1331	37 
1332	56 
1333	44 
1334	36 
1335	61 
1336	16 
1337	68 
1338	60 
1339	57 
1340	35 
1341	69 
1342	78 
1343	68 
1344	16 
1345	56 
1346	71 
1347	78 
1348	77 
1349	10 
1350	35 
1351	69 
1352	18 
1353	2 
1354	57 
1355	18 
1356	71 
1357	13 
1358	49 
1359	66 
1360	31 
1361	70 
1362	56 
1363	63 
1364	59 
1365	13 
1366	16 
1367	16 
1368	2 
1369	52 
1370	22 
1371	51 
1372	63 
1373	36 
1374	37 
1375	18 
1376	6 
1377	68 
1378	40 
1379	52 
1380	70 
1381	70 
1382	53 
1383	76 
1384	6 
1385	4 
1386	74 
1387	12 
1388	20 
1389	9 
1390	55 
1391	44 
1392	47 
1393	28 
1394	32 
1395	56 
1396	16 
1397	64 
1398	53 
1399	15 
1400	50 
1401	45 
1402	1 
1403	22 
1404	13 
1405	36 
1406	28 
1407	61 
1408	26 
1409	5 
1410	36 
1411	55 
1412	56 
1413	29 
1414	70 
1415	23 
1416	44 
1417	10 
1418	18 
1419	66 
1420	55 
1421	20 
1422	9 
1423	56 
1424	59 
1425	61 
1426	39 
1427	19 
1428	61 
1429	59 
1430	51 
1431	45 
1432	30 
1433	40 
1434	30 
1435	6 
1436	23 
1437	67 
1438	61 
1439	39 
1440	66 
1441	38 
1442	41 
1443	1 
1444	22 
1445	62 
1446	4 
1447	26 
1448	64 
1449	68 
1450	64 
1451	18 
1452	27 
1453	48 
1454	23 
1455	62 
1456	25 
1457	42 
1458	20 
1459	66 
1460	68 
1461	30 
1462	25 
1463	37 
1464	45 
1465	50 
1466	21 
1467	60 
1468	11 
1469	66 
1470	23 
1471	35 
1472	55 
1473	49 
1474	66 
1475	77 
1476	37 
1477	78 
1478	63 
1479	56 
1480	30 
1481	19 
1482	4 
1483	8 
1484	66 
1485	39 
1486	68 
1487	54 
1488	7 
1489	25 
1490	58 
1491	25 
1492	19 
1493	4 
1494	4 
1495	16 
1496	15 
1497	65 
1498	70 
1499	72 
1500	65 
1501	70 
1502	53 
1503	31 
1504	54 
1505	61 
1506	61 
1507	39 
1508	55 
1509	27 
1510	63 
1511	5 
1512	4 
1513	40 
1514	51 
1515	65 
1516	67 
1517	21 
1518	70 
1519	78 
1520	6 
1521	66 
1522	2 
1523	50 
1524	65 
1525	71 
1526	64 
1527	14 
1528	56 
1529	58 
1530	25 
1531	44 
1532	18 
1533	1 
1534	60 
1535	26 
1536	22 
1537	66 
1538	21 
1539	15 
1540	33 
1541	69 
1542	39 
1543	23 
1544	56 
1545	50 
1546	8 
1547	60 
1548	51 
1549	14 
1550	43 
1551	63 
1552	61 
1553	21 
1554	6 
1555	23 
1556	55 
1557	59 
1558	19 
1559	30 
1560	54 
1561	56 
1562	66 
1563	70 
1564	51 
1565	10 
1566	66 
1567	63 
1568	33 
1569	54 
1570	26 
1571	18 
1572	44 
1573	68 
1574	8 
1575	50 
1576	4 
1577	33 
1578	77 
1579	19 
1580	51 
1581	69 
1582	68 
1583	22 
1584	16 
1585	14 
1586	25 
1587	68 
1588	55 
1589	44 
1590	18 
1591	45 
1592	9 
1593	74 
1594	59 
1595	59 
1596	41 
1597	17 
1598	5 
1599	71 
1600	42 
1601	18 
1602	22 
1603	68 
1604	55 
1605	35 
1606	57 
1607	43 
1608	11 
1609	18 
1610	11 
1611	56 
1612	42 
1613	36 
1614	17 
1615	77 
1616	71 
1617	30 
1618	58 
1619	78 
1620	62 
1621	68 
1622	30 
1623	33 
1624	44 
1625	23 
1626	2 
1627	55 
1628	19 
1629	64 
1630	23 
1631	23 
1632	45 
1633	41 
1634	62 
1635	78 
1636	21 
1637	74 
1638	16 
1639	28 
1640	41 
1641	12 
1642	51 
1643	4 
1644	33 
1645	26 
1646	21 
1647	26 
1648	41 
1649	63 
1650	42 
1651	21 
1652	19 
1653	14 
1654	59 
1655	33 
1656	74 
1657	36 
1658	21 
1659	18 
1660	35 
1661	77 
1662	66 
1663	68 
1664	72 
1665	9 
1666	69 
1667	21 
1668	44 
1669	4 
1670	50 
1671	22 
1672	5 
1673	57 
1674	41 
1675	21 
1676	59 
1677	30 
1678	28 
1679	23 
1680	78 
1681	35 
1682	61 
1683	1 
1684	58 
1685	19 
1686	49 
1687	61 
1688	55 
1689	49 
1690	11 
1691	61 
1692	54 
1693	49 
1694	60 
1695	1 
1696	57 
1697	25 
1698	62 
1699	77 
1700	74 
1701	50 
1702	45 
1703	69 
1704	22 
1705	50 
1706	57 
1707	58 
1708	66 
1709	18 
1710	6 
1711	16 
1712	11 
1713	26 
1714	74 
1715	12 
1716	52 
1717	16 
1718	74 
1719	27 
1720	18 
1721	33 
1722	11 
1723	36 
1724	43 
1725	4 
1726	8 
1727	43 
1728	23 
1729	2 
1730	42 
1731	61 
1732	1 
1733	12 
1734	26 
1735	37 
1736	74 
1737	66 
1738	8 
1739	55 
1740	55 
1741	58 
1742	36 
1743	17 
1744	59 
1745	71 
1746	69 
1747	25 
1748	59 
1749	33 
1750	72 
1751	61 
1752	68 
1753	8 
1754	18 
1755	66 
1756	49 
1757	52 
1758	72 
1759	9 
1760	45 
1761	27 
1762	6 
1763	5 
1764	66 
1765	61 
1766	41 
1767	58 
1768	68 
1769	19 
1770	78 
1771	18 
1772	55 
1773	35 
1774	78 
1775	69 
1776	52 
1777	45 
1778	74 
1779	42 
1780	25 
1781	4 
1782	64 
1783	66 
1784	68 
1785	27 
1786	27 
1787	78 
1788	25 
1789	23 
1790	36 
1791	55 
1792	35 
1793	33 
1794	36 
1795	70 
1796	18 
1797	27 
1798	63 
1799	66 
1800	18 
1801	27 
1802	17 
1803	56 
1804	56 
1805	4 
1806	63 
1807	6 
1808	10 
1809	62 
1810	65 
1811	10 
1812	41 
1813	61 
1814	30 
1815	43 
1816	8 
1817	21 
1818	17 
1819	36 
1820	41 
1821	41 
1822	55 
1823	51 
1824	9 
1825	77 
1826	59 
1827	6 
1828	11 
1829	64 
1830	5 
1831	21 
1832	59 
1833	65 
1834	58 
1835	33 
1836	66 
1837	41 
1838	12 
1839	14 
1840	66 
1841	58 
1842	69 
1843	33 
1844	26 
1845	16 
1846	36 
1847	66 
1848	74 
1849	56 
1850	58 
1851	64 
1852	12 
1853	14 
1854	16 
1855	41 
1856	55 
1857	63 
1858	49 
1859	14 
1860	25 
1861	23 
1862	70 
1863	65 
1864	65 
1865	74 
1866	16 
1867	16 
1868	50 
1869	27 
1870	74 
1871	16 
1872	19 
1873	41 
1874	65 
1875	64 
1876	51 
1877	66 
1878	17 
1879	36 
1880	22 
1881	33 
1882	35 
1883	21 
1884	1 
1885	21 
1886	36 
1887	8 
1888	25 
1889	41 
1890	45 
1891	58 
1892	25 
1893	16 
1894	1 
1895	74 
1896	56 
1897	68 
1898	33 
1899	12 
1900	77 
1901	59 
1902	55 
1903	61 
1904	58 
1905	51 
1906	63 
1907	56 
1908	66 
1909	18 
1910	41 
1911	33 
1912	59 
1913	16 
1914	6 
1915	63 
1916	59 
1917	36 
1918	58 
1919	63 
1920	23 
1921	22 
1922	74 
1923	33 
1924	55 
1925	5 
1926	68 
1927	78 
1928	26 
1929	5 
1930	23 
1931	71 
1932	23 
1933	41 
1934	63 
1935	55 
1936	23 
1937	26 
1938	22 
1939	25 
1940	22 
1941	41 
1942	35 
1943	18 
1944	9 
1945	77 
1946	70 
1947	18 
1948	41 
1949	4 
1950	27 
1951	61 
1952	64 
1953	74 
1954	18 
1955	64 
1956	61 
1957	8 
1958	69 
1959	26 
1960	62 
1961	25 
1962	68 
1963	35 
1964	65 
1965	23 
1966	71 
1967	12 
1968	8 
1969	21 
1970	1 
1971	70 
1972	16 
1973	55 
1974	26 
1975	22 
1976	41 
1977	9 
1978	58 
1979	4 
1980	27 
1981	55 
1982	64 
1983	1 
1984	25 
1985	16 
1986	1 
1987	77 
1988	33 
1989	49 
1990	36 
1991	51 
1992	65 
1993	1 
1994	26 
1995	58 
1996	68 
1997	23 
1998	58 
1999	68 
2000	9 
