1	36 
2	34 
3	28 
4	36 
5	38 
6	40 
7	33 
8	27 
9	26 
10	22 
11	39 
12	40 
13	24 
14	18 
15	25 
16	32 
17	25 
18	16 
19	37 
20	11 
21	7 
22	6 
23	28 
24	7 
25	17 
26	22 
27	21 
28	4 
29	12 
30	38 
31	14 
32	13 
33	1 
34	13 
35	9 
36	36 
37	15 
38	10 
39	12 
40	26 
41	39 
42	12 
43	22 
44	36 
45	39 
46	17 
47	12 
48	34 
49	25 
50	11 
51	11 
52	31 
53	29 
54	26 
55	40 
56	27 
57	14 
58	15 
59	17 
60	20 
61	24 
62	7 
63	3 
64	39 
65	13 
66	4 
67	31 
68	30 
69	15 
70	6 
71	29 
72	21 
73	17 
74	30 
75	21 
76	14 
77	38 
78	33 
79	9 
80	6 
81	20 
82	6 
83	12 
84	33 
85	22 
86	4 
87	17 
88	13 
89	32 
90	6 
91	5 
92	20 
93	6 
94	32 
95	19 
96	8 
97	20 
98	36 
99	2 
100	31 
101	21 
102	10 
103	34 
104	38 
105	1 
106	23 
107	36 
108	20 
109	10 
110	39 
111	4 
112	36 
113	12 
114	8 
115	36 
116	10 
117	32 
118	26 
119	36 
120	31 
121	1 
122	17 
123	30 
124	32 
125	23 
126	36 
127	8 
128	27 
129	16 
130	1 
131	15 
132	39 
133	27 
134	38 
135	16 
136	35 
137	26 
138	38 
139	11 
140	14 
141	37 
142	30 
143	7 
144	35 
145	19 
146	24 
147	26 
148	25 
149	20 
150	16 
151	25 
152	32 
153	37 
154	21 
155	37 
156	16 
157	38 
158	14 
159	35 
160	23 
161	40 
162	31 
163	18 
164	29 
165	14 
166	12 
167	4 
168	13 
169	9 
170	24 
171	2 
172	1 
173	4 
174	5 
175	32 
176	38 
177	33 
178	2 
179	1 
180	30 
181	32 
182	13 
183	4 
184	17 
185	14 
186	23 
187	39 
188	25 
189	39 
190	27 
191	13 
192	26 
193	11 
194	21 
195	9 
196	9 
197	35 
198	8 
199	1 
200	22 
201	13 
202	7 
203	40 
204	10 
205	6 
206	29 
207	10 
208	6 
209	3 
210	18 
211	1 
212	18 
213	6 
214	6 
215	24 
216	33 
217	28 
218	24 
219	38 
220	13 
221	10 
222	5 
223	24 
224	14 
225	30 
226	39 
227	27 
228	2 
229	12 
230	22 
231	5 
232	38 
233	34 
234	2 
235	34 
236	40 
237	39 
238	15 
239	33 
240	36 
241	6 
242	5 
243	29 
244	22 
245	17 
246	11 
247	23 
248	27 
249	39 
250	1 
251	38 
252	33 
253	6 
254	32 
255	10 
256	23 
257	33 
258	10 
259	17 
260	11 
261	1 
262	40 
263	39 
264	40 
265	6 
266	34 
267	35 
268	22 
269	26 
270	26 
271	6 
272	32 
273	22 
274	30 
275	14 
276	10 
277	20 
278	36 
279	30 
280	27 
281	8 
282	20 
283	33 
284	9 
285	31 
286	33 
287	40 
288	10 
289	19 
290	37 
291	4 
292	12 
293	20 
294	6 
295	1 
296	17 
297	39 
298	24 
299	34 
300	20 
301	23 
302	32 
303	7 
304	18 
305	33 
306	2 
307	27 
308	29 
309	6 
310	2 
311	12 
312	2 
313	39 
314	14 
315	11 
316	25 
317	2 
318	10 
319	22 
320	32 
321	37 
322	12 
323	1 
324	18 
325	30 
326	7 
327	37 
328	6 
329	7 
330	17 
331	35 
332	2 
333	5 
334	11 
335	31 
336	21 
337	22 
338	16 
339	18 
340	13 
341	29 
342	7 
343	37 
344	15 
345	27 
346	7 
347	16 
348	6 
349	40 
350	20 
351	31 
352	29 
353	40 
354	23 
355	23 
356	1 
357	3 
358	2 
359	12 
360	38 
361	21 
362	20 
363	12 
364	29 
365	29 
366	32 
367	3 
368	16 
369	12 
370	37 
371	4 
372	6 
373	21 
374	3 
375	1 
376	15 
377	15 
378	33 
379	3 
380	21 
381	12 
382	13 
383	24 
384	17 
385	18 
386	37 
387	39 
388	7 
389	1 
390	4 
391	7 
392	35 
393	31 
394	27 
395	30 
396	38 
397	17 
398	23 
399	34 
400	2 
401	34 
402	29 
403	11 
404	34 
405	30 
406	20 
407	22 
408	18 
409	5 
410	25 
411	35 
412	40 
413	2 
414	37 
415	25 
416	18 
417	8 
418	22 
419	34 
420	19 
421	2 
422	7 
423	11 
424	12 
425	39 
426	12 
427	1 
428	10 
429	17 
430	3 
431	21 
432	2 
433	9 
434	26 
435	23 
436	29 
437	29 
438	10 
439	22 
440	13 
441	6 
442	27 
443	12 
444	25 
445	11 
446	27 
447	31 
448	30 
449	12 
450	23 
451	10 
452	14 
453	17 
454	3 
455	37 
456	31 
457	3 
458	20 
459	34 
460	36 
461	15 
462	6 
463	7 
464	25 
465	7 
466	27 
467	16 
468	14 
469	11 
470	22 
471	14 
472	20 
473	37 
474	30 
475	17 
476	2 
477	24 
478	19 
479	4 
480	37 
481	12 
482	24 
483	25 
484	20 
485	37 
486	19 
487	16 
488	30 
489	30 
490	6 
491	1 
492	28 
493	14 
494	16 
495	27 
496	15 
497	16 
498	26 
499	33 
500	22 
501	18 
502	27 
503	34 
504	12 
505	27 
506	9 
507	34 
508	25 
509	3 
510	12 
511	38 
512	14 
513	3 
514	17 
515	25 
516	29 
517	15 
518	40 
519	28 
520	38 
521	18 
522	14 
523	37 
524	10 
525	34 
526	6 
527	1 
528	35 
529	34 
530	21 
531	13 
532	4 
533	21 
534	14 
535	23 
536	2 
537	10 
538	21 
539	3 
540	26 
541	23 
542	6 
543	20 
544	27 
545	13 
546	7 
547	33 
548	10 
549	28 
550	36 
551	8 
552	22 
553	20 
554	17 
555	25 
556	11 
557	30 
558	32 
559	27 
560	19 
561	22 
562	20 
563	15 
564	28 
565	37 
566	36 
567	27 
568	33 
569	15 
570	17 
571	40 
572	7 
573	28 
574	10 
575	38 
576	6 
577	30 
578	37 
579	1 
580	14 
581	9 
582	38 
583	16 
584	36 
585	33 
586	6 
587	26 
588	6 
589	19 
590	19 
591	33 
592	31 
593	6 
594	2 
595	25 
596	8 
597	37 
598	36 
599	19 
600	34 
601	19 
602	6 
603	16 
604	29 
605	16 
606	13 
607	22 
608	25 
609	38 
610	6 
611	21 
612	14 
613	2 
614	2 
615	29 
616	4 
617	14 
618	25 
619	4 
620	5 
621	32 
622	13 
623	3 
624	1 
625	1 
626	18 
627	29 
628	17 
629	10 
630	36 
631	30 
632	10 
633	38 
634	5 
635	7 
636	15 
637	12 
638	19 
639	7 
640	18 
641	23 
642	21 
643	5 
644	25 
645	21 
646	6 
647	34 
648	2 
649	7 
650	8 
651	17 
652	8 
653	28 
654	30 
655	22 
656	39 
657	33 
658	6 
659	28 
660	30 
661	5 
662	17 
663	4 
664	26 
665	36 
666	7 
667	2 
668	1 
669	12 
670	7 
671	6 
672	5 
673	12 
674	19 
675	23 
676	18 
677	25 
678	20 
679	9 
680	17 
681	34 
682	33 
683	17 
684	21 
685	29 
686	14 
687	34 
688	40 
689	18 
690	19 
691	28 
692	20 
693	4 
694	24 
695	34 
696	9 
697	36 
698	33 
699	38 
700	39 
701	31 
702	33 
703	14 
704	10 
705	20 
706	2 
707	14 
708	32 
709	27 
710	18 
711	34 
712	1 
713	26 
714	5 
715	1 
716	28 
717	9 
718	7 
719	28 
720	16 
721	22 
722	24 
723	13 
724	1 
725	24 
726	28 
727	6 
728	10 
729	6 
730	35 
731	22 
732	40 
733	37 
734	32 
735	32 
736	38 
737	13 
738	28 
739	20 
740	19 
741	38 
742	14 
743	28 
744	16 
745	16 
746	27 
747	37 
748	30 
749	20 
750	40 
751	33 
752	16 
753	8 
754	5 
755	20 
756	8 
757	24 
758	22 
759	24 
760	12 
761	28 
762	20 
763	31 
764	28 
765	40 
766	39 
767	21 
768	22 
769	17 
770	35 
771	22 
772	6 
773	35 
774	15 
775	11 
776	27 
777	22 
778	39 
779	12 
780	15 
781	39 
782	1 
783	33 
784	37 
785	17 
786	6 
787	25 
788	4 
789	10 
790	24 
791	31 
792	19 
793	26 
794	18 
795	19 
796	26 
797	26 
798	10 
799	32 
800	9 
801	3 
802	20 
803	22 
804	6 
805	2 
806	7 
807	11 
808	36 
809	29 
810	30 
811	6 
812	32 
813	6 
814	21 
815	20 
816	19 
817	9 
818	26 
819	33 
820	4 
821	28 
822	11 
823	16 
824	11 
825	11 
826	2 
827	23 
828	38 
829	39 
830	14 
831	6 
832	2 
833	17 
834	6 
835	35 
836	38 
837	14 
838	35 
839	32 
840	17 
841	14 
842	3 
843	20 
844	31 
845	25 
846	16 
847	3 
848	40 
849	40 
850	20 
851	25 
852	40 
853	8 
854	26 
855	16 
856	30 
857	8 
858	20 
859	12 
860	22 
861	37 
862	35 
863	29 
864	33 
865	27 
866	31 
867	30 
868	9 
869	28 
870	22 
871	33 
872	30 
873	1 
874	27 
875	20 
876	6 
877	17 
878	30 
879	34 
880	39 
881	19 
882	20 
883	30 
884	19 
885	27 
886	26 
887	14 
888	24 
889	9 
890	38 
891	30 
892	15 
893	13 
894	11 
895	16 
896	33 
897	14 
898	17 
899	22 
900	24 
901	7 
902	22 
903	9 
904	11 
905	38 
906	9 
907	34 
908	18 
909	35 
910	15 
911	4 
912	38 
913	32 
914	38 
915	19 
916	12 
917	40 
918	38 
919	2 
920	29 
921	38 
922	28 
923	36 
924	2 
925	16 
926	22 
927	17 
928	18 
929	37 
930	27 
931	38 
932	14 
933	29 
934	5 
935	18 
936	9 
937	7 
938	11 
939	24 
940	37 
941	26 
942	3 
943	26 
944	19 
945	22 
946	7 
947	40 
948	18 
949	3 
950	20 
951	28 
952	8 
953	15 
954	39 
955	28 
956	35 
957	15 
958	27 
959	25 
960	16 
961	10 
962	33 
963	38 
964	33 
965	31 
966	28 
967	35 
968	35 
969	22 
970	4 
971	22 
972	17 
973	28 
974	1 
975	30 
976	17 
977	27 
978	24 
979	35 
980	33 
981	27 
982	30 
983	21 
984	40 
985	28 
986	39 
987	19 
988	15 
989	26 
990	35 
991	22 
992	15 
993	15 
994	9 
995	22 
996	11 
997	25 
998	27 
999	18 
1000	38 
1001	31 
1002	19 
1003	29 
1004	30 
1005	30 
1006	4 
1007	14 
1008	33 
1009	27 
1010	30 
1011	27 
1012	30 
1013	27 
1014	13 
1015	34 
1016	9 
1017	4 
1018	37 
1019	8 
1020	20 
1021	29 
1022	32 
1023	4 
1024	40 
1025	24 
1026	13 
1027	40 
1028	38 
1029	21 
1030	2 
1031	11 
1032	37 
1033	11 
1034	19 
1035	6 
1036	30 
1037	21 
1038	23 
1039	24 
1040	23 
1041	37 
1042	33 
1043	40 
1044	6 
1045	14 
1046	26 
1047	38 
1048	31 
1049	9 
1050	6 
1051	6 
1052	30 
1053	36 
1054	10 
1055	35 
1056	24 
1057	15 
1058	37 
1059	21 
1060	35 
1061	3 
1062	24 
1063	17 
1064	31 
1065	18 
1066	32 
1067	18 
1068	25 
1069	21 
1070	38 
1071	17 
1072	23 
1073	40 
1074	19 
1075	28 
1076	28 
1077	14 
1078	10 
1079	15 
1080	36 
1081	30 
1082	2 
1083	6 
1084	7 
1085	8 
1086	40 
1087	37 
1088	19 
1089	36 
1090	25 
1091	16 
1092	7 
1093	13 
1094	8 
1095	29 
1096	17 
1097	22 
1098	11 
1099	15 
1100	34 
1101	16 
1102	11 
1103	26 
1104	15 
1105	37 
1106	12 
1107	40 
1108	24 
1109	35 
1110	35 
1111	9 
1112	35 
1113	3 
1114	15 
1115	16 
1116	30 
1117	37 
1118	25 
1119	25 
1120	36 
1121	6 
1122	1 
1123	24 
1124	8 
1125	33 
1126	26 
1127	2 
1128	12 
1129	21 
1130	9 
1131	7 
1132	39 
1133	27 
1134	39 
1135	13 
1136	34 
1137	37 
1138	24 
1139	15 
1140	31 
1141	29 
1142	27 
1143	17 
1144	31 
1145	32 
1146	3 
1147	38 
1148	6 
1149	17 
1150	6 
1151	13 
1152	30 
1153	17 
1154	7 
1155	34 
1156	15 
1157	4 
1158	3 
1159	21 
1160	7 
1161	22 
1162	28 
1163	20 
1164	8 
1165	38 
1166	34 
1167	33 
1168	37 
1169	28 
1170	33 
1171	19 
1172	1 
1173	28 
1174	30 
1175	32 
1176	31 
1177	2 
1178	12 
1179	4 
1180	26 
1181	6 
1182	5 
1183	15 
1184	3 
1185	30 
1186	14 
1187	5 
1188	3 
1189	15 
1190	5 
1191	10 
1192	6 
1193	4 
1194	12 
1195	32 
1196	31 
1197	40 
1198	35 
1199	38 
1200	28 
1201	12 
1202	24 
1203	8 
1204	12 
1205	37 
1206	35 
1207	27 
1208	24 
1209	19 
1210	12 
1211	15 
1212	1 
1213	1 
1214	39 
1215	5 
1216	8 
1217	17 
1218	30 
1219	16 
1220	21 
1221	7 
1222	20 
1223	4 
1224	29 
1225	1 
1226	31 
1227	30 
1228	14 
1229	27 
1230	3 
1231	23 
1232	38 
1233	36 
1234	31 
1235	38 
1236	2 
1237	33 
1238	31 
1239	22 
1240	35 
1241	17 
1242	34 
1243	34 
1244	6 
1245	29 
1246	15 
1247	25 
1248	31 
1249	40 
1250	5 
1251	2 
1252	16 
1253	36 
1254	9 
1255	27 
1256	31 
1257	15 
1258	20 
1259	11 
1260	24 
1261	6 
1262	2 
1263	20 
1264	14 
1265	17 
1266	2 
1267	10 
1268	11 
1269	39 
1270	27 
1271	27 
1272	26 
1273	8 
1274	27 
1275	10 
1276	38 
1277	21 
1278	11 
1279	14 
1280	37 
1281	25 
1282	33 
1283	23 
1284	40 
1285	35 
1286	11 
1287	28 
1288	13 
1289	31 
1290	10 
1291	25 
1292	10 
1293	6 
1294	21 
1295	14 
1296	23 
1297	14 
1298	22 
1299	39 
1300	18 
1301	38 
1302	5 
1303	1 
1304	11 
1305	21 
1306	21 
1307	29 
1308	11 
1309	32 
1310	7 
1311	31 
1312	22 
1313	39 
1314	27 
1315	34 
1316	21 
1317	16 
1318	29 
1319	34 
1320	33 
1321	34 
1322	6 
1323	26 
1324	10 
1325	34 
1326	39 
1327	15 
1328	37 
1329	27 
1330	38 
1331	40 
1332	38 
1333	30 
1334	21 
1335	12 
1336	30 
1337	19 
1338	19 
1339	26 
1340	15 
1341	25 
1342	1 
1343	36 
1344	2 
1345	8 
1346	15 
1347	28 
1348	37 
1349	4 
1350	35 
1351	14 
1352	8 
1353	9 
1354	23 
1355	33 
1356	21 
1357	22 
1358	14 
1359	21 
1360	1 
1361	39 
1362	3 
1363	27 
1364	3 
1365	31 
1366	28 
1367	29 
1368	6 
1369	6 
1370	3 
1371	3 
1372	31 
1373	6 
1374	18 
1375	31 
1376	20 
1377	26 
1378	14 
1379	2 
1380	29 
1381	19 
1382	18 
1383	15 
1384	29 
1385	17 
1386	3 
1387	19 
1388	11 
1389	9 
1390	36 
1391	10 
1392	23 
1393	31 
1394	8 
1395	6 
1396	6 
1397	34 
1398	33 
1399	5 
1400	30 
1401	12 
1402	19 
1403	19 
1404	20 
1405	29 
1406	27 
1407	28 
1408	12 
1409	25 
1410	36 
1411	32 
1412	20 
1413	3 
1414	17 
1415	19 
1416	5 
1417	32 
1418	15 
1419	14 
1420	20 
1421	22 
1422	1 
1423	3 
1424	40 
1425	19 
1426	16 
1427	13 
1428	8 
1429	6 
1430	14 
1431	38 
1432	12 
1433	39 
1434	14 
1435	20 
1436	35 
1437	24 
1438	5 
1439	35 
1440	20 
1441	14 
1442	19 
1443	3 
1444	34 
1445	14 
1446	1 
1447	37 
1448	3 
1449	3 
1450	24 
1451	10 
1452	26 
1453	20 
1454	18 
1455	37 
1456	7 
1457	30 
1458	19 
1459	15 
1460	22 
1461	33 
1462	3 
1463	22 
1464	22 
1465	2 
1466	6 
1467	8 
1468	27 
1469	22 
1470	20 
1471	38 
1472	10 
1473	18 
1474	37 
1475	34 
1476	19 
1477	20 
1478	21 
1479	12 
1480	20 
1481	15 
1482	35 
1483	10 
1484	13 
1485	26 
1486	12 
1487	4 
1488	9 
1489	36 
1490	24 
1491	13 
1492	15 
1493	27 
1494	27 
1495	28 
1496	8 
1497	27 
1498	37 
1499	40 
1500	3 
1501	11 
1502	38 
1503	6 
1504	6 
1505	9 
1506	11 
1507	19 
1508	15 
1509	20 
1510	32 
1511	32 
1512	38 
1513	31 
1514	1 
1515	2 
1516	4 
1517	29 
1518	38 
1519	12 
1520	23 
1521	10 
1522	8 
1523	16 
1524	6 
1525	19 
1526	15 
1527	12 
1528	12 
1529	22 
1530	13 
1531	24 
1532	28 
1533	10 
1534	17 
1535	1 
1536	27 
1537	3 
1538	34 
1539	38 
1540	29 
1541	11 
1542	36 
1543	14 
1544	34 
1545	23 
1546	40 
1547	10 
1548	38 
1549	7 
1550	37 
1551	39 
1552	12 
1553	31 
1554	12 
1555	19 
1556	19 
1557	36 
1558	13 
1559	40 
1560	28 
1561	18 
1562	11 
1563	29 
1564	33 
1565	12 
1566	38 
1567	31 
1568	31 
1569	4 
1570	11 
1571	17 
1572	11 
1573	33 
1574	5 
1575	33 
1576	28 
1577	18 
1578	37 
1579	37 
1580	19 
1581	19 
1582	21 
1583	29 
1584	15 
1585	10 
1586	24 
1587	21 
1588	9 
1589	2 
1590	12 
1591	29 
1592	10 
1593	15 
1594	1 
1595	10 
1596	19 
1597	27 
1598	25 
1599	11 
1600	9 
1601	18 
1602	23 
1603	26 
1604	14 
1605	26 
1606	14 
1607	36 
1608	39 
1609	20 
1610	22 
1611	23 
1612	40 
1613	38 
1614	2 
1615	5 
1616	29 
1617	6 
1618	33 
1619	9 
1620	36 
1621	21 
1622	31 
1623	26 
1624	33 
1625	13 
1626	19 
1627	26 
1628	9 
1629	14 
1630	15 
1631	6 
1632	11 
1633	15 
1634	39 
1635	30 
1636	12 
1637	6 
1638	18 
1639	19 
1640	28 
1641	12 
1642	9 
1643	6 
1644	1 
1645	10 
1646	6 
1647	34 
1648	33 
1649	3 
1650	38 
1651	25 
1652	20 
1653	19 
1654	2 
1655	13 
1656	25 
1657	19 
1658	15 
1659	17 
1660	9 
1661	7 
1662	26 
1663	27 
1664	40 
1665	6 
1666	32 
1667	22 
1668	17 
1669	23 
1670	20 
1671	3 
1672	29 
1673	4 
1674	9 
1675	22 
1676	20 
1677	36 
1678	29 
1679	1 
1680	19 
1681	26 
1682	13 
1683	14 
1684	40 
1685	4 
1686	3 
1687	30 
1688	15 
1689	6 
1690	9 
1691	5 
1692	15 
1693	11 
1694	3 
1695	23 
1696	2 
1697	26 
1698	15 
1699	31 
1700	16 
1701	34 
1702	6 
1703	23 
1704	11 
1705	5 
1706	13 
1707	3 
1708	18 
1709	40 
1710	16 
1711	21 
1712	20 
1713	38 
1714	4 
1715	22 
1716	8 
1717	33 
1718	26 
1719	17 
1720	33 
1721	5 
1722	14 
1723	6 
1724	20 
1725	38 
1726	37 
1727	21 
1728	12 
1729	17 
1730	15 
1731	13 
1732	12 
1733	12 
1734	1 
1735	13 
1736	34 
1737	27 
1738	35 
1739	28 
1740	3 
1741	12 
1742	35 
1743	32 
1744	1 
1745	24 
1746	13 
1747	3 
1748	10 
1749	28 
1750	23 
1751	15 
1752	1 
1753	3 
1754	1 
1755	14 
1756	38 
1757	26 
1758	20 
1759	40 
1760	29 
1761	21 
1762	15 
1763	22 
1764	3 
1765	1 
1766	2 
1767	31 
1768	25 
1769	30 
1770	8 
1771	34 
1772	37 
1773	21 
1774	16 
1775	6 
1776	33 
1777	33 
1778	38 
1779	23 
1780	31 
1781	36 
1782	19 
1783	22 
1784	18 
1785	32 
1786	9 
1787	28 
1788	1 
1789	9 
1790	31 
1791	40 
1792	4 
1793	25 
1794	7 
1795	6 
1796	23 
1797	2 
1798	40 
1799	18 
1800	3 
1801	31 
1802	35 
1803	21 
1804	9 
1805	19 
1806	36 
1807	33 
1808	32 
1809	36 
1810	14 
1811	14 
1812	1 
1813	13 
1814	34 
1815	3 
1816	19 
1817	11 
1818	20 
1819	6 
1820	32 
1821	21 
1822	14 
1823	10 
1824	22 
1825	12 
1826	19 
1827	5 
1828	28 
1829	30 
1830	10 
1831	36 
1832	40 
1833	34 
1834	40 
1835	5 
1836	21 
1837	32 
1838	1 
1839	6 
1840	28 
1841	5 
1842	12 
1843	16 
1844	5 
1845	3 
1846	10 
1847	10 
1848	39 
1849	40 
1850	3 
1851	20 
1852	1 
1853	5 
1854	17 
1855	1 
1856	38 
1857	32 
1858	11 
1859	32 
1860	28 
1861	40 
1862	20 
1863	11 
1864	38 
1865	9 
1866	10 
1867	6 
1868	4 
1869	3 
1870	17 
1871	31 
1872	8 
1873	35 
1874	7 
1875	12 
1876	31 
1877	19 
1878	30 
1879	18 
1880	25 
1881	30 
1882	26 
1883	3 
1884	26 
1885	3 
1886	39 
1887	20 
1888	5 
1889	9 
1890	14 
1891	27 
1892	23 
1893	29 
1894	12 
1895	6 
1896	15 
1897	23 
1898	38 
1899	15 
1900	26 
1901	10 
1902	4 
1903	20 
1904	30 
1905	15 
1906	5 
1907	39 
1908	24 
1909	4 
1910	9 
1911	17 
1912	20 
1913	40 
1914	37 
1915	38 
1916	31 
1917	25 
1918	17 
1919	7 
1920	4 
1921	18 
1922	3 
1923	20 
1924	27 
1925	14 
1926	9 
1927	24 
1928	33 
1929	10 
1930	19 
1931	6 
1932	9 
1933	13 
1934	3 
1935	15 
1936	11 
1937	6 
1938	25 
1939	32 
1940	35 
1941	9 
1942	4 
1943	19 
1944	18 
1945	3 
1946	21 
1947	4 
1948	37 
1949	7 
1950	10 
1951	26 
1952	39 
1953	38 
1954	16 
1955	2 
1956	8 
1957	29 
1958	34 
1959	13 
1960	31 
1961	36 
1962	3 
1963	1 
1964	22 
1965	9 
1966	15 
1967	36 
1968	28 
1969	2 
1970	13 
1971	24 
1972	20 
1973	8 
1974	7 
1975	34 
1976	35 
1977	33 
1978	3 
1979	31 
1980	1 
1981	7 
1982	27 
1983	26 
1984	32 
1985	35 
1986	29 
1987	39 
1988	17 
1989	12 
1990	25 
1991	8 
1992	21 
1993	30 
1994	27 
1995	20 
1996	14 
1997	15 
1998	6 
1999	14 
2000	2 
