1	3 
2	20 
3	12 
4	15 
5	8 
6	15 
7	3 
8	9 
9	19 
10	18 
11	10 
12	14 
13	3 
14	15 
15	18 
16	8 
17	9 
18	10 
19	6 
20	10 
21	17 
22	13 
23	3 
24	18 
25	7 
26	14 
27	21 
28	11 
29	15 
30	18 
31	20 
32	6 
33	11 
34	19 
35	11 
36	6 
37	9 
38	3 
39	18 
40	10 
41	5 
42	7 
43	11 
44	6 
45	11 
46	14 
47	1 
48	12 
49	11 
50	2 
51	1 
52	5 
53	19 
54	3 
55	10 
56	3 
57	12 
58	6 
59	5 
60	15 
61	17 
62	5 
63	8 
64	10 
65	1 
66	12 
67	3 
68	5 
69	7 
70	20 
71	15 
72	15 
73	6 
74	4 
75	10 
76	14 
77	14 
78	3 
79	6 
80	10 
81	7 
82	16 
83	14 
84	2 
85	9 
86	13 
87	5 
88	1 
89	1 
90	10 
91	5 
92	8 
93	9 
94	9 
95	12 
96	20 
97	10 
98	20 
99	8 
100	19 
101	20 
102	1 
103	14 
104	13 
105	14 
106	8 
107	4 
108	8 
109	4 
110	4 
111	15 
112	20 
113	3 
114	1 
115	9 
116	6 
117	13 
118	1 
119	10 
120	6 
121	14 
122	10 
123	10 
124	20 
125	14 
126	14 
127	14 
128	18 
129	6 
130	5 
131	9 
132	20 
133	13 
134	11 
135	2 
136	10 
137	20 
138	14 
139	9 
140	12 
141	2 
142	20 
143	10 
144	3 
145	2 
146	20 
147	10 
148	14 
149	12 
150	10 
151	12 
152	14 
153	14 
154	9 
155	10 
156	19 
157	7 
158	6 
159	12 
160	19 
161	15 
162	15 
163	6 
164	6 
165	14 
166	2 
167	10 
168	6 
169	10 
170	9 
171	7 
172	15 
173	10 
174	11 
175	12 
176	8 
177	5 
178	12 
179	12 
180	8 
181	14 
182	10 
183	13 
184	2 
185	3 
186	12 
187	8 
188	3 
189	9 
190	4 
191	9 
192	12 
193	19 
194	6 
195	1 
196	4 
197	10 
198	4 
199	15 
200	15 
201	10 
202	6 
203	2 
204	14 
205	8 
206	4 
207	8 
208	2 
209	13 
210	12 
211	19 
212	3 
213	14 
214	8 
215	21 
216	12 
217	20 
218	1 
219	2 
220	20 
221	6 
222	6 
223	19 
224	12 
225	6 
226	9 
227	9 
228	21 
229	6 
230	9 
231	10 
232	21 
233	1 
234	14 
235	19 
236	3 
237	21 
238	16 
239	6 
240	10 
241	16 
242	20 
243	12 
244	5 
245	12 
246	12 
247	3 
248	2 
249	6 
250	19 
251	20 
252	19 
253	4 
254	3 
255	6 
256	10 
257	20 
258	12 
259	9 
260	12 
261	8 
262	15 
263	18 
264	11 
265	14 
266	5 
267	10 
268	19 
269	3 
270	10 
271	9 
272	16 
273	20 
274	9 
275	1 
276	18 
277	9 
278	15 
279	3 
280	12 
281	12 
282	4 
283	12 
284	7 
285	14 
286	13 
287	7 
288	2 
289	6 
290	2 
291	9 
292	3 
293	10 
294	17 
295	16 
296	4 
297	4 
298	9 
299	17 
300	18 
301	7 
302	15 
303	16 
304	5 
305	5 
306	2 
307	10 
308	2 
309	9 
310	8 
311	13 
312	12 
313	2 
314	17 
315	12 
316	3 
317	20 
318	19 
319	8 
320	9 
321	18 
322	4 
323	5 
324	18 
325	21 
326	4 
327	10 
328	6 
329	12 
330	19 
331	10 
332	9 
333	9 
334	18 
335	12 
336	21 
337	18 
338	17 
339	12 
340	9 
341	12 
342	5 
343	7 
344	21 
345	14 
346	3 
347	19 
348	17 
349	20 
350	20 
351	10 
352	4 
353	21 
354	19 
355	2 
356	10 
357	21 
358	18 
359	6 
360	15 
361	9 
362	20 
363	17 
364	16 
365	9 
366	19 
367	11 
368	1 
369	6 
370	10 
371	9 
372	1 
373	5 
374	11 
375	13 
376	14 
377	8 
378	10 
379	8 
380	18 
381	14 
382	14 
383	10 
384	9 
385	10 
386	8 
387	8 
388	13 
389	16 
390	10 
391	4 
392	21 
393	3 
394	13 
395	20 
396	15 
397	2 
398	17 
399	15 
400	6 
401	11 
402	20 
403	1 
404	14 
405	13 
406	9 
407	9 
408	10 
409	12 
410	13 
411	12 
412	9 
413	10 
414	1 
415	15 
416	14 
417	12 
418	19 
419	10 
420	16 
421	15 
422	21 
423	3 
424	7 
425	6 
426	1 
427	12 
428	19 
429	5 
430	6 
431	9 
432	12 
433	15 
434	4 
435	15 
436	19 
437	14 
438	12 
439	10 
440	6 
441	10 
442	12 
443	4 
444	8 
445	5 
446	19 
447	12 
448	18 
449	8 
450	19 
451	6 
452	16 
453	8 
454	15 
455	15 
456	9 
457	12 
458	2 
459	12 
460	12 
461	6 
462	15 
463	12 
464	15 
465	14 
466	19 
467	15 
468	4 
469	9 
470	4 
471	7 
472	4 
473	5 
474	9 
475	9 
476	7 
477	2 
478	3 
479	21 
480	8 
481	4 
482	8 
483	4 
484	21 
485	2 
486	14 
487	16 
488	9 
489	12 
490	14 
491	19 
492	11 
493	12 
494	10 
495	9 
496	5 
497	1 
498	8 
499	6 
500	8 
501	6 
502	4 
503	12 
504	5 
505	1 
506	17 
507	13 
508	3 
509	14 
510	15 
511	15 
512	20 
513	19 
514	10 
515	11 
516	8 
517	20 
518	5 
519	14 
520	3 
521	3 
522	14 
523	12 
524	9 
525	8 
526	14 
527	6 
528	6 
529	6 
530	15 
531	19 
532	9 
533	6 
534	10 
535	5 
536	19 
537	10 
538	6 
539	11 
540	14 
541	2 
542	12 
543	11 
544	12 
545	11 
546	6 
547	14 
548	14 
549	9 
550	9 
551	19 
552	12 
553	19 
554	5 
555	14 
556	19 
557	6 
558	2 
559	1 
560	9 
561	14 
562	15 
563	11 
564	10 
565	6 
566	15 
567	20 
568	18 
569	4 
570	9 
571	19 
572	12 
573	17 
574	4 
575	10 
576	6 
577	3 
578	15 
579	20 
580	14 
581	2 
582	2 
583	17 
584	11 
585	14 
586	2 
587	14 
588	14 
589	10 
590	9 
591	6 
592	12 
593	9 
594	7 
595	9 
596	6 
597	13 
598	5 
599	12 
600	19 
601	7 
602	8 
603	21 
604	10 
605	10 
606	9 
607	10 
608	16 
609	14 
610	5 
611	14 
612	7 
613	10 
614	1 
615	15 
616	4 
617	7 
618	18 
619	10 
620	9 
621	17 
622	9 
623	2 
624	21 
625	15 
626	4 
627	6 
628	9 
629	20 
630	3 
631	2 
632	15 
633	16 
634	14 
635	9 
636	12 
637	6 
638	15 
639	7 
640	14 
641	6 
642	17 
643	13 
644	15 
645	19 
646	8 
647	5 
648	20 
649	9 
650	14 
651	6 
652	3 
653	4 
654	1 
655	8 
656	12 
657	15 
658	15 
659	6 
660	9 
661	19 
662	14 
663	14 
664	4 
665	14 
666	15 
667	15 
668	21 
669	11 
670	19 
671	16 
672	14 
673	9 
674	19 
675	9 
676	6 
677	9 
678	21 
679	19 
680	20 
681	14 
682	5 
683	17 
684	9 
685	21 
686	14 
687	12 
688	14 
689	13 
690	20 
691	11 
692	1 
693	2 
694	20 
695	3 
696	16 
697	19 
698	9 
699	20 
700	1 
701	13 
702	9 
703	14 
704	19 
705	3 
706	14 
707	4 
708	11 
709	5 
710	9 
711	20 
712	18 
713	4 
714	4 
715	21 
716	15 
717	12 
718	18 
719	4 
720	15 
721	6 
722	14 
723	6 
724	9 
725	9 
726	7 
727	7 
728	10 
729	10 
730	18 
731	6 
732	9 
733	2 
734	1 
735	10 
736	20 
737	9 
738	2 
739	1 
740	16 
741	2 
742	7 
743	9 
744	9 
745	14 
746	6 
747	18 
748	19 
749	15 
750	10 
751	7 
752	15 
753	6 
754	15 
755	21 
756	10 
757	10 
758	11 
759	14 
760	10 
761	13 
762	10 
763	5 
764	6 
765	14 
766	7 
767	20 
768	10 
769	10 
770	1 
771	17 
772	9 
773	12 
774	14 
775	12 
776	15 
777	8 
778	2 
779	3 
780	10 
781	3 
782	9 
783	9 
784	21 
785	10 
786	8 
787	11 
788	11 
789	10 
790	10 
791	21 
792	9 
793	14 
794	7 
795	4 
796	4 
797	12 
798	11 
799	14 
800	9 
801	19 
802	12 
803	4 
804	7 
805	12 
806	11 
807	8 
808	19 
809	4 
810	11 
811	5 
812	18 
813	7 
814	17 
815	11 
816	12 
817	15 
818	5 
819	4 
820	8 
821	12 
822	6 
823	15 
824	15 
825	6 
826	9 
827	20 
828	5 
829	9 
830	3 
831	17 
832	3 
833	4 
834	12 
835	7 
836	5 
837	19 
838	10 
839	10 
840	7 
841	10 
842	1 
843	10 
844	19 
845	14 
846	20 
847	10 
848	14 
849	16 
850	19 
851	17 
852	3 
853	15 
854	10 
855	7 
856	7 
857	17 
858	1 
859	14 
860	6 
861	8 
862	9 
863	9 
864	14 
865	5 
866	2 
867	12 
868	19 
869	2 
870	14 
871	16 
872	15 
873	12 
874	14 
875	16 
876	9 
877	1 
878	14 
879	8 
880	20 
881	6 
882	11 
883	10 
884	9 
885	17 
886	11 
887	5 
888	9 
889	15 
890	10 
891	15 
892	15 
893	20 
894	3 
895	9 
896	10 
897	12 
898	14 
899	3 
900	20 
901	15 
902	6 
903	11 
904	9 
905	14 
906	7 
907	15 
908	12 
909	11 
910	14 
911	10 
912	21 
913	10 
914	8 
915	7 
916	6 
917	2 
918	6 
919	21 
920	10 
921	10 
922	14 
923	3 
924	6 
925	3 
926	14 
927	10 
928	9 
929	6 
930	13 
931	20 
932	20 
933	19 
934	4 
935	12 
936	7 
937	13 
938	14 
939	8 
940	19 
941	6 
942	8 
943	6 
944	2 
945	9 
946	15 
947	8 
948	11 
949	8 
950	4 
951	11 
952	15 
953	20 
954	6 
955	14 
956	4 
957	10 
958	5 
959	18 
960	11 
961	20 
962	15 
963	3 
964	1 
965	12 
966	19 
967	6 
968	9 
969	12 
970	16 
971	10 
972	5 
973	1 
974	8 
975	13 
976	15 
977	6 
978	18 
979	14 
980	1 
981	12 
982	8 
983	14 
984	10 
985	12 
986	6 
987	12 
988	20 
989	11 
990	16 
991	16 
992	12 
993	21 
994	4 
995	10 
996	14 
997	17 
998	6 
999	19 
1000	11 
