1	4 
2	8 
3	1 
4	12 
5	2 
6	2 
7	14 
8	10 
9	12 
10	16 
11	2 
12	14 
13	1 
14	1 
15	15 
16	16 
17	4 
18	13 
19	5 
20	13 
21	10 
22	14 
23	8 
24	6 
25	9 
26	6 
27	8 
28	3 
29	11 
30	3 
31	16 
32	14 
33	10 
34	10 
35	13 
36	10 
37	11 
38	9 
39	4 
40	11 
41	10 
42	10 
43	2 
44	4 
45	5 
46	8 
47	11 
48	4 
49	7 
50	12 
51	13 
52	16 
53	5 
54	12 
55	16 
56	8 
57	12 
58	3 
59	2 
60	15 
61	14 
62	3 
63	11 
64	1 
65	9 
66	15 
67	3 
68	8 
69	9 
70	14 
71	8 
72	2 
73	14 
74	14 
75	6 
76	10 
77	13 
78	11 
79	16 
80	16 
81	12 
82	10 
83	12 
84	16 
85	13 
86	5 
87	1 
88	12 
89	15 
90	12 
91	8 
92	4 
93	3 
94	4 
95	9 
96	14 
97	15 
98	10 
99	13 
100	5 
101	3 
102	6 
103	11 
104	14 
105	4 
106	3 
107	5 
108	11 
109	15 
110	7 
111	10 
112	2 
113	5 
114	13 
115	5 
116	8 
117	8 
118	10 
119	4 
120	7 
121	10 
122	14 
123	11 
124	6 
125	9 
126	3 
127	9 
128	15 
129	1 
130	7 
131	9 
132	6 
133	1 
134	9 
135	9 
136	8 
137	4 
138	12 
139	7 
140	2 
141	3 
142	5 
143	14 
144	1 
145	4 
146	2 
147	14 
148	5 
149	6 
150	8 
151	11 
152	9 
153	10 
154	15 
155	11 
156	14 
157	13 
158	1 
159	13 
160	5 
161	12 
162	6 
163	15 
164	5 
165	11 
166	14 
167	15 
168	12 
169	5 
170	14 
171	10 
172	15 
173	6 
174	15 
175	14 
176	14 
177	14 
178	4 
179	7 
180	13 
181	6 
182	11 
183	6 
184	16 
185	15 
186	7 
187	8 
188	2 
189	13 
190	1 
191	10 
192	10 
193	1 
194	1 
195	5 
196	6 
197	2 
198	7 
199	2 
200	9 
201	1 
202	2 
203	4 
204	8 
205	12 
206	9 
207	9 
208	8 
209	16 
210	6 
211	8 
212	14 
213	7 
214	13 
215	11 
216	9 
217	12 
218	10 
219	8 
220	16 
221	16 
222	11 
223	11 
224	15 
225	16 
226	12 
227	8 
228	3 
229	12 
230	10 
231	7 
232	13 
233	6 
234	5 
235	3 
236	16 
237	1 
238	10 
239	7 
240	5 
241	2 
242	14 
243	9 
244	5 
245	5 
246	5 
247	10 
248	9 
249	5 
250	5 
251	14 
252	14 
253	11 
254	5 
255	16 
256	9 
257	6 
258	16 
259	8 
260	13 
261	4 
262	2 
263	6 
264	9 
265	8 
266	13 
267	10 
268	8 
269	14 
270	16 
271	10 
272	8 
273	12 
274	10 
275	11 
276	6 
277	12 
278	16 
279	7 
280	12 
281	6 
282	3 
283	6 
284	5 
285	1 
286	9 
287	12 
288	1 
289	15 
290	8 
291	2 
292	2 
293	2 
294	8 
295	15 
296	13 
297	13 
298	4 
299	5 
300	3 
301	5 
302	3 
303	12 
304	9 
305	15 
306	5 
307	5 
308	5 
309	1 
310	6 
311	14 
312	13 
313	4 
314	5 
315	4 
316	13 
317	3 
318	5 
319	16 
320	5 
321	3 
322	15 
323	14 
324	1 
325	5 
326	6 
327	6 
328	7 
329	4 
330	3 
331	5 
332	6 
333	7 
334	6 
335	1 
336	8 
337	3 
338	5 
339	14 
340	10 
341	9 
342	14 
343	10 
344	9 
345	5 
346	2 
347	14 
348	6 
349	8 
350	8 
351	8 
352	10 
353	3 
354	5 
355	8 
356	16 
357	5 
358	8 
359	3 
360	8 
361	1 
362	4 
363	9 
364	12 
365	8 
366	13 
367	7 
368	8 
369	2 
370	9 
371	8 
372	9 
373	16 
374	2 
375	12 
376	5 
377	5 
378	5 
379	8 
380	16 
381	16 
382	7 
383	3 
384	5 
385	4 
386	2 
387	11 
388	11 
389	8 
390	12 
391	7 
392	9 
393	5 
394	10 
395	5 
396	2 
397	14 
398	13 
399	2 
400	10 
401	13 
402	3 
403	2 
404	4 
405	13 
406	6 
407	9 
408	2 
409	13 
410	1 
411	14 
412	14 
413	9 
414	13 
415	8 
416	9 
417	6 
418	10 
419	4 
420	4 
421	13 
422	10 
423	1 
424	1 
425	5 
426	14 
427	6 
428	8 
429	14 
430	11 
431	1 
432	1 
433	6 
434	15 
435	1 
436	3 
437	10 
438	3 
439	5 
440	2 
441	10 
442	9 
443	5 
444	2 
445	1 
446	5 
447	12 
448	13 
449	13 
450	2 
451	16 
452	2 
453	14 
454	1 
455	8 
456	14 
457	6 
458	10 
459	5 
460	4 
461	5 
462	10 
463	9 
464	8 
465	13 
466	15 
467	10 
468	2 
469	16 
470	8 
471	14 
472	8 
473	10 
474	6 
475	2 
476	14 
477	2 
478	16 
479	5 
480	4 
481	7 
482	7 
483	5 
484	16 
485	4 
486	13 
487	15 
488	13 
489	3 
490	15 
491	9 
492	5 
493	16 
494	13 
495	13 
496	1 
497	15 
498	2 
499	16 
500	15 
501	5 
502	13 
503	6 
504	13 
505	3 
506	6 
507	15 
508	1 
509	10 
510	12 
511	2 
512	4 
513	3 
514	4 
515	5 
516	11 
517	10 
518	11 
519	3 
520	14 
521	4 
522	4 
523	8 
524	11 
525	4 
526	14 
527	10 
528	6 
529	16 
530	10 
531	7 
532	9 
533	8 
534	14 
535	8 
536	6 
537	8 
538	8 
539	5 
540	2 
541	12 
542	4 
543	8 
544	1 
545	3 
546	14 
547	2 
548	10 
549	14 
550	10 
551	10 
552	10 
553	3 
554	7 
555	5 
556	8 
557	7 
558	2 
559	2 
560	3 
561	14 
562	12 
563	4 
564	3 
565	11 
566	6 
567	2 
568	10 
569	7 
570	9 
571	2 
572	13 
573	4 
574	11 
575	12 
576	9 
577	8 
578	4 
579	5 
580	5 
581	3 
582	8 
583	9 
584	16 
585	9 
586	1 
587	11 
588	5 
589	9 
590	2 
591	15 
592	8 
593	10 
594	14 
595	10 
596	7 
597	15 
598	10 
599	8 
600	9 
601	6 
602	1 
603	5 
604	15 
605	10 
606	5 
607	10 
608	8 
609	4 
610	15 
611	7 
612	5 
613	10 
614	6 
615	1 
616	15 
617	14 
618	12 
619	2 
620	1 
621	4 
622	15 
623	9 
624	3 
625	9 
626	13 
627	14 
628	1 
629	13 
630	9 
631	13 
632	13 
633	16 
634	1 
635	13 
636	1 
637	11 
638	1 
639	10 
640	14 
641	7 
642	11 
643	11 
644	4 
645	11 
646	10 
647	13 
648	5 
649	8 
650	12 
651	5 
652	9 
653	7 
654	2 
655	10 
656	6 
657	7 
658	9 
659	7 
660	4 
661	13 
662	9 
663	6 
664	15 
665	5 
666	11 
667	12 
668	12 
669	3 
670	4 
671	15 
672	1 
673	4 
674	3 
675	15 
676	3 
677	6 
678	10 
679	6 
680	5 
681	8 
682	13 
683	10 
684	3 
685	4 
686	4 
687	16 
688	10 
689	10 
690	5 
691	8 
692	7 
693	3 
694	2 
695	1 
696	12 
697	1 
698	1 
699	5 
700	6 
701	5 
702	14 
703	13 
704	12 
705	8 
706	12 
707	8 
708	7 
709	8 
710	15 
711	5 
712	2 
713	12 
714	5 
715	1 
716	6 
717	8 
718	13 
719	1 
720	5 
721	8 
722	3 
723	1 
724	4 
725	2 
726	8 
727	10 
728	1 
729	5 
730	12 
731	13 
732	1 
733	8 
734	5 
735	6 
736	15 
737	10 
738	7 
739	7 
740	14 
741	14 
742	3 
743	7 
744	7 
745	1 
746	5 
747	7 
748	8 
749	1 
750	10 
751	9 
752	4 
753	1 
754	5 
755	6 
756	6 
757	14 
758	1 
759	10 
760	4 
761	1 
762	10 
763	6 
764	1 
765	10 
766	1 
767	4 
768	12 
769	3 
770	14 
771	14 
772	4 
773	5 
774	1 
775	8 
776	3 
777	10 
778	5 
779	4 
780	1 
781	10 
782	13 
783	13 
784	13 
785	8 
786	12 
787	4 
788	1 
789	8 
790	14 
791	10 
792	6 
793	5 
794	8 
795	8 
796	3 
797	8 
798	8 
799	6 
800	3 
801	3 
802	2 
803	6 
804	8 
805	5 
806	8 
807	1 
808	8 
809	5 
810	12 
811	14 
812	8 
813	8 
814	10 
815	5 
816	9 
817	2 
818	1 
819	2 
820	9 
821	13 
822	4 
823	14 
824	5 
825	2 
826	8 
827	1 
828	9 
829	10 
830	4 
831	10 
832	14 
833	4 
834	5 
835	14 
836	2 
837	10 
838	6 
839	13 
840	6 
841	5 
842	10 
843	8 
844	8 
845	4 
846	4 
847	8 
848	13 
849	2 
850	4 
851	10 
852	3 
853	13 
854	8 
855	10 
856	6 
857	6 
858	6 
859	14 
860	1 
861	14 
862	5 
863	4 
864	8 
865	5 
866	13 
867	9 
868	8 
869	10 
870	6 
871	6 
872	8 
873	14 
874	3 
875	13 
876	1 
877	13 
878	8 
879	14 
880	10 
881	4 
882	3 
883	4 
884	8 
885	5 
886	13 
887	2 
888	9 
889	10 
890	10 
891	13 
892	5 
893	8 
894	10 
895	1 
896	10 
897	5 
898	5 
899	10 
900	10 
901	13 
902	5 
903	5 
904	10 
905	5 
906	10 
907	6 
908	1 
909	1 
910	13 
911	9 
912	6 
913	14 
914	6 
915	1 
916	1 
917	6 
918	14 
919	14 
920	4 
921	6 
922	14 
923	1 
924	10 
925	5 
926	5 
927	1 
928	1 
929	14 
930	8 
931	8 
932	8 
933	8 
934	5 
935	10 
936	4 
937	1 
938	5 
939	4 
940	4 
941	13 
942	13 
943	8 
944	4 
945	5 
946	4 
947	8 
948	5 
949	5 
950	10 
951	14 
952	5 
953	10 
954	5 
955	8 
956	6 
957	10 
958	6 
959	14 
960	5 
961	1 
962	6 
963	8 
964	14 
965	13 
966	8 
967	5 
968	10 
969	6 
970	14 
971	14 
972	13 
973	4 
974	5 
975	1 
976	5 
977	8 
978	1 
979	5 
980	14 
981	13 
982	1 
983	4 
984	4 
985	13 
986	10 
987	5 
988	1 
989	4 
990	8 
991	8 
992	8 
993	14 
994	8 
995	1 
996	8 
997	10 
998	5 
999	10 
1000	5 
