1	3 
2	11 
3	10 
4	5 
5	5 
6	1 
7	10 
8	2 
9	1 
10	8 
11	14 
12	6 
13	6 
14	14 
15	4 
16	3 
17	8 
18	9 
19	8 
20	13 
21	4 
22	3 
23	14 
24	13 
25	12 
26	14 
27	10 
28	12 
29	11 
30	2 
31	5 
32	3 
33	13 
34	12 
35	7 
36	8 
37	11 
38	1 
39	3 
40	6 
41	8 
42	12 
43	13 
44	5 
45	13 
46	5 
47	13 
48	13 
49	6 
50	5 
51	8 
52	5 
53	7 
54	5 
55	4 
56	8 
57	3 
58	13 
59	10 
60	5 
61	14 
62	8 
63	14 
64	11 
65	14 
66	10 
67	11 
68	11 
69	1 
70	3 
71	3 
72	7 
73	1 
74	12 
75	10 
76	13 
77	13 
78	9 
79	8 
80	3 
81	13 
82	7 
83	1 
84	8 
85	11 
86	9 
87	1 
88	13 
89	7 
90	3 
91	14 
92	6 
93	9 
94	1 
95	13 
96	12 
97	2 
98	5 
99	13 
100	13 
101	1 
102	7 
103	5 
104	8 
105	13 
106	1 
107	13 
108	3 
109	2 
110	8 
111	3 
112	11 
113	9 
114	8 
115	6 
116	10 
117	1 
118	7 
119	13 
120	3 
121	7 
122	4 
123	13 
124	1 
125	13 
126	11 
127	10 
128	13 
129	14 
130	13 
131	3 
132	11 
133	7 
134	14 
135	5 
136	8 
137	11 
138	1 
139	8 
140	1 
141	14 
142	8 
143	5 
144	12 
145	13 
146	7 
147	7 
148	8 
149	13 
150	5 
151	14 
152	5 
153	7 
154	13 
155	8 
156	10 
157	1 
158	4 
159	9 
160	2 
161	5 
162	13 
163	7 
164	3 
165	8 
166	1 
167	8 
168	8 
169	11 
170	6 
171	5 
172	8 
173	9 
174	1 
175	6 
176	3 
177	2 
178	9 
179	11 
180	14 
181	8 
182	3 
183	3 
184	14 
185	7 
186	7 
187	13 
188	1 
189	11 
190	1 
191	6 
192	10 
193	9 
194	14 
195	13 
196	5 
197	4 
198	5 
199	13 
200	12 
201	1 
202	1 
203	10 
204	3 
205	2 
206	9 
207	1 
208	10 
209	13 
210	12 
211	6 
212	9 
213	10 
214	1 
215	7 
216	4 
217	5 
218	14 
219	6 
220	10 
221	8 
222	3 
223	1 
224	13 
225	11 
226	8 
227	8 
228	1 
229	6 
230	5 
231	3 
232	2 
233	4 
234	10 
235	14 
236	4 
237	5 
238	8 
239	5 
240	4 
241	1 
242	14 
243	3 
244	13 
245	9 
246	5 
247	3 
248	13 
249	4 
250	4 
251	12 
252	8 
253	6 
254	1 
255	5 
256	9 
257	13 
258	1 
259	1 
260	6 
261	7 
262	12 
263	10 
264	5 
265	3 
266	7 
267	8 
268	4 
269	8 
270	9 
271	13 
272	14 
273	11 
274	14 
275	1 
276	1 
277	9 
278	5 
279	7 
280	9 
281	7 
282	12 
283	7 
284	5 
285	10 
286	12 
287	5 
288	14 
289	12 
290	5 
291	1 
292	14 
293	9 
294	5 
295	5 
296	2 
297	11 
298	9 
299	7 
300	1 
301	6 
302	7 
303	2 
304	5 
305	6 
306	2 
307	5 
308	2 
309	13 
310	11 
311	12 
312	8 
313	8 
314	13 
315	13 
316	3 
317	14 
318	4 
319	10 
320	13 
321	7 
322	4 
323	8 
324	4 
325	14 
326	1 
327	3 
328	12 
329	5 
330	3 
331	5 
332	3 
333	7 
334	3 
335	8 
336	4 
337	6 
338	13 
339	10 
340	14 
341	4 
342	4 
343	1 
344	7 
345	4 
346	2 
347	4 
348	9 
349	3 
350	5 
351	1 
352	8 
353	7 
354	4 
355	14 
356	14 
357	9 
358	10 
359	8 
360	8 
361	8 
362	13 
363	14 
364	3 
365	6 
366	3 
367	10 
368	1 
369	13 
370	10 
371	13 
372	7 
373	12 
374	13 
375	9 
376	1 
377	7 
378	11 
379	12 
380	13 
381	8 
382	13 
383	12 
384	14 
385	4 
386	8 
387	11 
388	5 
389	5 
390	14 
391	5 
392	9 
393	8 
394	12 
395	14 
396	5 
397	13 
398	3 
399	1 
400	14 
401	13 
402	6 
403	11 
404	8 
405	4 
406	8 
407	2 
408	6 
409	14 
410	13 
411	8 
412	12 
413	9 
414	7 
415	8 
416	5 
417	3 
418	2 
419	2 
420	13 
421	11 
422	9 
423	4 
424	1 
425	5 
426	12 
427	1 
428	7 
429	4 
430	3 
431	1 
432	9 
433	6 
434	14 
435	6 
436	12 
437	14 
438	5 
439	2 
440	14 
441	1 
442	5 
443	3 
444	2 
445	1 
446	1 
447	2 
448	13 
449	13 
450	14 
451	4 
452	10 
453	3 
454	10 
455	12 
456	4 
457	8 
458	8 
459	13 
460	2 
461	6 
462	11 
463	1 
464	2 
465	5 
466	1 
467	14 
468	14 
469	6 
470	3 
471	3 
472	12 
473	2 
474	5 
475	12 
476	2 
477	3 
478	3 
479	11 
480	5 
481	13 
482	11 
483	3 
484	13 
485	3 
486	4 
487	1 
488	10 
489	12 
490	12 
491	11 
492	9 
493	13 
494	13 
495	14 
496	14 
497	11 
498	9 
499	6 
500	13 
501	4 
502	3 
503	14 
504	5 
505	13 
506	2 
507	9 
508	1 
509	8 
510	2 
511	4 
512	12 
513	9 
514	7 
515	7 
516	1 
517	5 
518	1 
519	13 
520	1 
521	5 
522	7 
523	8 
524	6 
525	5 
526	7 
527	3 
528	10 
529	2 
530	10 
531	7 
532	6 
533	8 
534	1 
535	12 
536	2 
537	5 
538	13 
539	9 
540	3 
541	13 
542	1 
543	5 
544	13 
545	14 
546	14 
547	8 
548	1 
549	5 
550	1 
551	8 
552	11 
553	5 
554	9 
555	7 
556	14 
557	8 
558	11 
559	1 
560	3 
561	6 
562	10 
563	1 
564	13 
565	13 
566	8 
567	11 
568	8 
569	1 
570	5 
571	8 
572	8 
573	5 
574	5 
575	3 
576	13 
577	14 
578	8 
579	9 
580	2 
581	1 
582	1 
583	13 
584	14 
585	8 
586	4 
587	3 
588	4 
589	9 
590	4 
591	10 
592	2 
593	13 
594	1 
595	2 
596	11 
597	5 
598	7 
599	14 
600	2 
601	4 
602	13 
603	14 
604	5 
605	14 
606	8 
607	11 
608	5 
609	11 
610	5 
611	3 
612	13 
613	14 
614	11 
615	14 
616	13 
617	2 
618	8 
619	5 
620	13 
621	10 
622	14 
623	14 
624	10 
625	8 
626	7 
627	3 
628	10 
629	10 
630	6 
631	12 
632	5 
633	14 
634	11 
635	5 
636	11 
637	1 
638	4 
639	3 
640	6 
641	5 
642	9 
643	1 
644	11 
645	3 
646	14 
647	12 
648	8 
649	12 
650	6 
651	12 
652	4 
653	1 
654	4 
655	8 
656	9 
657	4 
658	1 
659	3 
660	11 
661	5 
662	14 
663	11 
664	3 
665	13 
666	14 
667	14 
668	3 
669	1 
670	9 
671	3 
672	8 
673	3 
674	3 
675	13 
676	5 
677	6 
678	6 
679	6 
680	11 
681	8 
682	12 
683	6 
684	1 
685	3 
686	14 
687	8 
688	3 
689	14 
690	3 
691	8 
692	13 
693	1 
694	2 
695	13 
696	14 
697	13 
698	1 
699	12 
700	11 
701	1 
702	3 
703	14 
704	7 
705	5 
706	11 
707	11 
708	5 
709	5 
710	6 
711	2 
712	5 
713	10 
714	3 
715	10 
716	2 
717	13 
718	1 
719	11 
720	6 
721	11 
722	6 
723	13 
724	11 
725	13 
726	10 
727	14 
728	5 
729	10 
730	1 
731	14 
732	2 
733	6 
734	13 
735	14 
736	7 
737	4 
738	5 
739	14 
740	13 
741	11 
742	8 
743	3 
744	7 
745	5 
746	9 
747	13 
748	8 
749	7 
750	9 
751	4 
752	6 
753	7 
754	5 
755	1 
756	12 
757	5 
758	14 
759	14 
760	7 
761	14 
762	1 
763	13 
764	5 
765	3 
766	14 
767	2 
768	2 
769	4 
770	14 
771	8 
772	6 
773	4 
774	12 
775	1 
776	3 
777	13 
778	5 
779	5 
780	10 
781	5 
782	3 
783	11 
784	8 
785	6 
786	3 
787	1 
788	6 
789	14 
790	6 
791	13 
792	11 
793	6 
794	13 
795	14 
796	14 
797	13 
798	7 
799	13 
800	7 
801	1 
802	3 
803	13 
804	11 
805	6 
806	1 
807	5 
808	11 
809	6 
810	3 
811	14 
812	7 
813	6 
814	8 
815	14 
816	4 
817	7 
818	6 
819	14 
820	1 
821	13 
822	4 
823	8 
824	14 
825	7 
826	6 
827	14 
828	7 
829	3 
830	14 
831	13 
832	5 
833	6 
834	6 
835	3 
836	1 
837	11 
838	14 
839	14 
840	8 
841	13 
842	5 
843	8 
844	6 
845	1 
846	3 
847	5 
848	8 
849	14 
850	14 
851	5 
852	13 
853	4 
854	3 
855	3 
856	7 
857	8 
858	14 
859	8 
860	3 
861	8 
862	13 
863	11 
864	5 
865	13 
866	1 
867	8 
868	13 
869	7 
870	14 
871	1 
872	6 
873	8 
874	14 
875	14 
876	1 
877	14 
878	5 
879	7 
880	1 
881	13 
882	3 
883	8 
884	3 
885	1 
886	14 
887	3 
888	14 
889	1 
890	5 
891	5 
892	1 
893	5 
894	8 
895	1 
896	1 
897	5 
898	6 
899	1 
900	3 
901	11 
902	5 
903	5 
904	7 
905	8 
906	13 
907	14 
908	13 
909	13 
910	14 
911	5 
912	8 
913	1 
914	5 
915	1 
916	5 
917	1 
918	3 
919	1 
920	3 
921	8 
922	1 
923	6 
924	5 
925	8 
926	1 
927	13 
928	11 
929	14 
930	14 
931	3 
932	3 
933	14 
934	8 
935	5 
936	13 
937	1 
938	14 
939	1 
940	8 
941	14 
942	1 
943	8 
944	8 
945	13 
946	1 
947	3 
948	1 
949	14 
950	13 
951	3 
952	1 
953	8 
954	5 
955	14 
956	8 
957	14 
958	13 
959	13 
960	1 
961	5 
962	14 
963	1 
964	8 
965	1 
966	14 
967	1 
968	8 
969	13 
970	8 
971	3 
972	3 
973	1 
974	8 
975	14 
976	3 
977	1 
978	5 
979	5 
980	3 
981	13 
982	14 
983	3 
984	5 
985	1 
986	3 
987	1 
988	3 
989	8 
990	13 
991	13 
992	5 
993	5 
994	5 
995	14 
996	14 
997	13 
998	3 
999	8 
1000	3 
