1	15 
2	9 
3	11 
4	1 
5	12 
6	14 
7	7 
8	6 
9	9 
10	3 
11	7 
12	11 
13	11 
14	13 
15	8 
16	14 
17	10 
18	14 
19	11 
20	13 
21	14 
22	6 
23	4 
24	4 
25	7 
26	16 
27	16 
28	3 
29	17 
30	5 
31	11 
32	3 
33	5 
34	7 
35	14 
36	7 
37	14 
38	10 
39	10 
40	1 
41	4 
42	2 
43	9 
44	14 
45	16 
46	13 
47	10 
48	14 
49	2 
50	8 
51	6 
52	14 
53	14 
54	11 
55	6 
56	12 
57	1 
58	12 
59	6 
60	13 
61	15 
62	10 
63	5 
64	2 
65	17 
66	3 
67	7 
68	17 
69	16 
70	14 
71	2 
72	7 
73	11 
74	10 
75	1 
76	17 
77	14 
78	6 
79	1 
80	4 
81	9 
82	10 
83	1 
84	17 
85	10 
86	12 
87	14 
88	16 
89	9 
90	6 
91	7 
92	12 
93	1 
94	16 
95	6 
96	17 
97	13 
98	3 
99	5 
100	17 
101	13 
102	12 
103	11 
104	1 
105	13 
106	2 
107	1 
108	14 
109	7 
110	1 
111	17 
112	4 
113	11 
114	15 
115	5 
116	8 
117	10 
118	4 
119	17 
120	14 
121	12 
122	6 
123	2 
124	5 
125	6 
126	5 
127	16 
128	9 
129	6 
130	3 
131	11 
132	17 
133	13 
134	14 
135	7 
136	3 
137	8 
138	5 
139	4 
140	7 
141	8 
142	12 
143	6 
144	12 
145	6 
146	8 
147	5 
148	10 
149	1 
150	13 
151	16 
152	15 
153	16 
154	1 
155	10 
156	9 
157	7 
158	15 
159	16 
160	4 
161	5 
162	15 
163	7 
164	7 
165	14 
166	15 
167	13 
168	9 
169	8 
170	11 
171	12 
172	3 
173	2 
174	11 
175	5 
176	15 
177	13 
178	2 
179	12 
180	11 
181	5 
182	14 
183	7 
184	5 
185	16 
186	14 
187	13 
188	5 
189	7 
190	16 
191	12 
192	17 
193	3 
194	5 
195	8 
196	8 
197	5 
198	15 
199	5 
200	14 
201	3 
202	4 
203	7 
204	7 
205	3 
206	4 
207	15 
208	10 
209	1 
210	8 
211	7 
212	3 
213	15 
214	10 
215	13 
216	8 
217	1 
218	17 
219	1 
220	13 
221	11 
222	17 
223	11 
224	7 
225	16 
226	16 
227	6 
228	17 
229	11 
230	8 
231	10 
232	14 
233	15 
234	13 
235	11 
236	10 
237	17 
238	9 
239	13 
240	16 
241	13 
242	6 
243	3 
244	9 
245	11 
246	6 
247	16 
248	8 
249	13 
250	13 
251	11 
252	15 
253	4 
254	11 
255	13 
256	4 
257	15 
258	15 
259	3 
260	5 
261	17 
262	7 
263	2 
264	6 
265	3 
266	16 
267	10 
268	3 
269	3 
270	9 
271	13 
272	2 
273	12 
274	13 
275	6 
276	15 
277	3 
278	12 
279	7 
280	14 
281	17 
282	17 
283	8 
284	17 
285	10 
286	4 
287	4 
288	16 
289	13 
290	3 
291	8 
292	5 
293	6 
294	15 
295	14 
296	7 
297	11 
298	10 
299	9 
300	6 
301	12 
302	8 
303	2 
304	13 
305	16 
306	1 
307	5 
308	1 
309	11 
310	16 
311	3 
312	8 
313	9 
314	5 
315	5 
316	15 
317	5 
318	5 
319	4 
320	3 
321	12 
322	9 
323	10 
324	17 
325	15 
326	3 
327	16 
328	14 
329	13 
330	10 
331	15 
332	1 
333	5 
334	11 
335	9 
336	15 
337	3 
338	15 
339	12 
340	8 
341	16 
342	10 
343	9 
344	5 
345	14 
346	10 
347	13 
348	13 
349	11 
350	1 
351	17 
352	13 
353	15 
354	8 
355	9 
356	11 
357	13 
358	16 
359	17 
360	1 
361	17 
362	8 
363	13 
364	1 
365	16 
366	14 
367	15 
368	3 
369	17 
370	1 
371	15 
372	6 
373	17 
374	9 
375	1 
376	7 
377	5 
378	3 
379	7 
380	5 
381	1 
382	10 
383	5 
384	6 
385	6 
386	1 
387	11 
388	12 
389	12 
390	3 
391	14 
392	16 
393	17 
394	15 
395	8 
396	13 
397	5 
398	10 
399	14 
400	16 
401	5 
402	2 
403	3 
404	11 
405	1 
406	12 
407	15 
408	12 
409	10 
410	15 
411	10 
412	5 
413	6 
414	16 
415	15 
416	9 
417	4 
418	4 
419	3 
420	6 
421	12 
422	2 
423	9 
424	14 
425	12 
426	10 
427	10 
428	9 
429	17 
430	10 
431	13 
432	13 
433	8 
434	16 
435	1 
436	14 
437	4 
438	17 
439	4 
440	12 
441	10 
442	6 
443	10 
444	4 
445	14 
446	12 
447	6 
448	8 
449	1 
450	5 
451	8 
452	16 
453	1 
454	15 
455	16 
456	15 
457	5 
458	7 
459	12 
460	12 
461	10 
462	11 
463	3 
464	17 
465	11 
466	11 
467	7 
468	16 
469	12 
470	3 
471	8 
472	8 
473	5 
474	13 
475	12 
476	16 
477	14 
478	8 
479	10 
480	6 
481	7 
482	2 
483	10 
484	14 
485	17 
486	16 
487	9 
488	7 
489	3 
490	11 
491	8 
492	13 
493	14 
494	7 
495	5 
496	16 
497	6 
498	5 
499	6 
500	3 
501	13 
502	15 
503	10 
504	17 
505	6 
506	2 
507	17 
508	12 
509	8 
510	8 
511	1 
512	7 
513	4 
514	6 
515	10 
516	11 
517	13 
518	12 
519	6 
520	15 
521	16 
522	6 
523	2 
524	7 
525	12 
526	2 
527	1 
528	1 
529	10 
530	7 
531	8 
532	7 
533	13 
534	4 
535	4 
536	2 
537	5 
538	17 
539	16 
540	6 
541	17 
542	2 
543	1 
544	7 
545	4 
546	6 
547	3 
548	8 
549	8 
550	6 
551	12 
552	3 
553	8 
554	3 
555	11 
556	7 
557	16 
558	1 
559	1 
560	13 
561	6 
562	3 
563	1 
564	2 
565	15 
566	1 
567	17 
568	11 
569	7 
570	2 
571	17 
572	8 
573	3 
574	4 
575	16 
576	10 
577	15 
578	11 
579	8 
580	16 
581	15 
582	10 
583	3 
584	11 
585	17 
586	10 
587	13 
588	4 
589	7 
590	1 
591	16 
592	13 
593	5 
594	2 
595	5 
596	5 
597	16 
598	16 
599	17 
600	13 
601	10 
602	8 
603	1 
604	12 
605	3 
606	5 
607	3 
608	7 
609	13 
610	7 
611	12 
612	7 
613	10 
614	7 
615	11 
616	13 
617	4 
618	15 
619	13 
620	15 
621	4 
622	1 
623	2 
624	1 
625	2 
626	3 
627	3 
628	15 
629	10 
630	17 
631	17 
632	11 
633	17 
634	2 
635	17 
636	4 
637	7 
638	11 
639	8 
640	4 
641	1 
642	2 
643	7 
644	8 
645	10 
646	9 
647	12 
648	3 
649	4 
650	13 
651	11 
652	12 
653	12 
654	3 
655	17 
656	4 
657	16 
658	5 
659	1 
660	12 
661	11 
662	15 
663	7 
664	7 
665	4 
666	11 
667	4 
668	2 
669	11 
670	11 
671	10 
672	2 
673	12 
674	2 
675	15 
676	16 
677	12 
678	15 
679	9 
680	7 
681	3 
682	8 
683	15 
684	2 
685	15 
686	9 
687	15 
688	17 
689	15 
690	15 
691	13 
692	4 
693	7 
694	11 
695	12 
696	5 
697	17 
698	7 
699	4 
700	2 
701	17 
702	5 
703	3 
704	11 
705	8 
706	17 
707	11 
708	5 
709	2 
710	8 
711	5 
712	13 
713	3 
714	15 
715	11 
716	12 
717	11 
718	5 
719	12 
720	2 
721	12 
722	12 
723	12 
724	4 
725	12 
726	13 
727	11 
728	10 
729	3 
730	9 
731	10 
732	8 
733	11 
734	8 
735	3 
736	4 
737	8 
738	2 
739	12 
740	11 
741	9 
742	12 
743	4 
744	12 
745	12 
746	2 
747	9 
748	3 
749	9 
750	10 
751	2 
752	3 
753	9 
754	10 
755	2 
756	3 
757	11 
758	8 
759	11 
760	3 
761	2 
762	8 
763	4 
764	2 
765	2 
766	11 
767	9 
768	8 
769	9 
770	11 
771	10 
772	10 
773	2 
774	10 
775	4 
776	11 
777	9 
778	8 
779	2 
780	8 
781	4 
782	9 
783	4 
784	10 
785	8 
786	8 
787	2 
788	11 
789	8 
790	10 
791	9 
792	10 
793	9 
794	9 
795	2 
796	2 
797	9 
798	9 
799	9 
800	11 
801	4 
802	8 
803	2 
804	11 
805	2 
806	4 
807	10 
808	2 
809	8 
810	2 
811	11 
812	8 
813	2 
814	8 
815	4 
816	4 
817	10 
818	11 
819	10 
820	2 
821	9 
822	8 
823	2 
824	2 
825	9 
826	4 
827	11 
828	10 
829	2 
830	4 
831	9 
832	2 
833	10 
834	10 
835	9 
836	8 
837	4 
838	8 
839	4 
840	4 
841	4 
842	10 
843	9 
844	2 
845	4 
846	4 
847	8 
848	10 
849	10 
850	4 
851	8 
852	2 
853	4 
854	2 
855	2 
856	10 
857	10 
858	10 
859	2 
860	9 
861	10 
862	2 
863	8 
864	8 
865	4 
866	2 
867	4 
868	8 
869	4 
870	8 
871	8 
872	2 
873	2 
874	4 
875	8 
876	2 
877	2 
878	2 
879	2 
880	8 
881	8 
882	4 
883	9 
884	9 
885	2 
886	4 
887	2 
888	9 
889	2 
890	4 
891	4 
892	9 
893	8 
894	9 
895	8 
896	8 
897	9 
898	9 
899	4 
900	2 
901	8 
902	9 
903	8 
904	8 
905	8 
906	2 
907	9 
908	8 
909	4 
910	4 
911	4 
912	2 
913	9 
914	2 
915	9 
916	2 
917	4 
918	8 
919	8 
920	9 
921	8 
922	9 
923	4 
924	4 
925	4 
926	9 
927	8 
928	4 
929	9 
930	2 
931	8 
932	2 
933	2 
934	4 
935	8 
936	2 
937	2 
938	4 
939	2 
940	4 
941	9 
942	8 
943	2 
944	4 
945	2 
946	9 
947	9 
948	4 
949	4 
950	2 
951	2 
952	2 
953	4 
954	9 
955	4 
956	9 
957	4 
958	4 
959	4 
960	9 
961	4 
962	4 
963	4 
964	4 
965	4 
966	9 
967	9 
968	9 
969	9 
970	9 
971	9 
972	9 
973	9 
974	9 
975	9 
976	9 
977	9 
978	9 
979	9 
980	9 
981	9 
982	9 
983	9 
984	9 
985	9 
986	9 
987	9 
988	9 
989	9 
990	9 
991	9 
992	9 
993	9 
994	9 
995	9 
996	9 
997	9 
998	9 
999	9 
1000	9 
