1	3 
2	12 
3	6 
4	14 
5	3 
6	13 
7	5 
8	12 
9	12 
10	1 
11	6 
12	14 
13	5 
14	3 
15	13 
16	4 
17	6 
18	6 
19	13 
20	11 
21	6 
22	7 
23	9 
24	4 
25	10 
26	13 
27	12 
28	10 
29	6 
30	14 
31	10 
32	13 
33	10 
34	7 
35	13 
36	13 
37	1 
38	1 
39	13 
40	11 
41	1 
42	13 
43	14 
44	12 
45	4 
46	9 
47	8 
48	1 
49	13 
50	13 
51	4 
52	2 
53	13 
54	9 
55	1 
56	13 
57	13 
58	9 
59	13 
60	8 
61	3 
62	3 
63	6 
64	7 
65	14 
66	4 
67	12 
68	10 
69	3 
70	9 
71	7 
72	4 
73	4 
74	10 
75	6 
76	2 
77	12 
78	13 
79	7 
80	6 
81	1 
82	2 
83	3 
84	4 
85	8 
86	10 
87	9 
88	14 
89	4 
90	9 
91	14 
92	7 
93	4 
94	3 
95	4 
96	3 
97	4 
98	2 
99	12 
100	3 
101	5 
102	9 
103	10 
104	2 
105	9 
106	9 
107	9 
108	13 
109	12 
110	5 
111	5 
112	13 
113	10 
114	14 
115	10 
116	13 
117	11 
118	13 
119	10 
120	2 
121	1 
122	4 
123	5 
124	13 
125	13 
126	1 
127	2 
128	12 
129	3 
130	11 
131	3 
132	11 
133	13 
134	12 
135	14 
136	4 
137	3 
138	13 
139	8 
140	7 
141	12 
142	4 
143	10 
144	5 
145	2 
146	11 
147	2 
148	5 
149	1 
150	3 
151	11 
152	8 
153	11 
154	14 
155	5 
156	7 
157	2 
158	14 
159	4 
160	3 
161	7 
162	11 
163	6 
164	4 
165	11 
166	13 
167	3 
168	12 
169	11 
170	2 
171	13 
172	3 
173	3 
174	9 
175	6 
176	14 
177	8 
178	4 
179	3 
180	3 
181	3 
182	3 
183	7 
184	12 
185	2 
186	13 
187	11 
188	14 
189	13 
190	12 
191	2 
192	4 
193	2 
194	1 
195	13 
196	14 
197	3 
198	9 
199	13 
200	11 
201	9 
202	9 
203	9 
204	9 
205	1 
206	1 
207	13 
208	6 
209	4 
210	12 
211	9 
212	4 
213	10 
214	14 
215	5 
216	3 
217	7 
218	7 
219	3 
220	8 
221	10 
222	7 
223	1 
224	5 
225	7 
226	11 
227	4 
228	11 
229	14 
230	2 
231	14 
232	13 
233	13 
234	9 
235	4 
236	8 
237	6 
238	1 
239	6 
240	14 
241	11 
242	9 
243	6 
244	9 
245	7 
246	4 
247	10 
248	3 
249	8 
250	5 
251	13 
252	10 
253	3 
254	3 
255	9 
256	5 
257	3 
258	3 
259	6 
260	13 
261	12 
262	8 
263	5 
264	14 
265	4 
266	14 
267	3 
268	13 
269	14 
270	6 
271	8 
272	2 
273	10 
274	7 
275	13 
276	8 
277	3 
278	14 
279	2 
280	1 
281	3 
282	12 
283	12 
284	4 
285	3 
286	11 
287	12 
288	6 
289	5 
290	9 
291	2 
292	13 
293	8 
294	13 
295	10 
296	13 
297	4 
298	13 
299	6 
300	3 
301	13 
302	6 
303	3 
304	9 
305	4 
306	5 
307	3 
308	10 
309	14 
310	10 
311	1 
312	12 
313	6 
314	3 
315	9 
316	13 
317	4 
318	12 
319	5 
320	8 
321	11 
322	5 
323	4 
324	3 
325	1 
326	7 
327	4 
328	8 
329	3 
330	3 
331	9 
332	13 
333	8 
334	4 
335	4 
336	4 
337	9 
338	4 
339	11 
340	14 
341	5 
342	5 
343	3 
344	7 
345	6 
346	2 
347	8 
348	9 
349	8 
350	2 
351	7 
352	4 
353	1 
354	14 
355	10 
356	3 
357	10 
358	13 
359	13 
360	4 
361	12 
362	9 
363	11 
364	13 
365	11 
366	13 
367	3 
368	13 
369	13 
370	12 
371	7 
372	12 
373	5 
374	2 
375	5 
376	12 
377	3 
378	14 
379	6 
380	10 
381	6 
382	3 
383	13 
384	8 
385	13 
386	3 
387	5 
388	9 
389	3 
390	3 
391	10 
392	14 
393	7 
394	14 
395	13 
396	9 
397	11 
398	4 
399	14 
400	4 
401	2 
402	6 
403	6 
404	8 
405	14 
406	5 
407	4 
408	11 
409	9 
410	4 
411	3 
412	13 
413	10 
414	11 
415	3 
416	13 
417	2 
418	2 
419	3 
420	1 
421	1 
422	11 
423	4 
424	14 
425	11 
426	5 
427	10 
428	4 
429	3 
430	5 
431	9 
432	14 
433	4 
434	8 
435	11 
436	9 
437	10 
438	4 
439	3 
440	13 
441	1 
442	3 
443	4 
444	14 
445	14 
446	8 
447	4 
448	5 
449	5 
450	2 
451	8 
452	9 
453	13 
454	4 
455	9 
456	14 
457	10 
458	10 
459	13 
460	14 
461	4 
462	10 
463	12 
464	14 
465	3 
466	13 
467	4 
468	10 
469	9 
470	10 
471	13 
472	1 
473	6 
474	5 
475	12 
476	9 
477	8 
478	2 
479	4 
480	7 
481	6 
482	3 
483	11 
484	14 
485	12 
486	7 
487	14 
488	3 
489	4 
490	13 
491	1 
492	12 
493	11 
494	2 
495	9 
496	4 
497	8 
498	8 
499	4 
500	12 
501	11 
502	6 
503	2 
504	3 
505	3 
506	7 
507	8 
508	13 
509	3 
510	2 
511	13 
512	9 
513	8 
514	14 
515	4 
516	5 
517	9 
518	11 
519	3 
520	8 
521	4 
522	3 
523	13 
524	4 
525	8 
526	6 
527	12 
528	5 
529	3 
530	11 
531	3 
532	13 
533	9 
534	10 
535	12 
536	13 
537	3 
538	2 
539	3 
540	8 
541	14 
542	11 
543	13 
544	6 
545	14 
546	14 
547	1 
548	4 
549	3 
550	3 
551	14 
552	13 
553	12 
554	5 
555	12 
556	10 
557	3 
558	12 
559	11 
560	9 
561	9 
562	2 
563	13 
564	4 
565	12 
566	9 
567	8 
568	11 
569	13 
570	13 
571	14 
572	6 
573	6 
574	10 
575	3 
576	14 
577	2 
578	9 
579	2 
580	12 
581	3 
582	11 
583	10 
584	8 
585	9 
586	6 
587	6 
588	4 
589	13 
590	13 
591	14 
592	11 
593	6 
594	10 
595	3 
596	1 
597	3 
598	10 
599	3 
600	10 
601	13 
602	4 
603	1 
604	13 
605	9 
606	9 
607	3 
608	12 
609	2 
610	13 
611	2 
612	3 
613	7 
614	13 
615	6 
616	2 
617	14 
618	13 
619	14 
620	11 
621	1 
622	2 
623	14 
624	3 
625	3 
626	12 
627	4 
628	13 
629	10 
630	13 
631	10 
632	6 
633	11 
634	7 
635	12 
636	3 
637	10 
638	4 
639	9 
640	1 
641	10 
642	8 
643	14 
644	6 
645	13 
646	10 
647	3 
648	14 
649	4 
650	10 
651	2 
652	12 
653	3 
654	4 
655	10 
656	13 
657	13 
658	11 
659	9 
660	8 
661	11 
662	12 
663	7 
664	13 
665	4 
666	4 
667	10 
668	13 
669	4 
670	12 
671	10 
672	13 
673	4 
674	8 
675	3 
676	10 
677	4 
678	11 
679	14 
680	5 
681	13 
682	4 
683	5 
684	6 
685	11 
686	12 
687	12 
688	12 
689	9 
690	10 
691	11 
692	14 
693	9 
694	8 
695	12 
696	14 
697	7 
698	5 
699	5 
700	4 
701	14 
702	10 
703	3 
704	8 
705	12 
706	4 
707	14 
708	2 
709	3 
710	6 
711	11 
712	3 
713	9 
714	3 
715	14 
716	12 
717	14 
718	9 
719	10 
720	3 
721	11 
722	11 
723	1 
724	9 
725	1 
726	7 
727	14 
728	10 
729	14 
730	6 
731	4 
732	13 
733	3 
734	7 
735	6 
736	6 
737	4 
738	3 
739	10 
740	13 
741	14 
742	10 
743	13 
744	6 
745	5 
746	11 
747	8 
748	2 
749	5 
750	2 
751	4 
752	6 
753	3 
754	2 
755	10 
756	4 
757	6 
758	3 
759	10 
760	13 
761	6 
762	6 
763	2 
764	12 
765	13 
766	11 
767	8 
768	2 
769	2 
770	14 
771	5 
772	2 
773	8 
774	10 
775	11 
776	12 
777	14 
778	9 
779	3 
780	2 
781	4 
782	11 
783	9 
784	12 
785	2 
786	6 
787	14 
788	6 
789	14 
790	10 
791	4 
792	7 
793	8 
794	3 
795	2 
796	14 
797	3 
798	10 
799	7 
800	13 
801	2 
802	3 
803	8 
804	7 
805	10 
806	7 
807	6 
808	11 
809	8 
810	4 
811	4 
812	14 
813	14 
814	13 
815	13 
816	3 
817	13 
818	6 
819	7 
820	13 
821	2 
822	1 
823	13 
824	10 
825	8 
826	3 
827	6 
828	9 
829	8 
830	14 
831	9 
832	5 
833	2 
834	11 
835	9 
836	3 
837	13 
838	7 
839	9 
840	3 
841	3 
842	3 
843	14 
844	13 
845	6 
846	4 
847	6 
848	6 
849	1 
850	6 
851	2 
852	12 
853	14 
854	2 
855	5 
856	9 
857	4 
858	14 
859	13 
860	6 
861	3 
862	4 
863	11 
864	2 
865	12 
866	8 
867	13 
868	9 
869	1 
870	2 
871	4 
872	6 
873	3 
874	4 
875	7 
876	2 
877	6 
878	3 
879	14 
880	4 
881	10 
882	13 
883	6 
884	3 
885	14 
886	13 
887	11 
888	4 
889	6 
890	12 
891	8 
892	6 
893	2 
894	12 
895	12 
896	4 
897	8 
898	4 
899	13 
900	4 
901	9 
902	7 
903	9 
904	6 
905	9 
906	2 
907	14 
908	13 
909	14 
910	5 
911	3 
912	7 
913	14 
914	8 
915	1 
916	2 
917	13 
918	11 
919	2 
920	5 
921	2 
922	8 
923	2 
924	13 
925	14 
926	9 
927	13 
928	13 
929	5 
930	4 
931	6 
932	9 
933	10 
934	4 
935	3 
936	1 
937	7 
938	13 
939	14 
940	12 
941	4 
942	2 
943	13 
944	12 
945	8 
946	3 
947	2 
948	10 
949	1 
950	10 
951	3 
952	3 
953	3 
954	2 
955	12 
956	12 
957	14 
958	2 
959	2 
960	8 
961	3 
962	5 
963	2 
964	2 
965	7 
966	2 
967	6 
968	9 
969	5 
970	4 
971	6 
972	7 
973	3 
974	12 
975	10 
976	8 
977	12 
978	2 
979	4 
980	4 
981	4 
982	2 
983	9 
984	6 
985	11 
986	9 
987	3 
988	12 
989	13 
990	4 
991	14 
992	10 
993	11 
994	9 
995	14 
996	4 
997	8 
998	3 
999	1 
1000	5 
