1	6 
2	6 
3	17 
4	10 
5	10 
6	16 
7	8 
8	4 
9	4 
10	18 
11	14 
12	2 
13	4 
14	17 
15	6 
16	13 
17	7 
18	16 
19	2 
20	9 
21	12 
22	13 
23	6 
24	16 
25	8 
26	13 
27	13 
28	6 
29	18 
30	7 
31	3 
32	9 
33	3 
34	4 
35	13 
36	8 
37	12 
38	6 
39	8 
40	16 
41	13 
42	6 
43	18 
44	10 
45	14 
46	12 
47	16 
48	13 
49	11 
50	6 
51	2 
52	13 
53	14 
54	5 
55	10 
56	17 
57	1 
58	17 
59	2 
60	4 
61	13 
62	10 
63	12 
64	2 
65	17 
66	17 
67	15 
68	4 
69	7 
70	3 
71	13 
72	2 
73	14 
74	5 
75	3 
76	15 
77	14 
78	9 
79	4 
80	3 
81	6 
82	13 
83	10 
84	7 
85	3 
86	18 
87	3 
88	9 
89	10 
90	1 
91	8 
92	3 
93	4 
94	17 
95	11 
96	13 
97	14 
98	9 
99	10 
100	9 
101	2 
102	10 
103	14 
104	9 
105	3 
106	1 
107	8 
108	3 
109	4 
110	16 
111	10 
112	17 
113	5 
114	12 
115	18 
116	3 
117	13 
118	5 
119	14 
120	15 
121	4 
122	12 
123	4 
124	4 
125	4 
126	10 
127	1 
128	10 
129	4 
130	17 
131	10 
132	6 
133	2 
134	9 
135	17 
136	10 
137	2 
138	1 
139	11 
140	7 
141	8 
142	13 
143	1 
144	18 
145	13 
146	9 
147	14 
148	15 
149	7 
150	13 
151	4 
152	8 
153	4 
154	9 
155	8 
156	10 
157	5 
158	17 
159	6 
160	18 
161	13 
162	3 
163	3 
164	3 
165	10 
166	4 
167	4 
168	4 
169	13 
170	10 
171	13 
172	13 
173	12 
174	7 
175	5 
176	12 
177	6 
178	10 
179	1 
180	18 
181	13 
182	8 
183	18 
184	7 
185	5 
186	4 
187	13 
188	3 
189	15 
190	6 
191	18 
192	13 
193	4 
194	18 
195	3 
196	16 
197	6 
198	6 
199	1 
200	3 
201	13 
202	11 
203	10 
204	8 
205	2 
206	6 
207	5 
208	6 
209	4 
210	17 
211	1 
212	7 
213	7 
214	17 
215	13 
216	13 
217	10 
218	13 
219	6 
220	13 
221	6 
222	15 
223	13 
224	1 
225	18 
226	13 
227	2 
228	18 
229	14 
230	15 
231	16 
232	5 
233	16 
234	8 
235	15 
236	3 
237	2 
238	3 
239	10 
240	14 
241	17 
242	5 
243	3 
244	9 
245	10 
246	10 
247	1 
248	7 
249	7 
250	16 
251	3 
252	12 
253	5 
254	1 
255	7 
256	8 
257	7 
258	18 
259	4 
260	4 
261	13 
262	8 
263	13 
264	3 
265	9 
266	7 
267	13 
268	11 
269	8 
270	2 
271	13 
272	3 
273	4 
274	10 
275	3 
276	13 
277	10 
278	3 
279	4 
280	4 
281	15 
282	17 
283	4 
284	7 
285	7 
286	4 
287	14 
288	18 
289	11 
290	3 
291	10 
292	16 
293	12 
294	13 
295	12 
296	12 
297	3 
298	15 
299	14 
300	5 
301	3 
302	8 
303	1 
304	1 
305	13 
306	18 
307	8 
308	13 
309	4 
310	6 
311	4 
312	2 
313	2 
314	3 
315	8 
316	17 
317	13 
318	13 
319	13 
320	4 
321	7 
322	10 
323	8 
324	7 
325	14 
326	2 
327	7 
328	16 
329	7 
330	4 
331	8 
332	13 
333	11 
334	16 
335	10 
336	13 
337	10 
338	15 
339	8 
340	8 
341	1 
342	10 
343	7 
344	3 
345	14 
346	9 
347	10 
348	6 
349	4 
350	1 
351	6 
352	3 
353	13 
354	16 
355	18 
356	9 
357	10 
358	16 
359	10 
360	6 
361	16 
362	14 
363	13 
364	13 
365	13 
366	10 
367	18 
368	10 
369	10 
370	6 
371	10 
372	6 
373	6 
374	13 
375	13 
376	7 
377	13 
378	2 
379	14 
380	16 
381	9 
382	12 
383	4 
384	8 
385	8 
386	7 
387	13 
388	18 
389	9 
390	2 
391	11 
392	9 
393	8 
394	18 
395	15 
396	3 
397	5 
398	4 
399	13 
400	6 
401	13 
402	5 
403	3 
404	11 
405	16 
406	4 
407	15 
408	15 
409	16 
410	13 
411	10 
412	3 
413	16 
414	4 
415	11 
416	13 
417	3 
418	14 
419	6 
420	2 
421	6 
422	15 
423	3 
424	13 
425	13 
426	16 
427	13 
428	6 
429	13 
430	16 
431	1 
432	4 
433	13 
434	4 
435	2 
436	3 
437	8 
438	1 
439	18 
440	8 
441	12 
442	13 
443	14 
444	4 
445	13 
446	13 
447	13 
448	9 
449	10 
450	12 
451	16 
452	2 
453	16 
454	3 
455	5 
456	6 
457	17 
458	4 
459	6 
460	13 
461	2 
462	3 
463	7 
464	15 
465	12 
466	15 
467	13 
468	14 
469	6 
470	16 
471	13 
472	15 
473	12 
474	8 
475	8 
476	13 
477	12 
478	16 
479	7 
480	1 
481	1 
482	4 
483	12 
484	13 
485	4 
486	10 
487	11 
488	4 
489	3 
490	2 
491	13 
492	11 
493	2 
494	7 
495	13 
496	4 
497	18 
498	11 
499	1 
500	6 
501	14 
502	8 
503	14 
504	7 
505	3 
506	8 
507	13 
508	9 
509	3 
510	6 
511	3 
512	5 
513	8 
514	13 
515	13 
516	8 
517	10 
518	2 
519	7 
520	11 
521	17 
522	7 
523	10 
524	17 
525	1 
526	10 
527	14 
528	2 
529	2 
530	11 
531	2 
532	2 
533	8 
534	13 
535	8 
536	2 
537	16 
538	6 
539	11 
540	4 
541	15 
542	4 
543	18 
544	16 
545	15 
546	11 
547	12 
548	17 
549	3 
550	10 
551	11 
552	12 
553	13 
554	15 
555	17 
556	9 
557	5 
558	4 
559	17 
560	6 
561	16 
562	12 
563	6 
564	7 
565	8 
566	13 
567	3 
568	3 
569	13 
570	7 
571	7 
572	13 
573	3 
574	8 
575	16 
576	10 
577	2 
578	2 
579	10 
580	4 
581	7 
582	16 
583	11 
584	3 
585	11 
586	2 
587	1 
588	6 
589	13 
590	2 
591	14 
592	3 
593	14 
594	12 
595	3 
596	1 
597	4 
598	3 
599	2 
600	12 
601	13 
602	15 
603	18 
604	12 
605	7 
606	15 
607	13 
608	9 
609	4 
610	12 
611	4 
612	17 
613	6 
614	7 
615	13 
616	4 
617	12 
618	1 
619	1 
620	3 
621	11 
622	16 
623	16 
624	11 
625	12 
626	13 
627	9 
628	5 
629	6 
630	17 
631	4 
632	13 
633	4 
634	4 
635	17 
636	6 
637	3 
638	4 
639	1 
640	2 
641	18 
642	18 
643	1 
644	11 
645	7 
646	10 
647	6 
648	3 
649	18 
650	2 
651	4 
652	10 
653	4 
654	2 
655	17 
656	6 
657	6 
658	11 
659	18 
660	6 
661	8 
662	2 
663	14 
664	2 
665	18 
666	5 
667	13 
668	9 
669	8 
670	17 
671	17 
672	16 
673	10 
674	10 
675	12 
676	14 
677	7 
678	13 
679	17 
680	16 
681	17 
682	14 
683	7 
684	10 
685	1 
686	5 
687	4 
688	1 
689	16 
690	5 
691	3 
692	10 
693	10 
694	14 
695	10 
696	17 
697	17 
698	17 
699	15 
700	9 
701	1 
702	3 
703	2 
704	4 
705	8 
706	10 
707	11 
708	3 
709	11 
710	6 
711	16 
712	2 
713	15 
714	15 
715	6 
716	6 
717	9 
718	7 
719	17 
720	4 
721	10 
722	13 
723	7 
724	13 
725	6 
726	10 
727	6 
728	2 
729	18 
730	6 
731	13 
732	18 
733	3 
734	10 
735	16 
736	13 
737	6 
738	9 
739	9 
740	16 
741	4 
742	17 
743	7 
744	14 
745	15 
746	4 
747	3 
748	14 
749	16 
750	13 
751	6 
752	16 
753	9 
754	13 
755	10 
756	3 
757	15 
758	4 
759	18 
760	12 
761	5 
762	6 
763	9 
764	11 
765	15 
766	7 
767	10 
768	11 
769	14 
770	4 
771	3 
772	8 
773	8 
774	12 
775	17 
776	13 
777	12 
778	10 
779	10 
780	4 
781	4 
782	3 
783	2 
784	5 
785	1 
786	4 
787	10 
788	4 
789	2 
790	14 
791	2 
792	5 
793	4 
794	15 
795	11 
796	10 
797	10 
798	2 
799	13 
800	13 
801	5 
802	11 
803	10 
804	7 
805	6 
806	11 
807	10 
808	2 
809	7 
810	8 
811	9 
812	12 
813	10 
814	10 
815	10 
816	3 
817	3 
818	13 
819	10 
820	2 
821	3 
822	11 
823	13 
824	13 
825	13 
826	10 
827	12 
828	10 
829	5 
830	10 
831	10 
832	1 
833	4 
834	14 
835	1 
836	7 
837	4 
838	11 
839	8 
840	4 
841	4 
842	6 
843	14 
844	10 
845	7 
846	4 
847	3 
848	16 
849	11 
850	9 
851	15 
852	13 
853	4 
854	10 
855	17 
856	11 
857	1 
858	11 
859	4 
860	3 
861	12 
862	12 
863	12 
864	13 
865	5 
866	2 
867	6 
868	7 
869	13 
870	1 
871	11 
872	4 
873	7 
874	8 
875	6 
876	13 
877	13 
878	14 
879	14 
880	9 
881	6 
882	11 
883	11 
884	12 
885	5 
886	14 
887	5 
888	6 
889	13 
890	11 
891	4 
892	2 
893	16 
894	12 
895	17 
896	11 
897	9 
898	4 
899	13 
900	4 
901	3 
902	13 
903	16 
904	12 
905	16 
906	7 
907	12 
908	6 
909	9 
910	18 
911	3 
912	12 
913	10 
914	17 
915	13 
916	10 
917	14 
918	6 
919	13 
920	11 
921	2 
922	10 
923	14 
924	9 
925	10 
926	4 
927	8 
928	15 
929	5 
930	12 
931	4 
932	3 
933	5 
934	10 
935	4 
936	1 
937	16 
938	15 
939	11 
940	9 
941	12 
942	3 
943	5 
944	16 
945	13 
946	9 
947	15 
948	5 
949	14 
950	13 
951	2 
952	9 
953	16 
954	17 
955	3 
956	3 
957	13 
958	7 
959	18 
960	17 
961	6 
962	8 
963	8 
964	6 
965	3 
966	17 
967	11 
968	15 
969	1 
970	16 
971	14 
972	2 
973	4 
974	14 
975	3 
976	13 
977	8 
978	17 
979	9 
980	6 
981	10 
982	17 
983	18 
984	10 
985	13 
986	10 
987	14 
988	10 
989	14 
990	10 
991	2 
992	2 
993	3 
994	2 
995	12 
996	3 
997	1 
998	13 
999	4 
1000	6 
