1	10 
2	15 
3	11 
4	1 
5	14 
6	8 
7	5 
8	16 
9	2 
10	3 
11	13 
12	5 
13	5 
14	8 
15	16 
16	12 
17	3 
18	13 
19	3 
20	1 
21	1 
22	9 
23	7 
24	3 
25	13 
26	1 
27	10 
28	15 
29	2 
30	3 
31	16 
32	14 
33	8 
34	13 
35	3 
36	6 
37	1 
38	15 
39	5 
40	2 
41	13 
42	6 
43	12 
44	1 
45	8 
46	13 
47	16 
48	4 
49	9 
50	12 
51	2 
52	6 
53	13 
54	2 
55	5 
56	13 
57	14 
58	1 
59	12 
60	3 
61	12 
62	15 
63	10 
64	13 
65	3 
66	15 
67	4 
68	1 
69	15 
70	7 
71	3 
72	7 
73	1 
74	12 
75	9 
76	6 
77	1 
78	2 
79	1 
80	1 
81	7 
82	9 
83	9 
84	2 
85	16 
86	11 
87	1 
88	15 
89	4 
90	8 
91	7 
92	1 
93	4 
94	7 
95	2 
96	15 
97	2 
98	1 
99	9 
100	6 
101	2 
102	1 
103	7 
104	16 
105	2 
106	3 
107	2 
108	12 
109	4 
110	7 
111	7 
112	7 
113	15 
114	16 
115	11 
116	9 
117	9 
118	7 
119	3 
120	14 
121	4 
122	1 
123	1 
124	12 
125	12 
126	4 
127	9 
128	16 
129	1 
130	9 
131	8 
132	15 
133	9 
134	1 
135	9 
136	7 
137	7 
138	1 
139	2 
140	10 
141	7 
142	13 
143	5 
144	7 
145	15 
146	13 
147	13 
148	7 
149	6 
150	3 
151	4 
152	8 
153	14 
154	4 
155	10 
156	7 
157	3 
158	15 
159	10 
160	4 
161	12 
162	2 
163	6 
164	13 
165	16 
166	15 
167	1 
168	11 
169	1 
170	6 
171	14 
172	8 
173	1 
174	15 
175	9 
176	8 
177	1 
178	9 
179	14 
180	2 
181	9 
182	2 
183	15 
184	5 
185	10 
186	11 
187	9 
188	5 
189	1 
190	7 
191	9 
192	16 
193	12 
194	2 
195	2 
196	8 
197	2 
198	13 
199	3 
200	3 
201	14 
202	10 
203	5 
204	1 
205	1 
206	9 
207	1 
208	3 
209	1 
210	16 
211	2 
212	10 
213	3 
214	13 
215	1 
216	12 
217	2 
218	11 
219	5 
220	13 
221	13 
222	12 
223	1 
224	1 
225	5 
226	11 
227	2 
228	13 
229	15 
230	9 
231	11 
232	3 
233	9 
234	3 
235	1 
236	1 
237	16 
238	13 
239	3 
240	9 
241	13 
242	1 
243	5 
244	2 
245	15 
246	14 
247	12 
248	2 
249	2 
250	5 
251	10 
252	12 
253	6 
254	13 
255	8 
256	2 
257	1 
258	15 
259	7 
260	13 
261	4 
262	16 
263	9 
264	4 
265	8 
266	8 
267	2 
268	9 
269	5 
270	3 
271	1 
272	4 
273	5 
274	3 
275	2 
276	7 
277	9 
278	1 
279	7 
280	3 
281	15 
282	8 
283	7 
284	11 
285	3 
286	3 
287	2 
288	9 
289	3 
290	12 
291	1 
292	5 
293	6 
294	9 
295	9 
296	3 
297	3 
298	7 
299	1 
300	11 
301	2 
302	8 
303	7 
304	13 
305	3 
306	4 
307	10 
308	2 
309	2 
310	12 
311	15 
312	16 
313	2 
314	10 
315	8 
316	5 
317	1 
318	1 
319	10 
320	16 
321	15 
322	12 
323	14 
324	1 
325	2 
326	15 
327	2 
328	16 
329	1 
330	3 
331	1 
332	7 
333	13 
334	10 
335	5 
336	13 
337	2 
338	5 
339	1 
340	16 
341	13 
342	7 
343	6 
344	8 
345	1 
346	7 
347	11 
348	2 
349	16 
350	3 
351	15 
352	1 
353	2 
354	1 
355	14 
356	9 
357	2 
358	15 
359	8 
360	11 
361	6 
362	1 
363	16 
364	12 
365	7 
366	13 
367	9 
368	10 
369	3 
370	6 
371	12 
372	5 
373	9 
374	9 
375	3 
376	8 
377	6 
378	1 
379	15 
380	11 
381	1 
382	2 
383	3 
384	14 
385	13 
386	3 
387	4 
388	1 
389	6 
390	9 
391	9 
392	2 
393	15 
394	15 
395	10 
396	7 
397	8 
398	2 
399	8 
400	7 
401	1 
402	8 
403	11 
404	15 
405	9 
406	6 
407	4 
408	2 
409	15 
410	1 
411	9 
412	6 
413	12 
414	11 
415	4 
416	15 
417	7 
418	4 
419	4 
420	16 
421	15 
422	6 
423	13 
424	12 
425	5 
426	9 
427	3 
428	15 
429	4 
430	9 
431	1 
432	7 
433	11 
434	15 
435	12 
436	13 
437	4 
438	7 
439	4 
440	1 
441	1 
442	2 
443	2 
444	16 
445	11 
446	2 
447	12 
448	6 
449	12 
450	15 
451	1 
452	12 
453	13 
454	16 
455	7 
456	1 
457	13 
458	14 
459	11 
460	4 
461	3 
462	16 
463	16 
464	1 
465	1 
466	12 
467	2 
468	9 
469	5 
470	1 
471	1 
472	15 
473	16 
474	16 
475	3 
476	16 
477	13 
478	5 
479	5 
480	9 
481	10 
482	15 
483	2 
484	14 
485	6 
486	3 
487	15 
488	15 
489	2 
490	11 
491	1 
492	8 
493	2 
494	1 
495	16 
496	9 
497	7 
498	9 
499	9 
500	16 
501	11 
502	9 
503	10 
504	1 
505	1 
506	16 
507	2 
508	9 
509	1 
510	7 
511	9 
512	15 
513	4 
514	14 
515	2 
516	14 
517	13 
518	3 
519	4 
520	13 
521	3 
522	5 
523	3 
524	5 
525	2 
526	10 
527	1 
528	1 
529	11 
530	9 
531	16 
532	5 
533	3 
534	3 
535	2 
536	1 
537	8 
538	2 
539	13 
540	4 
541	4 
542	13 
543	14 
544	16 
545	12 
546	9 
547	8 
548	1 
549	8 
550	15 
551	16 
552	16 
553	14 
554	13 
555	1 
556	12 
557	6 
558	2 
559	6 
560	13 
561	9 
562	1 
563	5 
564	14 
565	3 
566	6 
567	7 
568	2 
569	11 
570	14 
571	8 
572	14 
573	6 
574	14 
575	13 
576	7 
577	1 
578	13 
579	5 
580	10 
581	7 
582	11 
583	16 
584	7 
585	8 
586	5 
587	11 
588	5 
589	16 
590	2 
591	9 
592	2 
593	16 
594	14 
595	10 
596	5 
597	11 
598	9 
599	1 
600	9 
601	9 
602	1 
603	9 
604	16 
605	13 
606	8 
607	10 
608	9 
609	9 
610	9 
611	13 
612	3 
613	1 
614	6 
615	2 
616	4 
617	13 
618	2 
619	16 
620	3 
621	4 
622	16 
623	12 
624	3 
625	11 
626	2 
627	16 
628	16 
629	9 
630	14 
631	6 
632	16 
633	13 
634	6 
635	2 
636	6 
637	13 
638	2 
639	1 
640	9 
641	2 
642	6 
643	2 
644	7 
645	4 
646	9 
647	11 
648	15 
649	15 
650	13 
651	1 
652	15 
653	1 
654	2 
655	8 
656	7 
657	5 
658	14 
659	1 
660	3 
661	2 
662	6 
663	16 
664	1 
665	13 
666	5 
667	1 
668	10 
669	1 
670	15 
671	11 
672	3 
673	3 
674	10 
675	16 
676	7 
677	15 
678	7 
679	2 
680	11 
681	13 
682	11 
683	6 
684	3 
685	11 
686	1 
687	2 
688	14 
689	1 
690	7 
691	2 
692	8 
693	1 
694	8 
695	9 
696	7 
697	15 
698	16 
699	13 
700	9 
701	6 
702	12 
703	3 
704	15 
705	9 
706	15 
707	16 
708	2 
709	11 
710	15 
711	16 
712	8 
713	5 
714	9 
715	2 
716	13 
717	9 
718	11 
719	15 
720	6 
721	11 
722	1 
723	4 
724	2 
725	12 
726	7 
727	15 
728	7 
729	15 
730	12 
731	10 
732	15 
733	9 
734	3 
735	15 
736	3 
737	15 
738	11 
739	8 
740	15 
741	13 
742	16 
743	4 
744	3 
745	6 
746	6 
747	10 
748	14 
749	8 
750	16 
751	2 
752	9 
753	3 
754	9 
755	1 
756	3 
757	8 
758	16 
759	6 
760	10 
761	3 
762	1 
763	13 
764	13 
765	15 
766	3 
767	16 
768	15 
769	9 
770	1 
771	13 
772	2 
773	12 
774	1 
775	15 
776	1 
777	13 
778	13 
779	4 
780	1 
781	6 
782	15 
783	2 
784	5 
785	13 
786	16 
787	12 
788	7 
789	8 
790	11 
791	6 
792	9 
793	15 
794	6 
795	9 
796	14 
797	2 
798	10 
799	12 
800	11 
801	3 
802	9 
803	2 
804	13 
805	9 
806	15 
807	9 
808	15 
809	12 
810	9 
811	15 
812	9 
813	15 
814	13 
815	9 
816	9 
817	14 
818	13 
819	14 
820	9 
821	11 
822	8 
823	4 
824	2 
825	8 
826	9 
827	12 
828	13 
829	5 
830	8 
831	1 
832	4 
833	4 
834	1 
835	7 
836	2 
837	5 
838	4 
839	9 
840	3 
841	14 
842	13 
843	7 
844	9 
845	7 
846	3 
847	3 
848	10 
849	9 
850	5 
851	15 
852	7 
853	13 
854	4 
855	1 
856	13 
857	11 
858	9 
859	15 
860	16 
861	15 
862	12 
863	1 
864	3 
865	13 
866	5 
867	2 
868	12 
869	9 
870	16 
871	9 
872	5 
873	5 
874	2 
875	9 
876	13 
877	5 
878	10 
879	10 
880	3 
881	13 
882	13 
883	6 
884	1 
885	13 
886	13 
887	7 
888	1 
889	1 
890	7 
891	14 
892	6 
893	14 
894	2 
895	3 
896	2 
897	13 
898	15 
899	10 
900	7 
901	9 
902	13 
903	1 
904	10 
905	13 
906	16 
907	12 
908	5 
909	11 
910	9 
911	14 
912	4 
913	1 
914	12 
915	4 
916	3 
917	16 
918	10 
919	15 
920	16 
921	13 
922	7 
923	9 
924	8 
925	6 
926	10 
927	9 
928	1 
929	4 
930	15 
931	10 
932	8 
933	2 
934	4 
935	12 
936	8 
937	12 
938	11 
939	5 
940	4 
941	3 
942	9 
943	16 
944	15 
945	16 
946	5 
947	12 
948	2 
949	12 
950	9 
951	1 
952	5 
953	12 
954	6 
955	16 
956	1 
957	8 
958	7 
959	14 
960	13 
961	13 
962	13 
963	6 
964	15 
965	2 
966	1 
967	3 
968	16 
969	16 
970	9 
971	2 
972	8 
973	9 
974	2 
975	12 
976	16 
977	4 
978	13 
979	14 
980	13 
981	13 
982	2 
983	1 
984	3 
985	13 
986	9 
987	13 
988	15 
989	11 
990	14 
991	13 
992	2 
993	15 
994	11 
995	8 
996	2 
997	13 
998	5 
999	9 
1000	9 
