1	4 
2	12 
3	9 
4	12 
5	4 
6	10 
7	5 
8	10 
9	4 
10	10 
11	6 
12	9 
13	12 
14	4 
15	4 
16	2 
17	5 
18	4 
19	6 
20	7 
21	6 
22	6 
23	8 
24	10 
25	3 
26	10 
27	2 
28	8 
29	12 
30	2 
31	6 
32	9 
33	11 
34	7 
35	12 
36	1 
37	4 
38	9 
39	3 
40	12 
41	7 
42	5 
43	6 
44	7 
45	4 
46	3 
47	2 
48	6 
49	11 
50	3 
51	4 
52	12 
53	8 
54	6 
55	11 
56	9 
57	8 
58	11 
59	7 
60	6 
61	8 
62	9 
63	6 
64	11 
65	6 
66	3 
67	6 
68	8 
69	2 
70	6 
71	10 
72	6 
73	2 
74	12 
75	4 
76	11 
77	5 
78	4 
79	12 
80	4 
81	6 
82	4 
83	2 
84	8 
85	8 
86	9 
87	8 
88	9 
89	9 
90	10 
91	9 
92	6 
93	3 
94	7 
95	6 
96	4 
97	4 
98	10 
99	7 
100	4 
101	8 
102	6 
103	6 
104	4 
105	12 
106	9 
107	12 
108	8 
109	12 
110	1 
111	12 
112	6 
113	8 
114	6 
115	2 
116	8 
117	10 
118	6 
119	9 
120	7 
121	1 
122	9 
123	10 
124	6 
125	2 
126	7 
127	8 
128	12 
129	4 
130	4 
131	12 
132	10 
133	5 
134	7 
135	9 
136	3 
137	10 
138	4 
139	6 
140	10 
141	9 
142	11 
143	4 
144	6 
145	3 
146	6 
147	6 
148	7 
149	10 
150	12 
151	7 
152	6 
153	8 
154	9 
155	10 
156	8 
157	7 
158	7 
159	9 
160	3 
161	9 
162	7 
163	3 
164	3 
165	1 
166	9 
167	9 
168	9 
169	2 
170	1 
171	6 
172	7 
173	4 
174	5 
175	1 
176	7 
177	7 
178	10 
179	6 
180	10 
181	8 
182	6 
183	5 
184	7 
185	11 
186	9 
187	8 
188	5 
189	3 
190	10 
191	11 
192	3 
193	4 
194	8 
195	6 
196	6 
197	7 
198	6 
199	9 
200	3 
201	9 
202	5 
203	1 
204	6 
205	5 
206	10 
207	7 
208	3 
209	9 
210	6 
211	7 
212	6 
213	3 
214	11 
215	12 
216	4 
217	8 
218	12 
219	4 
220	10 
221	8 
222	7 
223	8 
224	7 
225	6 
226	2 
227	5 
228	10 
229	5 
230	7 
231	1 
232	7 
233	10 
234	8 
235	9 
236	4 
237	4 
238	6 
239	3 
240	7 
241	8 
242	4 
243	4 
244	12 
245	9 
246	5 
247	4 
248	6 
249	11 
250	4 
251	9 
252	6 
253	2 
254	7 
255	6 
256	10 
257	9 
258	6 
259	6 
260	8 
261	9 
262	10 
263	8 
264	7 
265	8 
266	2 
267	1 
268	4 
269	5 
270	2 
271	1 
272	4 
273	12 
274	11 
275	3 
276	8 
277	11 
278	10 
279	4 
280	10 
281	6 
282	10 
283	4 
284	9 
285	6 
286	9 
287	6 
288	6 
289	6 
290	8 
291	6 
292	8 
293	9 
294	7 
295	7 
296	10 
297	9 
298	6 
299	5 
300	4 
301	6 
302	2 
303	8 
304	6 
305	3 
306	6 
307	4 
308	3 
309	8 
310	4 
311	10 
312	11 
313	9 
314	12 
315	7 
316	7 
317	9 
318	3 
319	1 
320	6 
321	5 
322	1 
323	9 
324	6 
325	1 
326	6 
327	7 
328	8 
329	5 
330	11 
331	10 
332	12 
333	3 
334	10 
335	10 
336	7 
337	4 
338	8 
339	9 
340	12 
341	8 
342	9 
343	8 
344	6 
345	7 
346	6 
347	3 
348	7 
349	4 
350	12 
351	4 
352	9 
353	12 
354	7 
355	8 
356	8 
357	6 
358	8 
359	9 
360	4 
361	9 
362	6 
363	5 
364	6 
365	5 
366	7 
367	8 
368	10 
369	8 
370	5 
371	2 
372	7 
373	6 
374	4 
375	6 
376	6 
377	6 
378	8 
379	5 
380	4 
381	12 
382	11 
383	3 
384	7 
385	12 
386	7 
387	7 
388	6 
389	11 
390	8 
391	7 
392	3 
393	7 
394	5 
395	8 
396	7 
397	4 
398	7 
399	1 
400	8 
401	7 
402	7 
403	7 
404	6 
405	3 
406	8 
407	3 
408	6 
409	10 
410	9 
411	8 
412	9 
413	4 
414	9 
415	1 
416	3 
417	4 
418	8 
419	10 
420	9 
421	6 
422	6 
423	5 
424	4 
425	7 
426	4 
427	2 
428	12 
429	12 
430	8 
431	7 
432	10 
433	2 
434	3 
435	11 
436	9 
437	6 
438	12 
439	6 
440	4 
441	4 
442	7 
443	4 
444	7 
445	5 
446	8 
447	6 
448	3 
449	8 
450	1 
451	6 
452	1 
453	9 
454	3 
455	5 
456	11 
457	6 
458	6 
459	9 
460	2 
461	7 
462	2 
463	4 
464	8 
465	10 
466	10 
467	8 
468	3 
469	11 
470	10 
471	4 
472	7 
473	8 
474	9 
475	6 
476	9 
477	2 
478	10 
479	4 
480	4 
481	10 
482	6 
483	2 
484	4 
485	2 
486	9 
487	9 
488	2 
489	1 
490	11 
491	3 
492	8 
493	3 
494	1 
495	1 
496	6 
497	7 
498	5 
499	8 
500	11 
501	11 
502	4 
503	5 
504	12 
505	7 
506	1 
507	8 
508	3 
509	3 
510	4 
511	8 
512	7 
513	8 
514	12 
515	10 
516	3 
517	2 
518	2 
519	10 
520	8 
521	9 
522	11 
523	11 
524	2 
525	1 
526	2 
527	9 
528	6 
529	1 
530	6 
531	10 
532	8 
533	11 
534	6 
535	3 
536	10 
537	7 
538	7 
539	4 
540	7 
541	10 
542	9 
543	3 
544	6 
545	3 
546	8 
547	1 
548	10 
549	11 
550	9 
551	3 
552	7 
553	9 
554	10 
555	7 
556	5 
557	12 
558	6 
559	12 
560	11 
561	8 
562	4 
563	12 
564	5 
565	1 
566	8 
567	8 
568	6 
569	4 
570	3 
571	11 
572	9 
573	4 
574	2 
575	10 
576	9 
577	8 
578	12 
579	8 
580	6 
581	7 
582	4 
583	3 
584	5 
585	10 
586	2 
587	3 
588	9 
589	7 
590	7 
591	9 
592	4 
593	6 
594	7 
595	8 
596	5 
597	4 
598	9 
599	2 
600	6 
601	7 
602	10 
603	1 
604	3 
605	9 
606	10 
607	7 
608	9 
609	9 
610	6 
611	12 
612	4 
613	1 
614	9 
615	1 
616	1 
617	9 
618	2 
619	8 
620	7 
621	11 
622	4 
623	5 
624	4 
625	7 
626	6 
627	7 
628	12 
629	2 
630	4 
631	6 
632	5 
633	11 
634	12 
635	7 
636	8 
637	3 
638	9 
639	10 
640	11 
641	7 
642	3 
643	10 
644	1 
645	10 
646	9 
647	1 
648	11 
649	7 
650	5 
651	3 
652	9 
653	3 
654	7 
655	5 
656	2 
657	10 
658	5 
659	6 
660	11 
661	8 
662	4 
663	5 
664	4 
665	8 
666	7 
667	11 
668	6 
669	11 
670	6 
671	4 
672	4 
673	6 
674	10 
675	6 
676	4 
677	11 
678	10 
679	9 
680	10 
681	7 
682	7 
683	8 
684	6 
685	1 
686	11 
687	9 
688	4 
689	10 
690	12 
691	4 
692	9 
693	9 
694	9 
695	9 
696	3 
697	7 
698	7 
699	6 
700	9 
701	3 
702	6 
703	4 
704	6 
705	6 
706	7 
707	9 
708	12 
709	5 
710	7 
711	6 
712	10 
713	4 
714	3 
715	3 
716	9 
717	1 
718	5 
719	11 
720	7 
721	6 
722	9 
723	4 
724	9 
725	9 
726	12 
727	12 
728	4 
729	6 
730	4 
731	6 
732	8 
733	10 
734	7 
735	7 
736	8 
737	5 
738	3 
739	1 
740	6 
741	6 
742	1 
743	6 
744	4 
745	10 
746	6 
747	7 
748	11 
749	1 
750	12 
751	7 
752	6 
753	12 
754	12 
755	9 
756	6 
757	10 
758	1 
759	8 
760	5 
761	10 
762	10 
763	6 
764	3 
765	4 
766	2 
767	3 
768	4 
769	8 
770	11 
771	9 
772	9 
773	12 
774	1 
775	3 
776	8 
777	9 
778	7 
779	11 
780	6 
781	2 
782	10 
783	4 
784	4 
785	12 
786	12 
787	7 
788	4 
789	7 
790	9 
791	7 
792	11 
793	10 
794	10 
795	5 
796	6 
797	9 
798	6 
799	9 
800	3 
801	10 
802	8 
803	6 
804	9 
805	3 
806	10 
807	7 
808	5 
809	12 
810	4 
811	7 
812	5 
813	4 
814	6 
815	8 
816	5 
817	7 
818	6 
819	6 
820	6 
821	7 
822	10 
823	6 
824	9 
825	4 
826	9 
827	7 
828	10 
829	10 
830	9 
831	1 
832	11 
833	10 
834	5 
835	7 
836	6 
837	5 
838	6 
839	10 
840	8 
841	10 
842	8 
843	2 
844	3 
845	3 
846	8 
847	9 
848	6 
849	12 
850	6 
851	12 
852	8 
853	10 
854	7 
855	5 
856	6 
857	1 
858	11 
859	6 
860	5 
861	12 
862	10 
863	9 
864	9 
865	3 
866	10 
867	6 
868	5 
869	10 
870	3 
871	4 
872	2 
873	5 
874	8 
875	8 
876	3 
877	10 
878	6 
879	3 
880	6 
881	9 
882	5 
883	7 
884	6 
885	5 
886	7 
887	6 
888	8 
889	8 
890	10 
891	5 
892	12 
893	8 
894	3 
895	5 
896	7 
897	12 
898	1 
899	9 
900	8 
901	8 
902	12 
903	8 
904	7 
905	4 
906	8 
907	5 
908	6 
909	8 
910	7 
911	8 
912	1 
913	11 
914	7 
915	4 
916	11 
917	11 
918	6 
919	11 
920	10 
921	10 
922	4 
923	9 
924	6 
925	10 
926	7 
927	3 
928	3 
929	3 
930	5 
931	12 
932	10 
933	8 
934	4 
935	3 
936	6 
937	4 
938	9 
939	3 
940	3 
941	8 
942	3 
943	3 
944	6 
945	3 
946	11 
947	7 
948	12 
949	11 
950	9 
951	9 
952	7 
953	4 
954	6 
955	8 
956	4 
957	11 
958	3 
959	10 
960	7 
961	7 
962	4 
963	7 
964	10 
965	9 
966	7 
967	5 
968	7 
969	10 
970	7 
971	12 
972	9 
973	6 
974	10 
975	7 
976	4 
977	9 
978	5 
979	10 
980	3 
981	11 
982	3 
983	11 
984	8 
985	4 
986	9 
987	10 
988	11 
989	12 
990	9 
991	8 
992	7 
993	8 
994	4 
995	9 
996	4 
997	3 
998	10 
999	6 
1000	3 
