1	6 
2	11 
3	10 
4	16 
5	8 
6	16 
7	1 
8	2 
9	4 
10	15 
11	9 
12	1 
13	9 
14	9 
15	6 
16	10 
17	15 
18	6 
19	9 
20	12 
21	5 
22	16 
23	3 
24	14 
25	16 
26	9 
27	16 
28	7 
29	16 
30	7 
31	15 
32	1 
33	3 
34	1 
35	15 
36	15 
37	9 
38	15 
39	3 
40	16 
41	9 
42	10 
43	6 
44	9 
45	15 
46	9 
47	12 
48	5 
49	11 
50	7 
51	9 
52	2 
53	6 
54	5 
55	4 
56	2 
57	6 
58	16 
59	8 
60	1 
61	16 
62	9 
63	10 
64	11 
65	15 
66	6 
67	7 
68	1 
69	13 
70	16 
71	3 
72	13 
73	14 
74	6 
75	11 
76	14 
77	16 
78	5 
79	10 
80	14 
81	16 
82	11 
83	16 
84	9 
85	5 
86	3 
87	16 
88	16 
89	16 
90	9 
91	5 
92	12 
93	15 
94	6 
95	3 
96	15 
97	7 
98	12 
99	8 
100	12 
101	16 
102	13 
103	16 
104	5 
105	4 
106	2 
107	3 
108	1 
109	8 
110	6 
111	14 
112	4 
113	8 
114	15 
115	11 
116	10 
117	12 
118	16 
119	16 
120	7 
121	12 
122	6 
123	5 
124	1 
125	6 
126	9 
127	11 
128	10 
129	11 
130	9 
131	1 
132	3 
133	10 
134	2 
135	14 
136	5 
137	1 
138	15 
139	2 
140	16 
141	12 
142	16 
143	6 
144	6 
145	2 
146	9 
147	6 
148	5 
149	6 
150	5 
151	3 
152	16 
153	6 
154	6 
155	14 
156	6 
157	8 
158	15 
159	7 
160	2 
161	3 
162	16 
163	6 
164	10 
165	5 
166	6 
167	1 
168	11 
169	13 
170	6 
171	15 
172	16 
173	6 
174	9 
175	16 
176	10 
177	6 
178	3 
179	10 
180	10 
181	1 
182	14 
183	3 
184	6 
185	10 
186	9 
187	2 
188	16 
189	1 
190	1 
191	3 
192	12 
193	4 
194	9 
195	14 
196	5 
197	16 
198	9 
199	9 
200	16 
201	3 
202	15 
203	3 
204	9 
205	13 
206	14 
207	5 
208	14 
209	5 
210	10 
211	2 
212	15 
213	1 
214	3 
215	14 
216	16 
217	13 
218	13 
219	16 
220	16 
221	6 
222	9 
223	5 
224	12 
225	15 
226	5 
227	11 
228	5 
229	16 
230	6 
231	16 
232	14 
233	4 
234	9 
235	10 
236	10 
237	3 
238	6 
239	3 
240	8 
241	13 
242	3 
243	6 
244	14 
245	16 
246	9 
247	2 
248	10 
249	1 
250	14 
251	9 
252	6 
253	15 
254	12 
255	11 
256	15 
257	6 
258	9 
259	16 
260	16 
261	9 
262	12 
263	10 
264	15 
265	1 
266	13 
267	12 
268	7 
269	9 
270	12 
271	14 
272	9 
273	16 
274	16 
275	10 
276	16 
277	9 
278	1 
279	10 
280	9 
281	2 
282	3 
283	16 
284	6 
285	1 
286	10 
287	8 
288	13 
289	4 
290	13 
291	10 
292	14 
293	10 
294	15 
295	16 
296	7 
297	4 
298	16 
299	16 
300	3 
301	1 
302	3 
303	15 
304	1 
305	4 
306	6 
307	13 
308	2 
309	7 
310	4 
311	4 
312	2 
313	9 
314	2 
315	10 
316	16 
317	7 
318	1 
319	15 
320	13 
321	8 
322	13 
323	2 
324	15 
325	5 
326	13 
327	9 
328	15 
329	5 
330	13 
331	3 
332	2 
333	16 
334	8 
335	6 
336	3 
337	1 
338	9 
339	4 
340	16 
341	8 
342	9 
343	6 
344	10 
345	6 
346	13 
347	6 
348	9 
349	5 
350	16 
351	9 
352	10 
353	9 
354	9 
355	9 
356	13 
357	15 
358	13 
359	1 
360	14 
361	9 
362	7 
363	10 
364	12 
365	16 
366	11 
367	10 
368	4 
369	16 
370	9 
371	15 
372	9 
373	10 
374	12 
375	15 
376	13 
377	15 
378	11 
379	6 
380	3 
381	8 
382	14 
383	11 
384	8 
385	6 
386	3 
387	16 
388	3 
389	2 
390	10 
391	16 
392	10 
393	16 
394	9 
395	5 
396	13 
397	7 
398	9 
399	10 
400	14 
401	4 
402	2 
403	15 
404	4 
405	16 
406	6 
407	4 
408	6 
409	12 
410	3 
411	5 
412	14 
413	6 
414	7 
415	6 
416	11 
417	14 
418	6 
419	3 
420	3 
421	3 
422	16 
423	11 
424	3 
425	13 
426	6 
427	10 
428	1 
429	16 
430	9 
431	14 
432	11 
433	15 
434	9 
435	9 
436	5 
437	15 
438	2 
439	13 
440	8 
441	4 
442	1 
443	15 
444	16 
445	1 
446	3 
447	11 
448	8 
449	6 
450	3 
451	2 
452	15 
453	15 
454	2 
455	14 
456	16 
457	9 
458	9 
459	9 
460	10 
461	2 
462	10 
463	6 
464	1 
465	7 
466	2 
467	6 
468	10 
469	15 
470	6 
471	16 
472	3 
473	15 
474	9 
475	16 
476	16 
477	15 
478	3 
479	9 
480	6 
481	2 
482	6 
483	9 
484	16 
485	10 
486	9 
487	6 
488	11 
489	10 
490	8 
491	11 
492	16 
493	13 
494	6 
495	12 
496	9 
497	15 
498	9 
499	2 
500	3 
501	6 
502	14 
503	16 
504	6 
505	16 
506	3 
507	14 
508	16 
509	2 
510	15 
511	12 
512	14 
513	16 
514	9 
515	11 
516	3 
517	11 
518	2 
519	6 
520	7 
521	16 
522	7 
523	14 
524	3 
525	3 
526	16 
527	16 
528	10 
529	11 
530	8 
531	7 
532	9 
533	7 
534	6 
535	12 
536	12 
537	1 
538	5 
539	6 
540	2 
541	4 
542	10 
543	3 
544	14 
545	1 
546	16 
547	11 
548	1 
549	1 
550	14 
551	4 
552	9 
553	15 
554	10 
555	14 
556	14 
557	9 
558	9 
559	9 
560	6 
561	8 
562	8 
563	3 
564	9 
565	2 
566	2 
567	16 
568	3 
569	8 
570	2 
571	16 
572	4 
573	7 
574	6 
575	3 
576	3 
577	15 
578	4 
579	5 
580	4 
581	16 
582	3 
583	9 
584	14 
585	1 
586	11 
587	9 
588	2 
589	6 
590	9 
591	9 
592	2 
593	16 
594	6 
595	14 
596	9 
597	5 
598	9 
599	9 
600	16 
601	15 
602	9 
603	6 
604	15 
605	1 
606	3 
607	12 
608	9 
609	9 
610	16 
611	9 
612	7 
613	10 
614	9 
615	16 
616	15 
617	16 
618	15 
619	6 
620	9 
621	3 
622	8 
623	13 
624	13 
625	16 
626	13 
627	6 
628	9 
629	16 
630	4 
631	7 
632	3 
633	9 
634	9 
635	9 
636	11 
637	7 
638	15 
639	16 
640	15 
641	6 
642	6 
643	6 
644	8 
645	9 
646	9 
647	6 
648	1 
649	6 
650	10 
651	8 
652	15 
653	6 
654	7 
655	9 
656	1 
657	6 
658	3 
659	13 
660	15 
661	14 
662	10 
663	12 
664	4 
665	8 
666	3 
667	10 
668	16 
669	7 
670	14 
671	3 
672	3 
673	9 
674	8 
675	15 
676	6 
677	11 
678	9 
679	15 
680	6 
681	6 
682	10 
683	3 
684	16 
685	16 
686	10 
687	13 
688	7 
689	6 
690	16 
691	16 
692	7 
693	8 
694	5 
695	6 
696	1 
697	1 
698	6 
699	7 
700	4 
701	1 
702	12 
703	14 
704	8 
705	6 
706	6 
707	10 
708	4 
709	4 
710	2 
711	12 
712	15 
713	10 
714	9 
715	2 
716	8 
717	10 
718	16 
719	12 
720	5 
721	3 
722	2 
723	14 
724	9 
725	2 
726	1 
727	9 
728	8 
729	16 
730	4 
731	6 
732	9 
733	13 
734	6 
735	15 
736	15 
737	11 
738	10 
739	13 
740	6 
741	15 
742	15 
743	6 
744	12 
745	4 
746	6 
747	10 
748	16 
749	6 
750	16 
751	2 
752	4 
753	15 
754	1 
755	6 
756	12 
757	13 
758	1 
759	5 
760	1 
761	9 
762	15 
763	15 
764	10 
765	1 
766	6 
767	6 
768	14 
769	3 
770	9 
771	12 
772	14 
773	15 
774	6 
775	6 
776	7 
777	9 
778	16 
779	9 
780	6 
781	7 
782	9 
783	16 
784	9 
785	15 
786	9 
787	5 
788	14 
789	14 
790	10 
791	9 
792	3 
793	4 
794	15 
795	2 
796	9 
797	15 
798	9 
799	16 
800	8 
801	14 
802	15 
803	11 
804	14 
805	10 
806	15 
807	7 
808	11 
809	8 
810	1 
811	14 
812	6 
813	12 
814	4 
815	13 
816	16 
817	15 
818	15 
819	10 
820	1 
821	6 
822	2 
823	7 
824	10 
825	6 
826	9 
827	15 
828	3 
829	3 
830	10 
831	16 
832	16 
833	6 
834	12 
835	4 
836	9 
837	15 
838	6 
839	10 
840	5 
841	5 
842	5 
843	15 
844	4 
845	16 
846	13 
847	5 
848	12 
849	1 
850	16 
851	10 
852	6 
853	6 
854	9 
855	4 
856	14 
857	9 
858	16 
859	14 
860	5 
861	13 
862	15 
863	14 
864	13 
865	16 
866	7 
867	14 
868	9 
869	3 
870	1 
871	9 
872	3 
873	1 
874	9 
875	15 
876	6 
877	6 
878	14 
879	16 
880	6 
881	10 
882	13 
883	14 
884	14 
885	14 
886	1 
887	14 
888	5 
889	1 
890	14 
891	2 
892	9 
893	3 
894	2 
895	9 
896	3 
897	10 
898	6 
899	2 
900	6 
901	10 
902	13 
903	14 
904	14 
905	13 
906	13 
907	1 
908	13 
909	13 
910	14 
911	6 
912	15 
913	9 
914	16 
915	16 
916	2 
917	15 
918	6 
919	6 
920	9 
921	15 
922	3 
923	16 
924	14 
925	1 
926	6 
927	1 
928	15 
929	3 
930	16 
931	13 
932	15 
933	6 
934	14 
935	2 
936	16 
937	16 
938	14 
939	16 
940	9 
941	13 
942	14 
943	15 
944	10 
945	10 
946	1 
947	9 
948	15 
949	16 
950	14 
951	1 
952	15 
953	6 
954	2 
955	3 
956	14 
957	6 
958	1 
959	15 
960	15 
961	16 
962	14 
963	10 
964	10 
965	14 
966	16 
967	1 
968	15 
969	10 
970	3 
971	9 
972	10 
973	6 
974	16 
975	14 
976	16 
977	6 
978	15 
979	6 
980	14 
981	9 
982	9 
983	16 
984	15 
985	6 
986	6 
987	1 
988	3 
989	16 
990	6 
991	10 
992	6 
993	14 
994	1 
995	15 
996	1 
997	16 
998	6 
999	6 
1000	15 
