1	13 
2	8 
3	18 
4	8 
5	5 
6	1 
7	3 
8	13 
9	4 
10	7 
11	9 
12	16 
13	6 
14	3 
15	1 
16	12 
17	3 
18	9 
19	4 
20	3 
21	11 
22	8 
23	5 
24	3 
25	7 
26	18 
27	17 
28	13 
29	14 
30	6 
31	5 
32	11 
33	19 
34	11 
35	4 
36	4 
37	7 
38	9 
39	7 
40	15 
41	11 
42	8 
43	3 
44	6 
45	3 
46	20 
47	5 
48	3 
49	16 
50	6 
51	4 
52	10 
53	1 
54	2 
55	13 
56	6 
57	6 
58	5 
59	3 
60	6 
61	14 
62	15 
63	9 
64	7 
65	7 
66	7 
67	13 
68	8 
69	19 
70	7 
71	4 
72	8 
73	3 
74	9 
75	18 
76	10 
77	8 
78	8 
79	7 
80	3 
81	4 
82	13 
83	4 
84	7 
85	4 
86	16 
87	3 
88	13 
89	20 
90	3 
91	7 
92	14 
93	20 
94	15 
95	3 
96	12 
97	3 
98	14 
99	18 
100	7 
101	4 
102	1 
103	3 
104	7 
105	11 
106	3 
107	14 
108	2 
109	13 
110	5 
111	19 
112	14 
113	17 
114	14 
115	14 
116	13 
117	12 
118	8 
119	10 
120	16 
121	7 
122	14 
123	17 
124	17 
125	17 
126	4 
127	14 
128	14 
129	19 
130	17 
131	20 
132	14 
133	14 
134	9 
135	17 
136	4 
137	14 
138	13 
139	10 
140	5 
141	9 
142	2 
143	20 
144	14 
145	15 
146	14 
147	3 
148	10 
149	6 
150	13 
151	14 
152	20 
153	17 
154	13 
155	17 
156	5 
157	14 
158	17 
159	5 
160	4 
161	3 
162	9 
163	18 
164	6 
165	14 
166	17 
167	4 
168	4 
169	15 
170	17 
171	20 
172	9 
173	4 
174	13 
175	10 
176	13 
177	2 
178	14 
179	19 
180	13 
181	16 
182	7 
183	7 
184	15 
185	18 
186	3 
187	17 
188	6 
189	17 
190	8 
191	7 
192	3 
193	5 
194	4 
195	14 
196	3 
197	1 
198	6 
199	3 
200	9 
201	9 
202	6 
203	3 
204	13 
205	16 
206	13 
207	19 
208	14 
209	11 
210	13 
211	18 
212	4 
213	19 
214	11 
215	18 
216	3 
217	19 
218	18 
219	9 
220	12 
221	7 
222	7 
223	7 
224	16 
225	14 
226	2 
227	7 
228	11 
229	14 
230	11 
231	17 
232	13 
233	20 
234	1 
235	11 
236	4 
237	3 
238	6 
239	13 
240	8 
241	7 
242	14 
243	4 
244	18 
245	17 
246	16 
247	17 
248	14 
249	13 
250	12 
251	19 
252	7 
253	17 
254	19 
255	11 
256	10 
257	19 
258	14 
259	17 
260	20 
261	4 
262	13 
263	9 
264	5 
265	18 
266	10 
267	19 
268	6 
269	9 
270	18 
271	17 
272	13 
273	4 
274	13 
275	3 
276	10 
277	9 
278	9 
279	17 
280	14 
281	17 
282	16 
283	13 
284	20 
285	7 
286	18 
287	11 
288	17 
289	4 
290	8 
291	13 
292	20 
293	20 
294	6 
295	14 
296	7 
297	12 
298	16 
299	13 
300	18 
301	17 
302	14 
303	18 
304	3 
305	18 
306	14 
307	6 
308	19 
309	9 
310	17 
311	15 
312	8 
313	15 
314	7 
315	7 
316	10 
317	8 
318	4 
319	4 
320	9 
321	14 
322	11 
323	13 
324	8 
325	12 
326	6 
327	1 
328	20 
329	7 
330	4 
331	3 
332	19 
333	2 
334	13 
335	11 
336	9 
337	20 
338	13 
339	17 
340	2 
341	4 
342	10 
343	11 
344	14 
345	19 
346	10 
347	12 
348	14 
349	2 
350	15 
351	11 
352	17 
353	3 
354	13 
355	14 
356	4 
357	14 
358	4 
359	16 
360	20 
361	17 
362	17 
363	14 
364	13 
365	13 
366	17 
367	4 
368	11 
369	17 
370	18 
371	1 
372	5 
373	14 
374	11 
375	5 
376	13 
377	3 
378	2 
379	1 
380	14 
381	13 
382	16 
383	5 
384	1 
385	13 
386	1 
387	7 
388	13 
389	14 
390	16 
391	14 
392	9 
393	14 
394	20 
395	8 
396	4 
397	12 
398	20 
399	8 
400	11 
401	5 
402	7 
403	11 
404	17 
405	6 
406	7 
407	10 
408	18 
409	9 
410	16 
411	12 
412	19 
413	13 
414	11 
415	6 
416	17 
417	13 
418	3 
419	15 
420	4 
421	9 
422	14 
423	7 
424	3 
425	20 
426	19 
427	1 
428	20 
429	12 
430	14 
431	18 
432	4 
433	8 
434	9 
435	3 
436	7 
437	20 
438	4 
439	1 
440	1 
441	11 
442	14 
443	6 
444	9 
445	4 
446	16 
447	18 
448	8 
449	14 
450	16 
451	20 
452	17 
453	14 
454	1 
455	7 
456	12 
457	14 
458	4 
459	1 
460	4 
461	3 
462	4 
463	16 
464	13 
465	18 
466	15 
467	3 
468	4 
469	19 
470	13 
471	3 
472	6 
473	15 
474	11 
475	3 
476	4 
477	5 
478	6 
479	15 
480	12 
481	6 
482	19 
483	7 
484	2 
485	16 
486	13 
487	17 
488	6 
489	17 
490	16 
491	13 
492	1 
493	13 
494	8 
495	15 
496	14 
497	12 
498	17 
499	14 
500	9 
501	3 
502	1 
503	10 
504	7 
505	7 
506	12 
507	14 
508	18 
509	1 
510	9 
511	7 
512	7 
513	7 
514	16 
515	20 
516	17 
517	3 
518	5 
519	17 
520	11 
521	5 
522	8 
523	17 
524	4 
525	16 
526	11 
527	20 
528	20 
529	18 
530	4 
531	2 
532	4 
533	16 
534	11 
535	4 
536	16 
537	12 
538	3 
539	4 
540	13 
541	13 
542	9 
543	15 
544	12 
545	16 
546	16 
547	13 
548	19 
549	17 
550	20 
551	7 
552	17 
553	15 
554	13 
555	18 
556	9 
557	4 
558	14 
559	8 
560	7 
561	14 
562	20 
563	13 
564	15 
565	11 
566	10 
567	13 
568	9 
569	3 
570	6 
571	17 
572	9 
573	5 
574	16 
575	12 
576	18 
577	17 
578	1 
579	13 
580	16 
581	18 
582	14 
583	11 
584	11 
585	18 
586	3 
587	1 
588	13 
589	19 
590	14 
591	13 
592	11 
593	11 
594	14 
595	18 
596	1 
597	20 
598	3 
599	7 
600	14 
601	4 
602	19 
603	20 
604	18 
605	11 
606	2 
607	4 
608	1 
609	16 
610	19 
611	11 
612	19 
613	7 
614	11 
615	8 
616	14 
617	6 
618	3 
619	9 
620	7 
621	11 
622	3 
623	7 
624	10 
625	1 
626	8 
627	7 
628	17 
629	15 
630	18 
631	9 
632	3 
633	18 
634	4 
635	13 
636	13 
637	1 
638	3 
639	13 
640	2 
641	2 
642	4 
643	7 
644	14 
645	3 
646	17 
647	7 
648	17 
649	3 
650	16 
651	19 
652	13 
653	6 
654	11 
655	14 
656	4 
657	17 
658	17 
659	8 
660	7 
661	6 
662	8 
663	9 
664	7 
665	7 
666	5 
667	4 
668	20 
669	4 
670	13 
671	15 
672	9 
673	5 
674	6 
675	12 
676	13 
677	5 
678	19 
679	18 
680	12 
681	6 
682	6 
683	14 
684	4 
685	3 
686	11 
687	17 
688	3 
689	4 
690	20 
691	1 
692	20 
693	9 
694	3 
695	4 
696	2 
697	19 
698	17 
699	1 
700	2 
701	19 
702	16 
703	8 
704	13 
705	17 
706	9 
707	18 
708	7 
709	19 
710	4 
711	17 
712	9 
713	9 
714	13 
715	2 
716	17 
717	13 
718	7 
719	7 
720	4 
721	10 
722	17 
723	3 
724	19 
725	1 
726	6 
727	13 
728	13 
729	1 
730	15 
731	20 
732	13 
733	9 
734	9 
735	18 
736	14 
737	4 
738	17 
739	1 
740	17 
741	7 
742	2 
743	7 
744	17 
745	7 
746	3 
747	15 
748	8 
749	7 
750	4 
751	13 
752	19 
753	19 
754	7 
755	17 
756	3 
757	8 
758	3 
759	13 
760	10 
761	13 
762	6 
763	17 
764	19 
765	7 
766	12 
767	4 
768	3 
769	19 
770	17 
771	14 
772	14 
773	1 
774	2 
775	12 
776	18 
777	14 
778	10 
779	4 
780	7 
781	9 
782	12 
783	3 
784	18 
785	11 
786	1 
787	12 
788	11 
789	18 
790	7 
791	2 
792	2 
793	1 
794	19 
795	4 
796	9 
797	19 
798	20 
799	14 
800	13 
801	6 
802	3 
803	4 
804	3 
805	4 
806	3 
807	13 
808	17 
809	11 
810	5 
811	18 
812	10 
813	17 
814	17 
815	15 
816	20 
817	1 
818	1 
819	2 
820	17 
821	17 
822	17 
823	19 
824	12 
825	3 
826	20 
827	3 
828	3 
829	4 
830	7 
831	6 
832	14 
833	3 
834	12 
835	18 
836	11 
837	14 
838	14 
839	3 
840	4 
841	5 
842	14 
843	19 
844	13 
845	10 
846	1 
847	4 
848	13 
849	1 
850	11 
851	15 
852	15 
853	19 
854	7 
855	13 
856	2 
857	4 
858	19 
859	19 
860	14 
861	1 
862	15 
863	3 
864	7 
865	17 
866	8 
867	11 
868	6 
869	17 
870	14 
871	11 
872	16 
873	8 
874	8 
875	18 
876	13 
877	18 
878	7 
879	18 
880	17 
881	14 
882	7 
883	14 
884	9 
885	4 
886	3 
887	19 
888	18 
889	13 
890	19 
891	18 
892	14 
893	1 
894	3 
895	8 
896	11 
897	7 
898	6 
899	11 
900	14 
901	14 
902	5 
903	11 
904	3 
905	10 
906	9 
907	18 
908	11 
909	13 
910	13 
911	7 
912	11 
913	14 
914	6 
915	20 
916	10 
917	13 
918	10 
919	18 
920	16 
921	15 
922	17 
923	8 
924	4 
925	7 
926	17 
927	17 
928	14 
929	19 
930	16 
931	12 
932	9 
933	9 
934	4 
935	7 
936	8 
937	4 
938	18 
939	17 
940	17 
941	1 
942	8 
943	20 
944	16 
945	9 
946	16 
947	14 
948	3 
949	7 
950	7 
951	16 
952	3 
953	13 
954	8 
955	14 
956	2 
957	13 
958	6 
959	8 
960	7 
961	17 
962	19 
963	8 
964	13 
965	3 
966	14 
967	17 
968	4 
969	13 
970	19 
971	4 
972	9 
973	10 
974	17 
975	9 
976	13 
977	1 
978	4 
979	11 
980	16 
981	7 
982	7 
983	11 
984	13 
985	7 
986	8 
987	1 
988	17 
989	12 
990	14 
991	14 
992	18 
993	14 
994	11 
995	19 
996	13 
997	17 
998	7 
999	19 
1000	20 
