1	1 
2	2 
3	12 
4	8 
5	5 
6	8 
7	13 
8	2 
9	4 
10	16 
11	7 
12	9 
13	5 
14	9 
15	8 
16	1 
17	12 
18	12 
19	4 
20	9 
21	11 
22	9 
23	1 
24	9 
25	15 
26	2 
27	15 
28	9 
29	13 
30	15 
31	12 
32	7 
33	7 
34	4 
35	14 
36	1 
37	1 
38	9 
39	4 
40	9 
41	3 
42	12 
43	10 
44	1 
45	15 
46	3 
47	2 
48	7 
49	16 
50	10 
51	13 
52	14 
53	5 
54	3 
55	3 
56	14 
57	13 
58	13 
59	3 
60	3 
61	12 
62	6 
63	11 
64	3 
65	5 
66	3 
67	14 
68	11 
69	14 
70	11 
71	9 
72	6 
73	9 
74	5 
75	13 
76	5 
77	9 
78	6 
79	13 
80	13 
81	16 
82	11 
83	14 
84	13 
85	7 
86	12 
87	15 
88	7 
89	9 
90	5 
91	10 
92	7 
93	7 
94	2 
95	4 
96	16 
97	8 
98	11 
99	7 
100	6 
101	3 
102	8 
103	3 
104	1 
105	11 
106	3 
107	5 
108	10 
109	16 
110	11 
111	13 
112	2 
113	11 
114	2 
115	3 
116	8 
117	3 
118	16 
119	9 
120	8 
121	9 
122	1 
123	14 
124	15 
125	8 
126	11 
127	7 
128	9 
129	11 
130	3 
131	11 
132	11 
133	8 
134	8 
135	4 
136	8 
137	16 
138	12 
139	15 
140	3 
141	14 
142	7 
143	11 
144	11 
145	2 
146	10 
147	9 
148	3 
149	6 
150	15 
151	12 
152	15 
153	13 
154	9 
155	10 
156	11 
157	12 
158	16 
159	2 
160	14 
161	2 
162	3 
163	4 
164	12 
165	3 
166	1 
167	11 
168	7 
169	13 
170	2 
171	3 
172	6 
173	13 
174	16 
175	3 
176	10 
177	1 
178	11 
179	14 
180	3 
181	7 
182	6 
183	12 
184	2 
185	14 
186	5 
187	9 
188	3 
189	11 
190	6 
191	2 
192	7 
193	6 
194	7 
195	5 
196	3 
197	14 
198	11 
199	3 
200	3 
201	1 
202	16 
203	3 
204	3 
205	11 
206	6 
207	5 
208	2 
209	6 
210	6 
211	3 
212	14 
213	7 
214	7 
215	2 
216	15 
217	11 
218	13 
219	16 
220	1 
221	13 
222	1 
223	3 
224	10 
225	15 
226	8 
227	4 
228	16 
229	11 
230	9 
231	14 
232	1 
233	11 
234	16 
235	8 
236	2 
237	12 
238	8 
239	15 
240	1 
241	7 
242	16 
243	16 
244	15 
245	14 
246	3 
247	13 
248	12 
249	12 
250	9 
251	10 
252	8 
253	13 
254	7 
255	11 
256	16 
257	4 
258	8 
259	6 
260	14 
261	3 
262	10 
263	7 
264	3 
265	10 
266	1 
267	14 
268	2 
269	3 
270	13 
271	12 
272	11 
273	16 
274	7 
275	3 
276	3 
277	16 
278	3 
279	9 
280	13 
281	11 
282	7 
283	13 
284	8 
285	10 
286	10 
287	15 
288	7 
289	3 
290	1 
291	9 
292	1 
293	8 
294	12 
295	2 
296	14 
297	15 
298	9 
299	7 
300	8 
301	3 
302	14 
303	1 
304	11 
305	13 
306	9 
307	9 
308	4 
309	7 
310	13 
311	11 
312	12 
313	3 
314	9 
315	12 
316	12 
317	16 
318	3 
319	14 
320	7 
321	4 
322	7 
323	9 
324	2 
325	2 
326	13 
327	12 
328	13 
329	3 
330	7 
331	11 
332	9 
333	14 
334	10 
335	5 
336	5 
337	12 
338	12 
339	7 
340	15 
341	16 
342	9 
343	16 
344	4 
345	14 
346	11 
347	7 
348	14 
349	10 
350	16 
351	16 
352	7 
353	3 
354	9 
355	11 
356	8 
357	5 
358	13 
359	7 
360	3 
361	16 
362	15 
363	7 
364	10 
365	14 
366	9 
367	1 
368	8 
369	14 
370	1 
371	3 
372	15 
373	2 
374	10 
375	16 
376	5 
377	3 
378	1 
379	11 
380	14 
381	5 
382	6 
383	3 
384	1 
385	11 
386	11 
387	2 
388	16 
389	1 
390	5 
391	16 
392	3 
393	3 
394	3 
395	12 
396	1 
397	14 
398	5 
399	3 
400	4 
401	9 
402	8 
403	12 
404	1 
405	9 
406	11 
407	13 
408	15 
409	1 
410	10 
411	15 
412	6 
413	1 
414	11 
415	1 
416	5 
417	16 
418	4 
419	3 
420	16 
421	9 
422	11 
423	4 
424	11 
425	9 
426	7 
427	4 
428	1 
429	2 
430	12 
431	7 
432	8 
433	5 
434	14 
435	1 
436	11 
437	10 
438	15 
439	12 
440	11 
441	3 
442	11 
443	15 
444	14 
445	16 
446	12 
447	10 
448	13 
449	7 
450	16 
451	3 
452	16 
453	11 
454	9 
455	5 
456	12 
457	4 
458	13 
459	10 
460	7 
461	3 
462	16 
463	3 
464	1 
465	5 
466	13 
467	2 
468	9 
469	2 
470	10 
471	3 
472	12 
473	15 
474	4 
475	9 
476	3 
477	1 
478	15 
479	3 
480	11 
481	4 
482	14 
483	11 
484	13 
485	10 
486	12 
487	3 
488	16 
489	8 
490	7 
491	13 
492	11 
493	13 
494	12 
495	4 
496	10 
497	3 
498	10 
499	11 
500	3 
501	2 
502	13 
503	11 
504	13 
505	1 
506	3 
507	3 
508	15 
509	3 
510	15 
511	2 
512	10 
513	9 
514	3 
515	11 
516	1 
517	1 
518	16 
519	13 
520	7 
521	7 
522	9 
523	16 
524	14 
525	16 
526	8 
527	14 
528	16 
529	5 
530	14 
531	2 
532	2 
533	1 
534	6 
535	14 
536	1 
537	6 
538	11 
539	16 
540	15 
541	15 
542	3 
543	15 
544	3 
545	4 
546	2 
547	5 
548	14 
549	13 
550	11 
551	2 
552	4 
553	1 
554	15 
555	9 
556	13 
557	5 
558	5 
559	9 
560	6 
561	13 
562	8 
563	6 
564	9 
565	3 
566	3 
567	9 
568	1 
569	2 
570	16 
571	15 
572	4 
573	10 
574	7 
575	2 
576	13 
577	1 
578	16 
579	6 
580	3 
581	10 
582	16 
583	1 
584	7 
585	6 
586	11 
587	10 
588	16 
589	13 
590	1 
591	2 
592	3 
593	16 
594	2 
595	13 
596	8 
597	15 
598	16 
599	11 
600	8 
601	12 
602	7 
603	10 
604	11 
605	5 
606	11 
607	3 
608	2 
609	3 
610	3 
611	8 
612	11 
613	5 
614	9 
615	16 
616	4 
617	5 
618	15 
619	10 
620	3 
621	10 
622	1 
623	16 
624	14 
625	14 
626	3 
627	11 
628	13 
629	1 
630	9 
631	16 
632	5 
633	10 
634	16 
635	6 
636	6 
637	4 
638	5 
639	15 
640	10 
641	3 
642	12 
643	11 
644	5 
645	9 
646	12 
647	9 
648	9 
649	12 
650	14 
651	3 
652	9 
653	9 
654	2 
655	11 
656	7 
657	3 
658	15 
659	2 
660	7 
661	3 
662	14 
663	9 
664	9 
665	3 
666	1 
667	6 
668	12 
669	15 
670	9 
671	1 
672	7 
673	5 
674	5 
675	2 
676	2 
677	5 
678	11 
679	16 
680	10 
681	16 
682	16 
683	11 
684	16 
685	3 
686	2 
687	7 
688	14 
689	9 
690	9 
691	14 
692	3 
693	3 
694	3 
695	11 
696	13 
697	14 
698	16 
699	7 
700	12 
701	3 
702	11 
703	14 
704	14 
705	5 
706	5 
707	13 
708	11 
709	11 
710	10 
711	12 
712	6 
713	1 
714	14 
715	1 
716	2 
717	10 
718	2 
719	2 
720	2 
721	15 
722	12 
723	10 
724	1 
725	16 
726	11 
727	1 
728	5 
729	10 
730	10 
731	16 
732	16 
733	2 
734	16 
735	9 
736	6 
737	12 
738	8 
739	12 
740	8 
741	3 
742	3 
743	6 
744	3 
745	15 
746	14 
747	10 
748	5 
749	7 
750	11 
751	16 
752	5 
753	16 
754	2 
755	14 
756	1 
757	13 
758	1 
759	3 
760	4 
761	5 
762	1 
763	4 
764	11 
765	10 
766	9 
767	1 
768	14 
769	16 
770	11 
771	11 
772	16 
773	3 
774	2 
775	3 
776	10 
777	11 
778	16 
779	7 
780	2 
781	9 
782	16 
783	5 
784	9 
785	2 
786	3 
787	1 
788	10 
789	12 
790	11 
791	15 
792	9 
793	3 
794	11 
795	16 
796	14 
797	3 
798	3 
799	11 
800	13 
801	3 
802	16 
803	15 
804	9 
805	10 
806	2 
807	8 
808	6 
809	4 
810	9 
811	3 
812	7 
813	16 
814	7 
815	11 
816	15 
817	9 
818	10 
819	8 
820	8 
821	10 
822	14 
823	2 
824	12 
825	8 
826	9 
827	2 
828	14 
829	2 
830	7 
831	9 
832	2 
833	7 
834	10 
835	3 
836	6 
837	11 
838	1 
839	10 
840	11 
841	10 
842	10 
843	2 
844	8 
845	7 
846	2 
847	14 
848	8 
849	3 
850	7 
851	12 
852	6 
853	10 
854	2 
855	5 
856	11 
857	7 
858	16 
859	13 
860	9 
861	11 
862	6 
863	6 
864	13 
865	2 
866	14 
867	8 
868	5 
869	15 
870	2 
871	6 
872	4 
873	5 
874	12 
875	3 
876	12 
877	10 
878	12 
879	3 
880	11 
881	11 
882	11 
883	2 
884	9 
885	12 
886	6 
887	11 
888	16 
889	6 
890	5 
891	8 
892	6 
893	10 
894	14 
895	1 
896	11 
897	11 
898	13 
899	8 
900	3 
901	11 
902	4 
903	16 
904	11 
905	1 
906	8 
907	11 
908	5 
909	9 
910	4 
911	7 
912	9 
913	12 
914	13 
915	5 
916	13 
917	3 
918	14 
919	6 
920	16 
921	10 
922	8 
923	2 
924	1 
925	1 
926	8 
927	13 
928	1 
929	5 
930	10 
931	16 
932	1 
933	3 
934	15 
935	1 
936	14 
937	5 
938	6 
939	7 
940	8 
941	14 
942	11 
943	13 
944	14 
945	13 
946	16 
947	8 
948	14 
949	12 
950	5 
951	11 
952	5 
953	11 
954	2 
955	3 
956	13 
957	9 
958	16 
959	13 
960	13 
961	12 
962	15 
963	9 
964	1 
965	3 
966	14 
967	2 
968	12 
969	3 
970	11 
971	7 
972	6 
973	3 
974	5 
975	7 
976	1 
977	4 
978	11 
979	15 
980	10 
981	1 
982	1 
983	13 
984	13 
985	16 
986	16 
987	11 
988	13 
989	8 
990	12 
991	16 
992	13 
993	11 
994	13 
995	14 
996	13 
997	16 
998	13 
999	7 
1000	15 
