1	5 
2	5 
3	10 
4	2 
5	1 
6	3 
7	8 
8	5 
9	14 
10	6 
11	14 
12	9 
13	3 
14	13 
15	6 
16	3 
17	3 
18	11 
19	14 
20	7 
21	7 
22	6 
23	8 
24	5 
25	6 
26	2 
27	13 
28	1 
29	14 
30	5 
31	14 
32	3 
33	9 
34	8 
35	1 
36	14 
37	13 
38	6 
39	2 
40	11 
41	1 
42	11 
43	13 
44	8 
45	1 
46	8 
47	7 
48	5 
49	8 
50	7 
51	11 
52	8 
53	12 
54	11 
55	1 
56	12 
57	14 
58	10 
59	7 
60	6 
61	14 
62	7 
63	7 
64	14 
65	3 
66	12 
67	7 
68	1 
69	8 
70	1 
71	6 
72	11 
73	6 
74	6 
75	5 
76	7 
77	5 
78	8 
79	2 
80	13 
81	2 
82	13 
83	13 
84	7 
85	2 
86	6 
87	10 
88	3 
89	11 
90	10 
91	12 
92	14 
93	9 
94	14 
95	13 
96	6 
97	6 
98	5 
99	12 
100	13 
101	7 
102	13 
103	4 
104	8 
105	8 
106	10 
107	3 
108	7 
109	6 
110	8 
111	8 
112	8 
113	13 
114	6 
115	11 
116	6 
117	7 
118	14 
119	13 
120	8 
121	2 
122	11 
123	11 
124	13 
125	2 
126	11 
127	2 
128	6 
129	14 
130	4 
131	11 
132	7 
133	11 
134	10 
135	2 
136	2 
137	6 
138	13 
139	8 
140	14 
141	11 
142	6 
143	12 
144	11 
145	4 
146	3 
147	11 
148	3 
149	12 
150	14 
151	2 
152	2 
153	4 
154	13 
155	6 
156	2 
157	6 
158	14 
159	5 
160	5 
161	14 
162	7 
163	9 
164	1 
165	11 
166	13 
167	11 
168	3 
169	5 
170	5 
171	2 
172	2 
173	1 
174	1 
175	3 
176	8 
177	14 
178	11 
179	2 
180	2 
181	7 
182	5 
183	9 
184	13 
185	4 
186	10 
187	8 
188	13 
189	6 
190	12 
191	7 
192	1 
193	5 
194	2 
195	8 
196	8 
197	5 
198	6 
199	4 
200	12 
201	10 
202	8 
203	9 
204	1 
205	13 
206	14 
207	11 
208	11 
209	2 
210	1 
211	10 
212	7 
213	13 
214	8 
215	6 
216	11 
217	14 
218	1 
219	5 
220	5 
221	1 
222	13 
223	13 
224	12 
225	13 
226	11 
227	3 
228	9 
229	3 
230	13 
231	1 
232	10 
233	1 
234	5 
235	10 
236	3 
237	6 
238	10 
239	7 
240	12 
241	13 
242	2 
243	14 
244	14 
245	1 
246	11 
247	3 
248	1 
249	1 
250	7 
251	6 
252	4 
253	3 
254	12 
255	2 
256	8 
257	7 
258	3 
259	6 
260	13 
261	11 
262	6 
263	8 
264	11 
265	6 
266	7 
267	4 
268	5 
269	8 
270	1 
271	14 
272	11 
273	12 
274	11 
275	14 
276	6 
277	3 
278	3 
279	13 
280	7 
281	14 
282	8 
283	13 
284	6 
285	11 
286	1 
287	10 
288	2 
289	4 
290	7 
291	13 
292	3 
293	12 
294	6 
295	14 
296	3 
297	4 
298	4 
299	11 
300	8 
301	10 
302	9 
303	3 
304	13 
305	6 
306	12 
307	2 
308	7 
309	4 
310	2 
311	4 
312	14 
313	12 
314	8 
315	11 
316	9 
317	11 
318	11 
319	12 
320	13 
321	1 
322	2 
323	13 
324	2 
325	3 
326	6 
327	4 
328	12 
329	7 
330	4 
331	8 
332	8 
333	13 
334	14 
335	12 
336	7 
337	10 
338	1 
339	2 
340	5 
341	1 
342	6 
343	4 
344	6 
345	6 
346	10 
347	11 
348	11 
349	14 
350	13 
351	7 
352	2 
353	2 
354	13 
355	6 
356	12 
357	14 
358	6 
359	10 
360	8 
361	8 
362	5 
363	14 
364	10 
365	1 
366	13 
367	8 
368	8 
369	11 
370	3 
371	8 
372	3 
373	11 
374	7 
375	7 
376	10 
377	4 
378	8 
379	4 
380	8 
381	1 
382	8 
383	5 
384	5 
385	3 
386	6 
387	1 
388	3 
389	6 
390	13 
391	5 
392	6 
393	7 
394	13 
395	3 
396	14 
397	14 
398	11 
399	12 
400	9 
401	3 
402	1 
403	2 
404	11 
405	14 
406	4 
407	2 
408	6 
409	13 
410	14 
411	13 
412	11 
413	5 
414	4 
415	3 
416	11 
417	1 
418	2 
419	11 
420	4 
421	11 
422	14 
423	6 
424	11 
425	9 
426	5 
427	9 
428	7 
429	11 
430	14 
431	13 
432	10 
433	6 
434	11 
435	11 
436	8 
437	12 
438	11 
439	13 
440	11 
441	11 
442	13 
443	9 
444	12 
445	1 
446	4 
447	11 
448	14 
449	4 
450	7 
451	14 
452	6 
453	2 
454	10 
455	11 
456	12 
457	7 
458	2 
459	8 
460	13 
461	8 
462	13 
463	7 
464	3 
465	1 
466	8 
467	10 
468	14 
469	14 
470	6 
471	12 
472	2 
473	13 
474	14 
475	14 
476	7 
477	14 
478	14 
479	1 
480	4 
481	14 
482	11 
483	2 
484	8 
485	7 
486	10 
487	4 
488	2 
489	13 
490	3 
491	9 
492	2 
493	8 
494	7 
495	9 
496	2 
497	6 
498	6 
499	5 
500	12 
501	4 
502	6 
503	12 
504	6 
505	11 
506	11 
507	10 
508	12 
509	14 
510	10 
511	1 
512	3 
513	14 
514	3 
515	6 
516	14 
517	4 
518	13 
519	2 
520	5 
521	7 
522	2 
523	6 
524	5 
525	8 
526	14 
527	10 
528	8 
529	9 
530	11 
531	8 
532	5 
533	14 
534	1 
535	5 
536	11 
537	7 
538	2 
539	12 
540	13 
541	11 
542	3 
543	4 
544	10 
545	7 
546	13 
547	7 
548	4 
549	11 
550	13 
551	8 
552	6 
553	6 
554	3 
555	12 
556	7 
557	5 
558	2 
559	8 
560	7 
561	8 
562	7 
563	12 
564	12 
565	8 
566	11 
567	9 
568	9 
569	6 
570	14 
571	12 
572	11 
573	5 
574	14 
575	14 
576	14 
577	2 
578	4 
579	5 
580	3 
581	12 
582	2 
583	13 
584	14 
585	13 
586	7 
587	2 
588	10 
589	11 
590	14 
591	4 
592	14 
593	8 
594	6 
595	11 
596	10 
597	1 
598	11 
599	2 
600	7 
601	8 
602	13 
603	5 
604	3 
605	1 
606	12 
607	11 
608	8 
609	9 
610	8 
611	7 
612	8 
613	7 
614	4 
615	6 
616	7 
617	6 
618	5 
619	1 
620	8 
621	11 
622	3 
623	11 
624	7 
625	6 
626	5 
627	14 
628	12 
629	3 
630	9 
631	4 
632	2 
633	2 
634	7 
635	7 
636	5 
637	12 
638	8 
639	10 
640	11 
641	7 
642	9 
643	4 
644	3 
645	9 
646	7 
647	8 
648	11 
649	4 
650	12 
651	3 
652	8 
653	5 
654	13 
655	11 
656	11 
657	4 
658	14 
659	4 
660	11 
661	10 
662	10 
663	10 
664	11 
665	13 
666	13 
667	2 
668	13 
669	4 
670	12 
671	5 
672	5 
673	8 
674	10 
675	4 
676	11 
677	9 
678	11 
679	11 
680	4 
681	8 
682	7 
683	10 
684	9 
685	13 
686	13 
687	8 
688	4 
689	11 
690	9 
691	5 
692	10 
693	5 
694	10 
695	7 
696	11 
697	12 
698	2 
699	6 
700	13 
701	4 
702	13 
703	14 
704	8 
705	8 
706	14 
707	13 
708	12 
709	3 
710	3 
711	11 
712	14 
713	2 
714	8 
715	7 
716	3 
717	7 
718	4 
719	2 
720	1 
721	7 
722	12 
723	4 
724	10 
725	14 
726	12 
727	5 
728	14 
729	11 
730	11 
731	11 
732	14 
733	9 
734	1 
735	9 
736	1 
737	14 
738	12 
739	11 
740	10 
741	14 
742	13 
743	14 
744	11 
745	5 
746	9 
747	10 
748	8 
749	8 
750	7 
751	12 
752	8 
753	5 
754	3 
755	4 
756	8 
757	1 
758	1 
759	6 
760	14 
761	13 
762	2 
763	13 
764	2 
765	8 
766	8 
767	7 
768	9 
769	4 
770	3 
771	2 
772	7 
773	7 
774	2 
775	1 
776	13 
777	10 
778	10 
779	7 
780	3 
781	11 
782	9 
783	10 
784	8 
785	12 
786	10 
787	10 
788	7 
789	8 
790	10 
791	9 
792	7 
793	6 
794	7 
795	12 
796	3 
797	2 
798	14 
799	12 
800	12 
801	12 
802	4 
803	2 
804	14 
805	6 
806	6 
807	13 
808	3 
809	2 
810	14 
811	3 
812	12 
813	11 
814	7 
815	2 
816	8 
817	3 
818	12 
819	1 
820	14 
821	13 
822	5 
823	13 
824	13 
825	13 
826	9 
827	7 
828	8 
829	3 
830	7 
831	8 
832	13 
833	3 
834	10 
835	13 
836	12 
837	10 
838	7 
839	7 
840	10 
841	14 
842	6 
843	8 
844	14 
845	2 
846	5 
847	8 
848	11 
849	4 
850	14 
851	12 
852	5 
853	13 
854	12 
855	14 
856	6 
857	14 
858	3 
859	8 
860	8 
861	4 
862	12 
863	7 
864	5 
865	10 
866	7 
867	6 
868	3 
869	11 
870	5 
871	3 
872	3 
873	9 
874	7 
875	14 
876	1 
877	7 
878	10 
879	2 
880	13 
881	14 
882	12 
883	11 
884	10 
885	6 
886	11 
887	7 
888	14 
889	6 
890	9 
891	8 
892	12 
893	8 
894	8 
895	4 
896	8 
897	8 
898	4 
899	3 
900	14 
901	13 
902	4 
903	9 
904	1 
905	12 
906	10 
907	13 
908	5 
909	2 
910	11 
911	12 
912	9 
913	9 
914	4 
915	7 
916	14 
917	6 
918	2 
919	14 
920	3 
921	2 
922	14 
923	6 
924	12 
925	14 
926	10 
927	12 
928	12 
929	1 
930	4 
931	3 
932	7 
933	14 
934	10 
935	9 
936	6 
937	8 
938	11 
939	12 
940	11 
941	4 
942	8 
943	11 
944	9 
945	11 
946	12 
947	2 
948	5 
949	8 
950	11 
951	4 
952	10 
953	9 
954	8 
955	9 
956	7 
957	8 
958	6 
959	2 
960	14 
961	13 
962	7 
963	12 
964	6 
965	3 
966	13 
967	7 
968	14 
969	5 
970	13 
971	1 
972	4 
973	13 
974	10 
975	13 
976	4 
977	7 
978	8 
979	5 
980	2 
981	12 
982	6 
983	9 
984	11 
985	12 
986	10 
987	11 
988	9 
989	1 
990	7 
991	8 
992	8 
993	7 
994	13 
995	11 
996	8 
997	10 
998	4 
999	7 
1000	12 
