1	9 
2	9 
3	27 
4	10 
5	13 
6	9 
7	18 
8	24 
9	27 
10	7 
11	3 
12	21 
13	8 
14	8 
15	1 
16	23 
17	23 
18	9 
19	4 
20	23 
21	21 
22	16 
23	1 
24	7 
25	23 
26	10 
27	6 
28	10 
29	7 
30	21 
31	1 
32	5 
33	23 
34	5 
35	3 
36	2 
37	8 
38	18 
39	5 
40	23 
41	21 
42	23 
43	22 
44	19 
45	27 
46	23 
47	27 
48	27 
49	26 
50	24 
51	25 
52	25 
53	24 
54	10 
55	6 
56	27 
57	19 
58	3 
59	4 
60	19 
61	27 
62	15 
63	11 
64	20 
65	13 
66	25 
67	16 
68	2 
69	4 
70	17 
71	10 
72	8 
73	15 
74	3 
75	2 
76	8 
77	23 
78	8 
79	5 
80	9 
81	27 
82	5 
83	20 
84	5 
85	13 
86	10 
87	2 
88	1 
89	8 
90	11 
91	26 
92	16 
93	8 
94	9 
95	11 
96	11 
97	3 
98	14 
99	13 
100	2 
101	7 
102	7 
103	28 
104	15 
105	22 
106	1 
107	18 
108	8 
109	26 
110	26 
111	8 
112	20 
113	5 
114	19 
115	21 
116	17 
117	27 
118	6 
119	23 
120	25 
121	8 
122	15 
123	10 
124	2 
125	6 
126	9 
127	25 
128	25 
129	14 
130	2 
131	28 
132	3 
133	28 
134	6 
135	13 
136	18 
137	17 
138	14 
139	8 
140	28 
141	7 
142	8 
143	28 
144	13 
145	14 
146	8 
147	1 
148	8 
149	20 
150	15 
151	3 
152	1 
153	3 
154	2 
155	24 
156	24 
157	11 
158	28 
159	7 
160	14 
161	27 
162	28 
163	21 
164	23 
165	3 
166	22 
167	25 
168	10 
169	23 
170	27 
171	22 
172	20 
173	12 
174	20 
175	25 
176	13 
177	10 
178	24 
179	3 
180	9 
181	2 
182	23 
183	16 
184	16 
185	27 
186	23 
187	2 
188	12 
189	10 
190	24 
191	8 
192	25 
193	22 
194	23 
195	9 
196	9 
197	19 
198	16 
199	10 
200	22 
201	18 
202	19 
203	15 
204	19 
205	9 
206	25 
207	27 
208	24 
209	27 
210	6 
211	5 
212	25 
213	28 
214	23 
215	21 
216	27 
217	23 
218	12 
219	26 
220	7 
221	3 
222	8 
223	5 
224	28 
225	26 
226	16 
227	24 
228	19 
229	22 
230	6 
231	12 
232	25 
233	24 
234	25 
235	11 
236	24 
237	20 
238	10 
239	9 
240	28 
241	9 
242	4 
243	23 
244	11 
245	21 
246	19 
247	5 
248	28 
249	15 
250	20 
251	26 
252	20 
253	3 
254	14 
255	21 
256	2 
257	24 
258	23 
259	5 
260	27 
261	27 
262	18 
263	16 
264	20 
265	6 
266	15 
267	22 
268	18 
269	10 
270	15 
271	23 
272	26 
273	12 
274	20 
275	13 
276	6 
277	26 
278	22 
279	18 
280	5 
281	20 
282	9 
283	24 
284	11 
285	12 
286	13 
287	27 
288	23 
289	6 
290	13 
291	3 
292	25 
293	10 
294	27 
295	22 
296	25 
297	1 
298	22 
299	27 
300	23 
301	14 
302	24 
303	23 
304	16 
305	8 
306	23 
307	15 
308	13 
309	8 
310	4 
311	8 
312	14 
313	24 
314	3 
315	10 
316	6 
317	14 
318	7 
319	17 
320	17 
321	12 
322	24 
323	24 
324	4 
325	20 
326	5 
327	26 
328	8 
329	9 
330	7 
331	2 
332	8 
333	10 
334	27 
335	2 
336	3 
337	3 
338	20 
339	16 
340	17 
341	27 
342	10 
343	18 
344	11 
345	23 
346	14 
347	2 
348	11 
349	15 
350	22 
351	10 
352	11 
353	24 
354	5 
355	23 
356	20 
357	17 
358	21 
359	12 
360	28 
361	24 
362	14 
363	9 
364	4 
365	10 
366	22 
367	8 
368	18 
369	19 
370	24 
371	4 
372	17 
373	19 
374	1 
375	6 
376	7 
377	14 
378	14 
379	10 
380	9 
381	12 
382	3 
383	9 
384	19 
385	14 
386	5 
387	16 
388	15 
389	27 
390	22 
391	8 
392	8 
393	18 
394	18 
395	2 
396	15 
397	8 
398	1 
399	9 
400	5 
401	11 
402	17 
403	7 
404	7 
405	19 
406	22 
407	18 
408	24 
409	25 
410	11 
411	20 
412	27 
413	21 
414	20 
415	9 
416	28 
417	11 
418	27 
419	2 
420	21 
421	24 
422	16 
423	2 
424	22 
425	16 
426	14 
427	13 
428	19 
429	19 
430	2 
431	17 
432	20 
433	17 
434	24 
435	9 
436	16 
437	6 
438	9 
439	24 
440	27 
441	3 
442	8 
443	24 
444	11 
445	20 
446	11 
447	15 
448	27 
449	19 
450	14 
451	4 
452	26 
453	27 
454	8 
455	22 
456	16 
457	26 
458	13 
459	14 
460	13 
461	25 
462	18 
463	23 
464	3 
465	24 
466	24 
467	26 
468	27 
469	24 
470	16 
471	24 
472	16 
473	10 
474	17 
475	2 
476	18 
477	8 
478	2 
479	24 
480	5 
481	21 
482	9 
483	19 
484	6 
485	1 
486	9 
487	5 
488	17 
489	5 
490	18 
491	2 
492	2 
493	27 
494	7 
495	12 
496	14 
497	11 
498	4 
499	17 
500	21 
501	4 
502	11 
503	20 
504	1 
505	19 
506	28 
507	12 
508	18 
509	18 
510	18 
511	12 
512	13 
513	19 
514	19 
515	7 
516	13 
517	25 
518	27 
519	23 
520	20 
521	16 
522	5 
523	16 
524	28 
525	3 
526	4 
527	17 
528	9 
529	11 
530	19 
531	11 
532	10 
533	10 
534	13 
535	21 
536	23 
537	10 
538	18 
539	20 
540	3 
541	9 
542	18 
543	3 
544	26 
545	27 
546	18 
547	18 
548	14 
549	28 
550	23 
551	20 
552	17 
553	3 
554	24 
555	23 
556	11 
557	27 
558	7 
559	1 
560	20 
561	28 
562	20 
563	16 
564	20 
565	23 
566	1 
567	4 
568	1 
569	20 
570	3 
571	9 
572	5 
573	23 
574	11 
575	16 
576	14 
577	6 
578	23 
579	5 
580	28 
581	21 
582	7 
583	17 
584	22 
585	22 
586	8 
587	5 
588	17 
589	4 
590	9 
591	1 
592	11 
593	21 
594	14 
595	2 
596	9 
597	28 
598	14 
599	20 
600	19 
601	13 
602	13 
603	15 
604	10 
605	11 
606	12 
607	4 
608	27 
609	11 
610	8 
611	13 
612	13 
613	23 
614	18 
615	26 
616	21 
617	2 
618	6 
619	17 
620	6 
621	20 
622	3 
623	1 
624	16 
625	23 
626	19 
627	13 
628	6 
629	5 
630	21 
631	2 
632	23 
633	2 
634	18 
635	19 
636	5 
637	9 
638	6 
639	23 
640	14 
641	16 
642	20 
643	8 
644	9 
645	5 
646	1 
647	18 
648	19 
649	16 
650	1 
651	13 
652	4 
653	26 
654	20 
655	15 
656	22 
657	23 
658	20 
659	28 
660	24 
661	5 
662	9 
663	27 
664	19 
665	27 
666	14 
667	27 
668	2 
669	25 
670	13 
671	16 
672	8 
673	13 
674	21 
675	17 
676	16 
677	18 
678	20 
679	5 
680	20 
681	2 
682	14 
683	16 
684	7 
685	23 
686	17 
687	28 
688	4 
689	14 
690	7 
691	16 
692	15 
693	16 
694	10 
695	12 
696	18 
697	3 
698	24 
699	4 
700	20 
701	1 
702	14 
703	11 
704	19 
705	4 
706	16 
707	12 
708	17 
709	23 
710	12 
711	13 
712	11 
713	10 
714	12 
715	23 
716	13 
717	21 
718	19 
719	4 
720	2 
721	24 
722	18 
723	25 
724	7 
725	11 
726	9 
727	5 
728	10 
729	26 
730	13 
731	18 
732	15 
733	12 
734	20 
735	12 
736	14 
737	14 
738	7 
739	12 
740	16 
741	24 
742	15 
743	27 
744	23 
745	2 
746	19 
747	9 
748	2 
749	23 
750	26 
751	14 
752	18 
753	27 
754	28 
755	6 
756	28 
757	20 
758	9 
759	12 
760	8 
761	12 
762	18 
763	4 
764	1 
765	10 
766	6 
767	27 
768	18 
769	25 
770	25 
771	15 
772	2 
773	27 
774	22 
775	27 
776	3 
777	8 
778	1 
779	13 
780	11 
781	5 
782	7 
783	2 
784	2 
785	25 
786	28 
787	8 
788	10 
789	25 
790	27 
791	3 
792	9 
793	11 
794	20 
795	6 
796	16 
797	19 
798	8 
799	10 
800	9 
801	27 
802	10 
803	16 
804	22 
805	27 
806	21 
807	27 
808	18 
809	6 
810	6 
811	4 
812	24 
813	25 
814	20 
815	21 
816	20 
817	1 
818	9 
819	26 
820	13 
821	8 
822	23 
823	18 
824	24 
825	14 
826	11 
827	10 
828	22 
829	19 
830	24 
831	27 
832	6 
833	15 
834	12 
835	5 
836	1 
837	24 
838	16 
839	18 
840	15 
841	9 
842	4 
843	4 
844	8 
845	9 
846	19 
847	15 
848	16 
849	12 
850	27 
851	22 
852	11 
853	18 
854	24 
855	5 
856	20 
857	7 
858	27 
859	20 
860	18 
861	14 
862	27 
863	22 
864	22 
865	28 
866	11 
867	9 
868	3 
869	25 
870	5 
871	26 
872	10 
873	9 
874	20 
875	10 
876	27 
877	22 
878	21 
879	17 
880	28 
881	22 
882	17 
883	21 
884	21 
885	2 
886	5 
887	13 
888	28 
889	25 
890	26 
891	12 
892	22 
893	27 
894	8 
895	15 
896	13 
897	2 
898	13 
899	12 
900	11 
901	10 
902	11 
903	27 
904	20 
905	10 
906	15 
907	1 
908	18 
909	10 
910	21 
911	18 
912	14 
913	18 
914	2 
915	3 
916	7 
917	16 
918	22 
919	12 
920	14 
921	26 
922	7 
923	27 
924	2 
925	2 
926	6 
927	22 
928	2 
929	3 
930	20 
931	5 
932	16 
933	18 
934	14 
935	16 
936	3 
937	9 
938	17 
939	23 
940	16 
941	9 
942	16 
943	16 
944	5 
945	4 
946	5 
947	16 
948	19 
949	26 
950	28 
951	1 
952	10 
953	24 
954	28 
955	26 
956	12 
957	26 
958	20 
959	28 
960	22 
961	26 
962	8 
963	7 
964	4 
965	4 
966	22 
967	16 
968	22 
969	3 
970	26 
971	5 
972	3 
973	25 
974	5 
975	14 
976	18 
977	22 
978	2 
979	19 
980	11 
981	9 
982	21 
983	14 
984	13 
985	2 
986	18 
987	21 
988	14 
989	28 
990	3 
991	2 
992	13 
993	14 
994	13 
995	27 
996	11 
997	28 
998	9 
999	18 
1000	18 
