1	7 
2	9 
3	9 
4	26 
5	2 
6	18 
7	30 
8	25 
9	14 
10	1 
11	4 
12	13 
13	28 
14	15 
15	21 
16	7 
17	6 
18	21 
19	5 
20	27 
21	2 
22	8 
23	20 
24	17 
25	13 
26	27 
27	20 
28	7 
29	6 
30	13 
31	19 
32	20 
33	21 
34	4 
35	6 
36	22 
37	21 
38	27 
39	2 
40	18 
41	30 
42	16 
43	24 
44	7 
45	28 
46	20 
47	9 
48	1 
49	10 
50	2 
51	24 
52	4 
53	4 
54	20 
55	13 
56	2 
57	14 
58	7 
59	5 
60	19 
61	14 
62	20 
63	3 
64	30 
65	29 
66	13 
67	1 
68	8 
69	7 
70	9 
71	21 
72	28 
73	20 
74	27 
75	18 
76	19 
77	16 
78	29 
79	3 
80	15 
81	20 
82	3 
83	8 
84	17 
85	19 
86	25 
87	22 
88	25 
89	26 
90	22 
91	14 
92	10 
93	30 
94	13 
95	19 
96	16 
97	13 
98	7 
99	20 
100	17 
101	4 
102	8 
103	24 
104	11 
105	2 
106	7 
107	1 
108	16 
109	25 
110	19 
111	12 
112	20 
113	24 
114	7 
115	11 
116	20 
117	22 
118	20 
119	30 
120	1 
121	11 
122	10 
123	13 
124	23 
125	5 
126	1 
127	26 
128	14 
129	16 
130	16 
131	8 
132	7 
133	15 
134	19 
135	28 
136	16 
137	5 
138	1 
139	8 
140	6 
141	7 
142	21 
143	4 
144	19 
145	3 
146	12 
147	28 
148	15 
149	12 
150	22 
151	6 
152	24 
153	30 
154	14 
155	14 
156	2 
157	11 
158	28 
159	19 
160	12 
161	28 
162	15 
163	6 
164	16 
165	5 
166	10 
167	7 
168	16 
169	3 
170	5 
171	3 
172	13 
173	17 
174	22 
175	6 
176	26 
177	10 
178	19 
179	9 
180	21 
181	10 
182	24 
183	5 
184	17 
185	25 
186	21 
187	17 
188	18 
189	17 
190	13 
191	15 
192	23 
193	9 
194	29 
195	2 
196	22 
197	4 
198	14 
199	15 
200	9 
201	17 
202	21 
203	12 
204	7 
205	15 
206	7 
207	15 
208	14 
209	18 
210	25 
211	20 
212	28 
213	22 
214	20 
215	14 
216	4 
217	22 
218	2 
219	23 
220	18 
221	2 
222	1 
223	16 
224	25 
225	1 
226	28 
227	12 
228	3 
229	30 
230	2 
231	28 
232	23 
233	20 
234	9 
235	22 
236	24 
237	23 
238	12 
239	25 
240	23 
241	3 
242	2 
243	14 
244	10 
245	3 
246	10 
247	20 
248	4 
249	3 
250	13 
251	8 
252	30 
253	14 
254	10 
255	2 
256	9 
257	6 
258	22 
259	30 
260	19 
261	20 
262	28 
263	16 
264	15 
265	18 
266	4 
267	23 
268	28 
269	29 
270	17 
271	11 
272	1 
273	16 
274	13 
275	21 
276	15 
277	9 
278	8 
279	20 
280	7 
281	12 
282	18 
283	27 
284	9 
285	7 
286	25 
287	29 
288	9 
289	28 
290	29 
291	20 
292	1 
293	11 
294	23 
295	22 
296	4 
297	12 
298	22 
299	10 
300	9 
301	6 
302	17 
303	10 
304	17 
305	11 
306	7 
307	8 
308	9 
309	4 
310	5 
311	5 
312	20 
313	1 
314	11 
315	25 
316	1 
317	19 
318	7 
319	26 
320	3 
321	22 
322	11 
323	26 
324	27 
325	16 
326	20 
327	22 
328	24 
329	17 
330	8 
331	23 
332	19 
333	10 
334	26 
335	10 
336	12 
337	6 
338	2 
339	27 
340	23 
341	22 
342	6 
343	18 
344	15 
345	16 
346	28 
347	24 
348	22 
349	10 
350	10 
351	3 
352	2 
353	22 
354	10 
355	4 
356	8 
357	7 
358	27 
359	18 
360	26 
361	11 
362	13 
363	16 
364	27 
365	13 
366	20 
367	30 
368	19 
369	17 
370	3 
371	21 
372	7 
373	12 
374	21 
375	1 
376	17 
377	7 
378	19 
379	6 
380	13 
381	11 
382	28 
383	13 
384	2 
385	21 
386	2 
387	15 
388	16 
389	6 
390	30 
391	21 
392	8 
393	29 
394	5 
395	17 
396	20 
397	14 
398	7 
399	26 
400	11 
401	4 
402	22 
403	2 
404	29 
405	4 
406	24 
407	28 
408	5 
409	26 
410	1 
411	20 
412	2 
413	1 
414	15 
415	20 
416	24 
417	28 
418	27 
419	21 
420	29 
421	25 
422	13 
423	16 
424	24 
425	25 
426	18 
427	19 
428	10 
429	13 
430	30 
431	22 
432	6 
433	10 
434	24 
435	29 
436	5 
437	26 
438	9 
439	6 
440	28 
441	7 
442	28 
443	17 
444	10 
445	28 
446	13 
447	21 
448	11 
449	30 
450	14 
451	25 
452	10 
453	18 
454	15 
455	7 
456	9 
457	6 
458	18 
459	4 
460	13 
461	20 
462	10 
463	17 
464	8 
465	6 
466	17 
467	28 
468	24 
469	4 
470	14 
471	26 
472	13 
473	4 
474	29 
475	3 
476	30 
477	30 
478	28 
479	15 
480	26 
481	9 
482	5 
483	2 
484	24 
485	24 
486	8 
487	10 
488	14 
489	9 
490	27 
491	30 
492	28 
493	3 
494	19 
495	28 
496	28 
497	10 
498	25 
499	22 
500	26 
501	1 
502	24 
503	29 
504	6 
505	29 
506	3 
507	27 
508	15 
509	16 
510	10 
511	29 
512	10 
513	11 
514	29 
515	30 
516	19 
517	9 
518	5 
519	26 
520	7 
521	3 
522	7 
523	9 
524	20 
525	6 
526	18 
527	17 
528	9 
529	5 
530	29 
531	27 
532	22 
533	5 
534	28 
535	18 
536	29 
537	25 
538	29 
539	28 
540	26 
541	17 
542	30 
543	10 
544	11 
545	11 
546	4 
547	11 
548	24 
549	12 
550	8 
551	27 
552	9 
553	18 
554	6 
555	29 
556	24 
557	18 
558	4 
559	4 
560	2 
561	27 
562	16 
563	28 
564	9 
565	29 
566	11 
567	15 
568	23 
569	24 
570	11 
571	14 
572	5 
573	24 
574	12 
575	16 
576	26 
577	19 
578	5 
579	28 
580	11 
581	12 
582	10 
583	9 
584	22 
585	18 
586	14 
587	23 
588	2 
589	30 
590	2 
591	29 
592	1 
593	18 
594	18 
595	17 
596	2 
597	26 
598	28 
599	12 
600	1 
601	9 
602	13 
603	7 
604	18 
605	11 
606	5 
607	3 
608	9 
609	5 
610	28 
611	27 
612	20 
613	17 
614	22 
615	22 
616	10 
617	4 
618	14 
619	24 
620	23 
621	4 
622	4 
623	6 
624	22 
625	2 
626	1 
627	21 
628	15 
629	18 
630	29 
631	7 
632	5 
633	12 
634	15 
635	6 
636	11 
637	13 
638	2 
639	29 
640	17 
641	22 
642	20 
643	18 
644	24 
645	22 
646	4 
647	25 
648	24 
649	16 
650	7 
651	15 
652	26 
653	3 
654	23 
655	20 
656	12 
657	21 
658	11 
659	15 
660	3 
661	18 
662	2 
663	24 
664	8 
665	27 
666	22 
667	6 
668	22 
669	17 
670	4 
671	24 
672	9 
673	12 
674	14 
675	20 
676	27 
677	6 
678	22 
679	21 
680	15 
681	16 
682	12 
683	8 
684	24 
685	13 
686	21 
687	25 
688	15 
689	25 
690	24 
691	29 
692	9 
693	27 
694	20 
695	15 
696	21 
697	19 
698	17 
699	26 
700	22 
701	20 
702	1 
703	16 
704	25 
705	12 
706	11 
707	30 
708	3 
709	16 
710	21 
711	26 
712	24 
713	7 
714	19 
715	29 
716	17 
717	7 
718	19 
719	15 
720	30 
721	20 
722	9 
723	24 
724	6 
725	18 
726	11 
727	13 
728	22 
729	8 
730	14 
731	30 
732	30 
733	27 
734	18 
735	25 
736	11 
737	2 
738	17 
739	1 
740	9 
741	26 
742	14 
743	4 
744	14 
745	23 
746	25 
747	4 
748	3 
749	20 
750	8 
751	28 
752	9 
753	20 
754	22 
755	27 
756	15 
757	17 
758	27 
759	22 
760	18 
761	26 
762	22 
763	23 
764	29 
765	20 
766	13 
767	9 
768	20 
769	16 
770	16 
771	3 
772	14 
773	8 
774	22 
775	23 
776	10 
777	23 
778	12 
779	28 
780	1 
781	30 
782	17 
783	16 
784	23 
785	8 
786	11 
787	18 
788	10 
789	29 
790	29 
791	4 
792	29 
793	24 
794	4 
795	3 
796	7 
797	26 
798	22 
799	21 
800	11 
801	23 
802	12 
803	24 
804	17 
805	16 
806	28 
807	21 
808	22 
809	8 
810	20 
811	8 
812	11 
813	15 
814	28 
815	15 
816	26 
817	27 
818	29 
819	11 
820	14 
821	24 
822	14 
823	27 
824	29 
825	2 
826	7 
827	14 
828	17 
829	12 
830	22 
831	10 
832	19 
833	23 
834	21 
835	1 
836	3 
837	30 
838	11 
839	26 
840	22 
841	16 
842	27 
843	25 
844	7 
845	28 
846	12 
847	3 
848	5 
849	25 
850	11 
851	7 
852	1 
853	3 
854	25 
855	22 
856	4 
857	3 
858	13 
859	7 
860	7 
861	27 
862	23 
863	23 
864	25 
865	26 
866	25 
867	5 
868	4 
869	13 
870	15 
871	20 
872	16 
873	28 
874	18 
875	15 
876	15 
877	9 
878	20 
879	9 
880	28 
881	23 
882	24 
883	2 
884	22 
885	29 
886	13 
887	18 
888	9 
889	1 
890	11 
891	4 
892	7 
893	22 
894	15 
895	9 
896	4 
897	29 
898	6 
899	5 
900	2 
901	4 
902	29 
903	10 
904	18 
905	9 
906	29 
907	10 
908	29 
909	17 
910	8 
911	28 
912	27 
913	20 
914	3 
915	21 
916	19 
917	12 
918	1 
919	8 
920	1 
921	29 
922	20 
923	13 
924	13 
925	11 
926	17 
927	10 
928	12 
929	22 
930	5 
931	6 
932	13 
933	21 
934	27 
935	9 
936	30 
937	11 
938	3 
939	1 
940	14 
941	13 
942	1 
943	9 
944	12 
945	17 
946	8 
947	11 
948	14 
949	28 
950	9 
951	6 
952	28 
953	29 
954	7 
955	2 
956	24 
957	16 
958	13 
959	26 
960	7 
961	2 
962	1 
963	11 
964	7 
965	10 
966	17 
967	21 
968	18 
969	12 
970	11 
971	28 
972	13 
973	28 
974	24 
975	13 
976	10 
977	4 
978	13 
979	4 
980	2 
981	13 
982	21 
983	11 
984	10 
985	29 
986	7 
987	17 
988	4 
989	11 
990	16 
991	4 
992	13 
993	7 
994	2 
995	9 
996	13 
997	4 
998	10 
999	22 
1000	17 
