1	8 
2	1 
3	8 
4	22 
5	24 
6	2 
7	4 
8	12 
9	4 
10	3 
11	6 
12	18 
13	3 
14	30 
15	13 
16	22 
17	3 
18	10 
19	18 
20	11 
21	22 
22	26 
23	4 
24	4 
25	19 
26	12 
27	24 
28	21 
29	1 
30	4 
31	26 
32	25 
33	8 
34	13 
35	6 
36	2 
37	26 
38	20 
39	13 
40	17 
41	4 
42	14 
43	19 
44	28 
45	24 
46	13 
47	5 
48	27 
49	17 
50	1 
51	19 
52	6 
53	22 
54	15 
55	28 
56	9 
57	5 
58	25 
59	14 
60	26 
61	23 
62	18 
63	24 
64	13 
65	21 
66	19 
67	4 
68	13 
69	18 
70	3 
71	5 
72	13 
73	11 
74	15 
75	14 
76	15 
77	2 
78	20 
79	2 
80	11 
81	5 
82	19 
83	10 
84	16 
85	19 
86	6 
87	4 
88	10 
89	16 
90	2 
91	17 
92	22 
93	9 
94	3 
95	20 
96	1 
97	15 
98	3 
99	22 
100	17 
101	14 
102	30 
103	24 
104	19 
105	27 
106	14 
107	19 
108	7 
109	10 
110	3 
111	1 
112	17 
113	10 
114	21 
115	30 
116	12 
117	2 
118	3 
119	7 
120	7 
121	5 
122	5 
123	10 
124	25 
125	8 
126	24 
127	23 
128	8 
129	25 
130	15 
131	20 
132	4 
133	24 
134	16 
135	27 
136	7 
137	9 
138	17 
139	3 
140	1 
141	22 
142	25 
143	14 
144	8 
145	24 
146	2 
147	23 
148	3 
149	15 
150	11 
151	13 
152	7 
153	24 
154	21 
155	4 
156	21 
157	12 
158	21 
159	27 
160	25 
161	16 
162	28 
163	8 
164	24 
165	4 
166	16 
167	7 
168	20 
169	30 
170	5 
171	29 
172	30 
173	13 
174	7 
175	8 
176	14 
177	14 
178	9 
179	14 
180	17 
181	25 
182	29 
183	20 
184	16 
185	23 
186	5 
187	25 
188	5 
189	7 
190	4 
191	2 
192	2 
193	6 
194	24 
195	20 
196	21 
197	26 
198	8 
199	6 
200	3 
201	8 
202	1 
203	29 
204	25 
205	9 
206	25 
207	2 
208	16 
209	28 
210	25 
211	6 
212	27 
213	20 
214	3 
215	28 
216	26 
217	29 
218	3 
219	29 
220	13 
221	29 
222	23 
223	10 
224	6 
225	28 
226	29 
227	22 
228	10 
229	23 
230	20 
231	19 
232	16 
233	27 
234	2 
235	4 
236	12 
237	27 
238	10 
239	18 
240	30 
241	26 
242	4 
243	30 
244	19 
245	12 
246	19 
247	7 
248	8 
249	16 
250	10 
251	14 
252	10 
253	12 
254	27 
255	23 
256	9 
257	4 
258	3 
259	28 
260	4 
261	17 
262	16 
263	2 
264	25 
265	30 
266	23 
267	30 
268	2 
269	18 
270	17 
271	29 
272	14 
273	13 
274	11 
275	15 
276	22 
277	22 
278	1 
279	22 
280	26 
281	20 
282	11 
283	11 
284	17 
285	16 
286	17 
287	17 
288	14 
289	28 
290	16 
291	24 
292	27 
293	4 
294	6 
295	5 
296	16 
297	9 
298	11 
299	27 
300	14 
301	18 
302	23 
303	9 
304	25 
305	18 
306	3 
307	5 
308	27 
309	26 
310	13 
311	9 
312	29 
313	11 
314	30 
315	3 
316	25 
317	22 
318	18 
319	6 
320	20 
321	10 
322	2 
323	2 
324	26 
325	20 
326	3 
327	12 
328	13 
329	16 
330	28 
331	22 
332	5 
333	4 
334	24 
335	9 
336	24 
337	3 
338	2 
339	5 
340	23 
341	17 
342	28 
343	5 
344	6 
345	5 
346	30 
347	8 
348	9 
349	1 
350	12 
351	30 
352	23 
353	22 
354	15 
355	8 
356	22 
357	7 
358	18 
359	27 
360	22 
361	27 
362	14 
363	27 
364	10 
365	2 
366	27 
367	3 
368	1 
369	14 
370	10 
371	12 
372	18 
373	27 
374	13 
375	11 
376	30 
377	21 
378	24 
379	28 
380	29 
381	5 
382	14 
383	4 
384	20 
385	23 
386	4 
387	14 
388	15 
389	17 
390	12 
391	5 
392	3 
393	25 
394	20 
395	8 
396	30 
397	14 
398	2 
399	22 
400	11 
401	12 
402	10 
403	22 
404	4 
405	23 
406	8 
407	3 
408	15 
409	1 
410	28 
411	2 
412	24 
413	25 
414	10 
415	27 
416	21 
417	26 
418	18 
419	24 
420	18 
421	11 
422	9 
423	9 
424	26 
425	17 
426	19 
427	25 
428	28 
429	15 
430	15 
431	2 
432	21 
433	8 
434	17 
435	14 
436	21 
437	2 
438	1 
439	16 
440	15 
441	14 
442	8 
443	6 
444	23 
445	8 
446	3 
447	13 
448	20 
449	22 
450	16 
451	23 
452	2 
453	28 
454	2 
455	15 
456	22 
457	13 
458	18 
459	14 
460	19 
461	26 
462	18 
463	4 
464	21 
465	29 
466	26 
467	15 
468	5 
469	10 
470	27 
471	1 
472	15 
473	12 
474	11 
475	4 
476	10 
477	19 
478	24 
479	14 
480	20 
481	10 
482	21 
483	16 
484	5 
485	6 
486	18 
487	18 
488	12 
489	18 
490	12 
491	27 
492	26 
493	2 
494	18 
495	28 
496	23 
497	23 
498	18 
499	3 
500	27 
501	29 
502	7 
503	13 
504	24 
505	15 
506	7 
507	6 
508	29 
509	20 
510	26 
511	19 
512	30 
513	19 
514	14 
515	11 
516	16 
517	22 
518	11 
519	2 
520	5 
521	24 
522	3 
523	22 
524	4 
525	3 
526	30 
527	18 
528	28 
529	20 
530	20 
531	28 
532	11 
533	16 
534	24 
535	30 
536	7 
537	30 
538	3 
539	21 
540	4 
541	9 
542	9 
543	16 
544	20 
545	27 
546	9 
547	17 
548	15 
549	3 
550	6 
551	30 
552	3 
553	1 
554	11 
555	27 
556	18 
557	4 
558	26 
559	24 
560	7 
561	18 
562	4 
563	13 
564	23 
565	28 
566	2 
567	14 
568	15 
569	18 
570	3 
571	27 
572	28 
573	6 
574	4 
575	19 
576	20 
577	6 
578	25 
579	20 
580	10 
581	10 
582	20 
583	11 
584	7 
585	22 
586	1 
587	1 
588	2 
589	15 
590	15 
591	6 
592	4 
593	5 
594	30 
595	22 
596	25 
597	30 
598	4 
599	7 
600	7 
601	7 
602	18 
603	18 
604	9 
605	30 
606	5 
607	10 
608	16 
609	29 
610	15 
611	11 
612	13 
613	29 
614	24 
615	25 
616	15 
617	19 
618	4 
619	3 
620	27 
621	10 
622	4 
623	28 
624	23 
625	19 
626	6 
627	19 
628	17 
629	2 
630	20 
631	25 
632	4 
633	1 
634	1 
635	7 
636	6 
637	10 
638	12 
639	9 
640	26 
641	11 
642	14 
643	20 
644	8 
645	17 
646	28 
647	13 
648	6 
649	21 
650	4 
651	6 
652	16 
653	6 
654	18 
655	22 
656	1 
657	17 
658	27 
659	23 
660	29 
661	23 
662	27 
663	28 
664	1 
665	10 
666	23 
667	16 
668	28 
669	16 
670	30 
671	13 
672	8 
673	25 
674	7 
675	2 
676	1 
677	18 
678	10 
679	6 
680	22 
681	25 
682	10 
683	22 
684	5 
685	14 
686	14 
687	19 
688	10 
689	9 
690	9 
691	17 
692	6 
693	10 
694	14 
695	1 
696	19 
697	12 
698	1 
699	26 
700	18 
701	26 
702	18 
703	1 
704	10 
705	20 
706	15 
707	14 
708	2 
709	25 
710	21 
711	29 
712	2 
713	26 
714	13 
715	3 
716	24 
717	19 
718	18 
719	18 
720	21 
721	22 
722	29 
723	22 
724	8 
725	20 
726	21 
727	13 
728	18 
729	3 
730	2 
731	26 
732	24 
733	18 
734	1 
735	8 
736	27 
737	18 
738	25 
739	26 
740	13 
741	20 
742	11 
743	5 
744	29 
745	6 
746	29 
747	13 
748	9 
749	5 
750	22 
751	12 
752	26 
753	10 
754	2 
755	20 
756	19 
757	27 
758	14 
759	14 
760	19 
761	30 
762	20 
763	6 
764	23 
765	17 
766	15 
767	30 
768	4 
769	1 
770	24 
771	20 
772	27 
773	22 
774	5 
775	3 
776	2 
777	4 
778	22 
779	19 
780	26 
781	23 
782	13 
783	21 
784	1 
785	28 
786	15 
787	2 
788	12 
789	5 
790	8 
791	17 
792	22 
793	24 
794	5 
795	6 
796	8 
797	22 
798	3 
799	28 
800	25 
801	5 
802	10 
803	6 
804	16 
805	1 
806	2 
807	5 
808	25 
809	15 
810	4 
811	7 
812	11 
813	22 
814	12 
815	5 
816	9 
817	6 
818	5 
819	1 
820	28 
821	15 
822	28 
823	24 
824	29 
825	10 
826	26 
827	14 
828	1 
829	23 
830	26 
831	28 
832	24 
833	27 
834	13 
835	7 
836	4 
837	2 
838	18 
839	28 
840	10 
841	29 
842	12 
843	11 
844	8 
845	12 
846	27 
847	21 
848	1 
849	21 
850	18 
851	4 
852	5 
853	5 
854	9 
855	18 
856	7 
857	22 
858	7 
859	8 
860	3 
861	7 
862	7 
863	8 
864	3 
865	4 
866	5 
867	24 
868	3 
869	21 
870	7 
871	12 
872	16 
873	2 
874	11 
875	14 
876	16 
877	27 
878	19 
879	3 
880	27 
881	1 
882	14 
883	3 
884	15 
885	28 
886	13 
887	16 
888	2 
889	28 
890	17 
891	24 
892	26 
893	11 
894	15 
895	5 
896	12 
897	5 
898	29 
899	9 
900	21 
901	25 
902	21 
903	20 
904	8 
905	18 
906	20 
907	5 
908	8 
909	1 
910	14 
911	14 
912	2 
913	27 
914	7 
915	2 
916	6 
917	11 
918	28 
919	1 
920	11 
921	8 
922	6 
923	10 
924	3 
925	25 
926	28 
927	13 
928	23 
929	19 
930	27 
931	15 
932	19 
933	30 
934	24 
935	29 
936	7 
937	12 
938	8 
939	24 
940	28 
941	12 
942	9 
943	28 
944	11 
945	29 
946	26 
947	7 
948	3 
949	16 
950	22 
951	2 
952	15 
953	19 
954	20 
955	20 
956	2 
957	8 
958	5 
959	23 
960	8 
961	11 
962	13 
963	26 
964	7 
965	16 
966	20 
967	19 
968	27 
969	7 
970	23 
971	22 
972	1 
973	24 
974	14 
975	8 
976	28 
977	18 
978	4 
979	3 
980	15 
981	10 
982	3 
983	2 
984	2 
985	24 
986	23 
987	11 
988	14 
989	15 
990	10 
991	18 
992	20 
993	27 
994	18 
995	24 
996	1 
997	15 
998	4 
999	4 
1000	15 
