1	12 
2	1 
3	3 
4	10 
5	6 
6	7 
7	4 
8	8 
9	10 
10	10 
11	7 
12	15 
13	11 
14	2 
15	8 
16	6 
17	4 
18	3 
19	4 
20	2 
21	6 
22	6 
23	8 
24	6 
25	8 
26	13 
27	12 
28	13 
29	12 
30	10 
31	10 
32	8 
33	14 
34	8 
35	1 
36	3 
37	14 
38	13 
39	4 
40	7 
41	6 
42	5 
43	10 
44	10 
45	12 
46	9 
47	11 
48	3 
49	1 
50	10 
51	13 
52	4 
53	7 
54	9 
55	7 
56	3 
57	5 
58	2 
59	5 
60	5 
61	2 
62	5 
63	9 
64	4 
65	14 
66	8 
67	15 
68	3 
69	8 
70	5 
71	6 
72	3 
73	4 
74	2 
75	4 
76	4 
77	13 
78	11 
79	15 
80	2 
81	9 
82	14 
83	10 
84	3 
85	4 
86	15 
87	15 
88	15 
89	6 
90	5 
91	14 
92	2 
93	6 
94	6 
95	10 
96	10 
97	6 
98	11 
99	8 
100	7 
101	3 
102	13 
103	7 
104	10 
105	6 
106	5 
107	6 
108	8 
109	15 
110	12 
111	9 
112	7 
113	4 
114	2 
115	4 
116	1 
117	15 
118	14 
119	1 
120	10 
121	12 
122	11 
123	1 
124	7 
125	10 
126	6 
127	4 
128	10 
129	8 
130	1 
131	12 
132	1 
133	2 
134	10 
135	12 
136	2 
137	1 
138	3 
139	11 
140	1 
141	5 
142	14 
143	15 
144	11 
145	2 
146	4 
147	4 
148	8 
149	6 
150	8 
151	12 
152	2 
153	14 
154	6 
155	11 
156	10 
157	15 
158	6 
159	1 
160	1 
161	2 
162	6 
163	11 
164	8 
165	14 
166	1 
167	13 
168	4 
169	1 
170	12 
171	9 
172	4 
173	5 
174	13 
175	8 
176	10 
177	8 
178	4 
179	13 
180	13 
181	13 
182	2 
183	6 
184	5 
185	4 
186	13 
187	8 
188	10 
189	4 
190	7 
191	8 
192	14 
193	8 
194	8 
195	7 
196	14 
197	7 
198	7 
199	10 
200	3 
201	6 
202	9 
203	7 
204	14 
205	15 
206	7 
207	3 
208	2 
209	6 
210	10 
211	8 
212	15 
213	9 
214	5 
215	7 
216	5 
217	12 
218	14 
219	7 
220	5 
221	4 
222	10 
223	10 
224	7 
225	6 
226	9 
227	3 
228	13 
229	12 
230	12 
231	4 
232	7 
233	8 
234	12 
235	10 
236	1 
237	4 
238	6 
239	8 
240	8 
241	14 
242	6 
243	11 
244	6 
245	9 
246	8 
247	8 
248	6 
249	7 
250	13 
251	11 
252	1 
253	1 
254	7 
255	12 
256	5 
257	15 
258	1 
259	10 
260	6 
261	4 
262	12 
263	7 
264	15 
265	13 
266	10 
267	11 
268	14 
269	2 
270	12 
271	13 
272	9 
273	7 
274	2 
275	7 
276	15 
277	5 
278	2 
279	2 
280	6 
281	10 
282	14 
283	6 
284	8 
285	1 
286	3 
287	10 
288	8 
289	3 
290	6 
291	4 
292	2 
293	14 
294	15 
295	10 
296	15 
297	4 
298	15 
299	2 
300	8 
301	3 
302	6 
303	14 
304	15 
305	6 
306	12 
307	4 
308	8 
309	13 
310	2 
311	10 
312	7 
313	13 
314	10 
315	13 
316	1 
317	8 
318	1 
319	7 
320	14 
321	6 
322	1 
323	14 
324	3 
325	8 
326	14 
327	15 
328	4 
329	14 
330	10 
331	10 
332	2 
333	11 
334	4 
335	5 
336	7 
337	5 
338	10 
339	10 
340	8 
341	3 
342	1 
343	11 
344	1 
345	1 
346	11 
347	7 
348	14 
349	11 
350	6 
351	8 
352	10 
353	13 
354	7 
355	1 
356	7 
357	5 
358	9 
359	8 
360	14 
361	13 
362	7 
363	9 
364	6 
365	9 
366	3 
367	15 
368	9 
369	15 
370	6 
371	5 
372	12 
373	8 
374	14 
375	11 
376	14 
377	8 
378	10 
379	8 
380	6 
381	11 
382	11 
383	8 
384	12 
385	4 
386	4 
387	8 
388	3 
389	1 
390	12 
391	1 
392	15 
393	7 
394	6 
395	11 
396	14 
397	14 
398	11 
399	10 
400	12 
401	7 
402	3 
403	6 
404	7 
405	3 
406	7 
407	9 
408	4 
409	2 
410	14 
411	6 
412	11 
413	10 
414	15 
415	3 
416	8 
417	5 
418	3 
419	12 
420	7 
421	10 
422	5 
423	7 
424	2 
425	2 
426	13 
427	4 
428	9 
429	9 
430	2 
431	10 
432	8 
433	5 
434	15 
435	5 
436	3 
437	9 
438	14 
439	13 
440	9 
441	1 
442	1 
443	3 
444	12 
445	6 
446	15 
447	9 
448	6 
449	8 
450	12 
451	11 
452	10 
453	15 
454	14 
455	6 
456	9 
457	3 
458	3 
459	6 
460	7 
461	5 
462	14 
463	11 
464	1 
465	6 
466	8 
467	6 
468	2 
469	11 
470	6 
471	8 
472	6 
473	9 
474	13 
475	6 
476	2 
477	4 
478	15 
479	5 
480	1 
481	7 
482	13 
483	9 
484	13 
485	4 
486	8 
487	6 
488	4 
489	3 
490	2 
491	12 
492	2 
493	14 
494	2 
495	10 
496	3 
497	12 
498	2 
499	1 
500	13 
501	12 
502	9 
503	15 
504	7 
505	5 
506	11 
507	8 
508	1 
509	11 
510	2 
511	7 
512	9 
513	14 
514	11 
515	1 
516	4 
517	4 
518	13 
519	6 
520	7 
521	7 
522	6 
523	12 
524	12 
525	4 
526	4 
527	8 
528	14 
529	2 
530	4 
531	14 
532	10 
533	9 
534	11 
535	8 
536	2 
537	4 
538	9 
539	8 
540	5 
541	14 
542	6 
543	6 
544	5 
545	12 
546	8 
547	14 
548	3 
549	10 
550	12 
551	5 
552	10 
553	3 
554	8 
555	4 
556	13 
557	8 
558	5 
559	12 
560	7 
561	5 
562	6 
563	2 
564	10 
565	3 
566	8 
567	15 
568	4 
569	10 
570	13 
571	2 
572	12 
573	7 
574	9 
575	12 
576	1 
577	1 
578	4 
579	4 
580	14 
581	10 
582	10 
583	12 
584	14 
585	14 
586	6 
587	7 
588	3 
589	2 
590	15 
591	9 
592	6 
593	2 
594	7 
595	6 
596	11 
597	7 
598	8 
599	10 
600	9 
601	8 
602	3 
603	9 
604	7 
605	9 
606	8 
607	4 
608	12 
609	13 
610	10 
611	5 
612	10 
613	10 
614	11 
615	13 
616	10 
617	1 
618	9 
619	6 
620	6 
621	2 
622	2 
623	15 
624	15 
625	7 
626	15 
627	11 
628	11 
629	3 
630	10 
631	3 
632	8 
633	10 
634	3 
635	10 
636	10 
637	9 
638	7 
639	12 
640	1 
641	1 
642	13 
643	6 
644	13 
645	13 
646	8 
647	10 
648	10 
649	4 
650	12 
651	12 
652	4 
653	1 
654	4 
655	10 
656	12 
657	8 
658	1 
659	4 
660	8 
661	7 
662	7 
663	6 
664	11 
665	8 
666	9 
667	4 
668	8 
669	2 
670	14 
671	6 
672	6 
673	2 
674	8 
675	8 
676	11 
677	14 
678	2 
679	2 
680	7 
681	14 
682	9 
683	4 
684	10 
685	14 
686	6 
687	6 
688	11 
689	9 
690	4 
691	2 
692	12 
693	6 
694	6 
695	12 
696	11 
697	11 
698	2 
699	7 
700	4 
701	8 
702	1 
703	11 
704	3 
705	6 
706	1 
707	2 
708	6 
709	3 
710	11 
711	4 
712	12 
713	1 
714	11 
715	10 
716	10 
717	4 
718	11 
719	10 
720	4 
721	6 
722	7 
723	7 
724	14 
725	6 
726	1 
727	1 
728	8 
729	8 
730	12 
731	6 
732	2 
733	4 
734	2 
735	2 
736	4 
737	10 
738	12 
739	7 
740	14 
741	7 
742	4 
743	6 
744	12 
745	4 
746	12 
747	10 
748	12 
749	2 
750	1 
751	12 
752	4 
753	6 
754	8 
755	6 
756	6 
757	10 
758	8 
759	10 
760	2 
761	4 
762	2 
763	6 
764	8 
765	6 
766	2 
767	8 
768	4 
769	8 
770	2 
771	11 
772	11 
773	1 
774	12 
775	8 
776	11 
777	8 
778	14 
779	1 
780	4 
781	12 
782	2 
783	12 
784	11 
785	10 
786	12 
787	12 
788	2 
789	2 
790	8 
791	7 
792	10 
793	2 
794	4 
795	10 
796	1 
797	4 
798	4 
799	12 
800	1 
801	8 
802	7 
803	10 
804	4 
805	14 
806	2 
807	4 
808	10 
809	7 
810	7 
811	7 
812	14 
813	2 
814	7 
815	10 
816	7 
817	7 
818	4 
819	10 
820	4 
821	6 
822	4 
823	14 
824	10 
825	6 
826	14 
827	8 
828	8 
829	6 
830	10 
831	4 
832	6 
833	14 
834	4 
835	10 
836	1 
837	12 
838	7 
839	8 
840	10 
841	14 
842	1 
843	4 
844	4 
845	7 
846	2 
847	7 
848	7 
849	1 
850	6 
851	2 
852	10 
853	14 
854	10 
855	7 
856	4 
857	7 
858	10 
859	6 
860	2 
861	1 
862	8 
863	1 
864	2 
865	4 
866	8 
867	10 
868	4 
869	2 
870	7 
871	6 
872	10 
873	1 
874	14 
875	6 
876	6 
877	10 
878	8 
879	8 
880	7 
881	6 
882	6 
883	10 
884	8 
885	2 
886	4 
887	8 
888	10 
889	10 
890	2 
891	14 
892	12 
893	2 
894	10 
895	4 
896	12 
897	1 
898	6 
899	8 
900	7 
901	12 
902	14 
903	7 
904	8 
905	10 
906	10 
907	8 
908	12 
909	6 
910	2 
911	8 
912	7 
913	6 
914	4 
915	10 
916	4 
917	8 
918	12 
919	6 
920	1 
921	8 
922	4 
923	10 
924	2 
925	2 
926	10 
927	8 
928	7 
929	8 
930	6 
931	4 
932	6 
933	8 
934	7 
935	4 
936	4 
937	7 
938	6 
939	2 
940	2 
941	4 
942	8 
943	8 
944	8 
945	10 
946	10 
947	8 
948	7 
949	4 
950	2 
951	7 
952	8 
953	10 
954	6 
955	8 
956	6 
957	6 
958	6 
959	2 
960	10 
961	6 
962	10 
963	4 
964	8 
965	4 
966	8 
967	4 
968	2 
969	4 
970	7 
971	10 
972	7 
973	10 
974	10 
975	6 
976	10 
977	4 
978	2 
979	2 
980	2 
981	6 
982	10 
983	8 
984	2 
985	6 
986	4 
987	10 
988	4 
989	2 
990	8 
991	4 
992	2 
993	8 
994	7 
995	4 
996	4 
997	4 
998	10 
999	8 
1000	10 
