1	20 
2	4 
3	5 
4	17 
5	3 
6	6 
7	8 
8	13 
9	11 
10	16 
11	12 
12	5 
13	7 
14	10 
15	7 
16	18 
17	16 
18	2 
19	12 
20	7 
21	4 
22	20 
23	12 
24	1 
25	18 
26	16 
27	6 
28	3 
29	11 
30	1 
31	4 
32	18 
33	6 
34	15 
35	11 
36	17 
37	6 
38	18 
39	12 
40	16 
41	13 
42	6 
43	5 
44	4 
45	5 
46	12 
47	9 
48	4 
49	15 
50	15 
51	14 
52	5 
53	14 
54	20 
55	2 
56	19 
57	6 
58	1 
59	15 
60	11 
61	19 
62	16 
63	18 
64	1 
65	15 
66	7 
67	5 
68	4 
69	3 
70	9 
71	18 
72	5 
73	7 
74	6 
75	13 
76	9 
77	20 
78	11 
79	13 
80	5 
81	11 
82	1 
83	5 
84	11 
85	15 
86	8 
87	16 
88	1 
89	19 
90	12 
91	8 
92	8 
93	14 
94	11 
95	13 
96	15 
97	18 
98	16 
99	5 
100	17 
101	4 
102	9 
103	15 
104	12 
105	11 
106	8 
107	1 
108	17 
109	13 
110	9 
111	10 
112	14 
113	20 
114	19 
115	7 
116	7 
117	13 
118	3 
119	10 
120	4 
121	11 
122	11 
123	16 
124	12 
125	11 
126	6 
127	17 
128	13 
129	16 
130	10 
131	7 
132	6 
133	20 
134	1 
135	20 
136	7 
137	9 
138	14 
139	10 
140	5 
141	7 
142	20 
143	8 
144	1 
145	7 
146	14 
147	4 
148	6 
149	12 
150	3 
151	13 
152	12 
153	7 
154	2 
155	19 
156	13 
157	20 
158	18 
159	3 
160	5 
161	9 
162	14 
163	7 
164	13 
165	16 
166	1 
167	3 
168	3 
169	14 
170	9 
171	17 
172	3 
173	15 
174	10 
175	8 
176	12 
177	16 
178	1 
179	20 
180	20 
181	3 
182	4 
183	11 
184	19 
185	8 
186	8 
187	2 
188	5 
189	10 
190	4 
191	13 
192	7 
193	19 
194	7 
195	3 
196	15 
197	13 
198	18 
199	4 
200	12 
201	12 
202	20 
203	15 
204	10 
205	7 
206	16 
207	8 
208	11 
209	9 
210	2 
211	9 
212	14 
213	16 
214	3 
215	14 
216	19 
217	18 
218	15 
219	14 
220	12 
221	7 
222	11 
223	16 
224	17 
225	18 
226	17 
227	14 
228	14 
229	11 
230	13 
231	1 
232	11 
233	3 
234	18 
235	5 
236	16 
237	20 
238	5 
239	12 
240	5 
241	5 
242	9 
243	19 
244	15 
245	6 
246	17 
247	9 
248	2 
249	17 
250	8 
251	2 
252	20 
253	9 
254	19 
255	15 
256	4 
257	18 
258	7 
259	16 
260	5 
261	12 
262	8 
263	8 
264	9 
265	1 
266	3 
267	18 
268	6 
269	17 
270	14 
271	10 
272	17 
273	2 
274	6 
275	7 
276	9 
277	15 
278	19 
279	10 
280	1 
281	4 
282	9 
283	6 
284	8 
285	13 
286	6 
287	10 
288	6 
289	12 
290	13 
291	3 
292	11 
293	8 
294	3 
295	14 
296	12 
297	2 
298	18 
299	4 
300	8 
301	19 
302	20 
303	11 
304	19 
305	5 
306	13 
307	18 
308	9 
309	17 
310	4 
311	11 
312	11 
313	12 
314	13 
315	3 
316	4 
317	18 
318	13 
319	10 
320	9 
321	20 
322	1 
323	14 
324	13 
325	16 
326	13 
327	9 
328	10 
329	19 
330	4 
331	12 
332	15 
333	16 
334	4 
335	18 
336	1 
337	10 
338	11 
339	20 
340	14 
341	9 
342	9 
343	1 
344	2 
345	13 
346	4 
347	2 
348	2 
349	20 
350	11 
351	17 
352	6 
353	8 
354	15 
355	11 
356	13 
357	15 
358	3 
359	11 
360	2 
361	14 
362	20 
363	5 
364	19 
365	2 
366	13 
367	4 
368	2 
369	5 
370	2 
371	19 
372	19 
373	17 
374	15 
375	6 
376	7 
377	15 
378	6 
379	7 
380	1 
381	16 
382	14 
383	9 
384	10 
385	16 
386	10 
387	3 
388	16 
389	19 
390	2 
391	13 
392	6 
393	3 
394	17 
395	19 
396	1 
397	19 
398	9 
399	19 
400	4 
401	12 
402	19 
403	3 
404	2 
405	15 
406	8 
407	12 
408	14 
409	10 
410	7 
411	16 
412	5 
413	1 
414	14 
415	16 
416	18 
417	20 
418	14 
419	13 
420	18 
421	2 
422	9 
423	4 
424	19 
425	19 
426	6 
427	15 
428	17 
429	4 
430	12 
431	14 
432	4 
433	13 
434	14 
435	11 
436	4 
437	18 
438	8 
439	9 
440	12 
441	1 
442	11 
443	7 
444	8 
445	3 
446	12 
447	9 
448	17 
449	13 
450	6 
451	17 
452	20 
453	4 
454	14 
455	20 
456	16 
457	1 
458	12 
459	11 
460	8 
461	18 
462	15 
463	14 
464	13 
465	16 
466	2 
467	16 
468	1 
469	8 
470	17 
471	5 
472	16 
473	10 
474	10 
475	11 
476	13 
477	2 
478	11 
479	10 
480	18 
481	2 
482	15 
483	19 
484	14 
485	19 
486	12 
487	8 
488	10 
489	10 
490	2 
491	10 
492	9 
493	2 
494	9 
495	1 
496	12 
497	20 
498	10 
499	20 
500	11 
501	18 
502	17 
503	15 
504	1 
505	7 
506	9 
507	10 
508	14 
509	9 
510	4 
511	19 
512	19 
513	9 
514	17 
515	19 
516	10 
517	20 
518	6 
519	2 
520	13 
521	10 
522	8 
523	15 
524	17 
525	5 
526	3 
527	7 
528	13 
529	10 
530	18 
531	14 
532	3 
533	5 
534	11 
535	10 
536	3 
537	12 
538	12 
539	5 
540	7 
541	3 
542	1 
543	13 
544	14 
545	3 
546	19 
547	5 
548	10 
549	10 
550	19 
551	16 
552	14 
553	14 
554	14 
555	2 
556	17 
557	7 
558	2 
559	19 
560	8 
561	19 
562	17 
563	16 
564	10 
565	6 
566	6 
567	5 
568	3 
569	10 
570	3 
571	14 
572	15 
573	17 
574	1 
575	6 
576	8 
577	16 
578	8 
579	6 
580	10 
581	17 
582	20 
583	15 
584	5 
585	3 
586	1 
587	2 
588	14 
589	6 
590	15 
591	15 
592	17 
593	2 
594	20 
595	4 
596	18 
597	15 
598	2 
599	12 
600	1 
601	4 
602	15 
603	15 
604	5 
605	5 
606	6 
607	1 
608	5 
609	7 
610	6 
611	18 
612	1 
613	15 
614	18 
615	5 
616	3 
617	14 
618	1 
619	6 
620	1 
621	11 
622	9 
623	11 
624	5 
625	7 
626	11 
627	14 
628	4 
629	17 
630	11 
631	11 
632	1 
633	5 
634	1 
635	2 
636	17 
637	3 
638	3 
639	8 
640	13 
641	2 
642	8 
643	5 
644	17 
645	17 
646	8 
647	7 
648	7 
649	8 
650	18 
651	14 
652	4 
653	20 
654	18 
655	9 
656	14 
657	20 
658	13 
659	11 
660	17 
661	2 
662	4 
663	7 
664	2 
665	8 
666	14 
667	8 
668	10 
669	3 
670	18 
671	8 
672	3 
673	19 
674	17 
675	3 
676	14 
677	8 
678	2 
679	19 
680	2 
681	17 
682	3 
683	9 
684	13 
685	17 
686	1 
687	9 
688	19 
689	8 
690	7 
691	20 
692	9 
693	4 
694	4 
695	8 
696	11 
697	11 
698	17 
699	13 
700	11 
701	9 
702	7 
703	19 
704	14 
705	4 
706	4 
707	4 
708	14 
709	13 
710	20 
711	8 
712	3 
713	7 
714	13 
715	9 
716	17 
717	8 
718	4 
719	13 
720	7 
721	13 
722	20 
723	20 
724	9 
725	20 
726	20 
727	9 
728	13 
729	13 
730	9 
731	14 
732	20 
733	18 
734	11 
735	4 
736	18 
737	4 
738	2 
739	3 
740	18 
741	7 
742	11 
743	17 
744	3 
745	7 
746	14 
747	20 
748	4 
749	13 
750	2 
751	20 
752	20 
753	18 
754	4 
755	7 
756	17 
757	14 
758	13 
759	13 
760	4 
761	20 
762	20 
763	3 
764	18 
765	14 
766	7 
767	2 
768	7 
769	7 
770	11 
771	17 
772	18 
773	20 
774	9 
775	2 
776	3 
777	20 
778	11 
779	17 
780	18 
781	11 
782	13 
783	9 
784	17 
785	4 
786	20 
787	17 
788	17 
789	13 
790	7 
791	14 
792	13 
793	7 
794	7 
795	9 
796	11 
797	3 
798	14 
799	3 
800	9 
801	9 
802	7 
803	13 
804	17 
805	14 
806	14 
807	17 
808	2 
809	9 
810	14 
811	13 
812	18 
813	2 
814	9 
815	7 
816	17 
817	3 
818	7 
819	20 
820	3 
821	17 
822	11 
823	9 
824	9 
825	2 
826	20 
827	17 
828	13 
829	3 
830	18 
831	9 
832	3 
833	7 
834	17 
835	20 
836	17 
837	2 
838	20 
839	3 
840	11 
841	14 
842	11 
843	11 
844	11 
845	3 
846	18 
847	3 
848	13 
849	14 
850	17 
851	20 
852	7 
853	17 
854	17 
855	13 
856	11 
857	20 
858	7 
859	7 
860	18 
861	7 
862	7 
863	18 
864	13 
865	13 
866	2 
867	17 
868	2 
869	17 
870	11 
871	18 
872	20 
873	20 
874	11 
875	18 
876	20 
877	20 
878	13 
879	13 
880	18 
881	13 
882	20 
883	18 
884	17 
885	18 
886	20 
887	18 
888	18 
889	17 
890	18 
891	17 
892	18 
893	17 
894	18 
895	2 
896	18 
897	2 
898	17 
899	13 
900	13 
901	18 
902	18 
903	18 
904	13 
905	2 
906	18 
907	18 
908	13 
909	13 
910	13 
911	18 
912	17 
913	17 
914	18 
915	2 
916	18 
917	2 
918	17 
919	13 
920	2 
921	18 
922	2 
923	2 
924	13 
925	13 
926	13 
927	18 
928	2 
929	13 
930	17 
931	2 
932	18 
933	2 
934	17 
935	2 
936	2 
937	2 
938	18 
939	17 
940	2 
941	17 
942	2 
943	2 
944	2 
945	17 
946	17 
947	17 
948	17 
949	2 
950	2 
951	18 
952	2 
953	18 
954	2 
955	17 
956	18 
957	18 
958	13 
959	2 
960	18 
961	13 
962	13 
963	18 
964	17 
965	2 
966	17 
967	2 
968	17 
969	17 
970	18 
971	17 
972	2 
973	2 
974	17 
975	18 
976	17 
977	17 
978	17 
979	17 
980	17 
981	2 
982	2 
983	18 
984	18 
985	2 
986	17 
987	2 
988	17 
989	2 
990	2 
991	18 
992	2 
993	2 
994	2 
995	17 
996	17 
997	2 
998	2 
999	17 
1000	17 
