1	5 
2	13 
3	9 
4	8 
5	11 
6	11 
7	11 
8	5 
9	8 
10	11 
11	13 
12	11 
13	13 
14	12 
15	9 
16	4 
17	11 
18	1 
19	7 
20	8 
21	7 
22	13 
23	3 
24	2 
25	13 
26	12 
27	6 
28	7 
29	11 
30	6 
31	13 
32	8 
33	6 
34	4 
35	6 
36	12 
37	3 
38	5 
39	11 
40	9 
41	11 
42	1 
43	3 
44	10 
45	5 
46	13 
47	9 
48	4 
49	2 
50	1 
51	4 
52	8 
53	2 
54	7 
55	7 
56	8 
57	13 
58	10 
59	8 
60	11 
61	13 
62	11 
63	4 
64	3 
65	5 
66	11 
67	5 
68	7 
69	13 
70	2 
71	10 
72	7 
73	2 
74	10 
75	10 
76	6 
77	13 
78	6 
79	8 
80	11 
81	6 
82	13 
83	4 
84	8 
85	6 
86	10 
87	13 
88	5 
89	13 
90	6 
91	4 
92	12 
93	5 
94	7 
95	3 
96	3 
97	12 
98	13 
99	8 
100	1 
101	7 
102	5 
103	13 
104	5 
105	9 
106	9 
107	9 
108	11 
109	4 
110	13 
111	7 
112	9 
113	7 
114	11 
115	13 
116	9 
117	10 
118	11 
119	12 
120	7 
121	5 
122	5 
123	8 
124	8 
125	1 
126	8 
127	4 
128	8 
129	13 
130	3 
131	5 
132	13 
133	2 
134	9 
135	8 
136	13 
137	10 
138	5 
139	1 
140	4 
141	6 
142	13 
143	7 
144	1 
145	7 
146	9 
147	9 
148	13 
149	11 
150	9 
151	2 
152	10 
153	10 
154	11 
155	8 
156	6 
157	12 
158	12 
159	2 
160	4 
161	2 
162	7 
163	2 
164	12 
165	10 
166	11 
167	8 
168	3 
169	11 
170	11 
171	5 
172	13 
173	9 
174	13 
175	12 
176	11 
177	10 
178	10 
179	5 
180	7 
181	8 
182	11 
183	6 
184	5 
185	6 
186	1 
187	11 
188	7 
189	12 
190	8 
191	11 
192	1 
193	1 
194	11 
195	4 
196	13 
197	11 
198	3 
199	6 
200	10 
201	5 
202	7 
203	9 
204	3 
205	13 
206	6 
207	13 
208	1 
209	7 
210	2 
211	8 
212	7 
213	3 
214	6 
215	8 
216	4 
217	1 
218	8 
219	5 
220	3 
221	11 
222	11 
223	6 
224	11 
225	5 
226	10 
227	4 
228	13 
229	5 
230	11 
231	9 
232	1 
233	11 
234	8 
235	11 
236	12 
237	1 
238	4 
239	9 
240	7 
241	11 
242	3 
243	4 
244	3 
245	1 
246	3 
247	7 
248	7 
249	7 
250	11 
251	11 
252	7 
253	7 
254	9 
255	2 
256	10 
257	1 
258	4 
259	10 
260	3 
261	6 
262	2 
263	13 
264	7 
265	13 
266	11 
267	11 
268	2 
269	5 
270	13 
271	9 
272	1 
273	2 
274	6 
275	11 
276	10 
277	13 
278	7 
279	1 
280	7 
281	4 
282	2 
283	5 
284	12 
285	8 
286	11 
287	10 
288	8 
289	11 
290	13 
291	13 
292	10 
293	4 
294	11 
295	1 
296	7 
297	7 
298	5 
299	13 
300	2 
301	7 
302	10 
303	9 
304	5 
305	13 
306	6 
307	12 
308	7 
309	3 
310	12 
311	4 
312	8 
313	13 
314	7 
315	6 
316	1 
317	11 
318	3 
319	13 
320	5 
321	6 
322	4 
323	12 
324	12 
325	13 
326	11 
327	8 
328	4 
329	7 
330	12 
331	10 
332	5 
333	6 
334	6 
335	3 
336	8 
337	7 
338	3 
339	4 
340	1 
341	5 
342	6 
343	7 
344	11 
345	7 
346	4 
347	9 
348	9 
349	7 
350	5 
351	8 
352	1 
353	1 
354	10 
355	4 
356	13 
357	2 
358	1 
359	6 
360	13 
361	10 
362	8 
363	12 
364	12 
365	6 
366	11 
367	11 
368	13 
369	11 
370	4 
371	11 
372	13 
373	12 
374	10 
375	11 
376	7 
377	11 
378	3 
379	9 
380	9 
381	1 
382	10 
383	9 
384	9 
385	3 
386	5 
387	3 
388	5 
389	1 
390	9 
391	8 
392	9 
393	8 
394	1 
395	10 
396	5 
397	11 
398	12 
399	13 
400	11 
401	5 
402	11 
403	11 
404	13 
405	7 
406	13 
407	9 
408	3 
409	10 
410	7 
411	1 
412	1 
413	3 
414	2 
415	13 
416	4 
417	1 
418	7 
419	5 
420	13 
421	6 
422	7 
423	9 
424	4 
425	1 
426	8 
427	7 
428	1 
429	3 
430	11 
431	5 
432	1 
433	13 
434	8 
435	5 
436	13 
437	6 
438	11 
439	10 
440	7 
441	10 
442	1 
443	9 
444	13 
445	4 
446	13 
447	6 
448	7 
449	12 
450	12 
451	2 
452	13 
453	5 
454	1 
455	12 
456	3 
457	1 
458	9 
459	7 
460	8 
461	6 
462	6 
463	7 
464	11 
465	3 
466	12 
467	2 
468	3 
469	11 
470	11 
471	12 
472	8 
473	11 
474	2 
475	13 
476	7 
477	12 
478	13 
479	12 
480	13 
481	4 
482	6 
483	1 
484	4 
485	9 
486	4 
487	5 
488	6 
489	10 
490	8 
491	5 
492	3 
493	6 
494	1 
495	4 
496	8 
497	10 
498	1 
499	12 
500	11 
501	8 
502	1 
503	1 
504	7 
505	5 
506	2 
507	2 
508	11 
509	4 
510	13 
511	12 
512	2 
513	11 
514	2 
515	11 
516	7 
517	13 
518	4 
519	1 
520	11 
521	12 
522	6 
523	9 
524	5 
525	11 
526	9 
527	7 
528	10 
529	11 
530	7 
531	11 
532	5 
533	5 
534	11 
535	8 
536	11 
537	5 
538	11 
539	7 
540	1 
541	3 
542	6 
543	9 
544	5 
545	5 
546	11 
547	12 
548	10 
549	13 
550	9 
551	8 
552	5 
553	13 
554	6 
555	5 
556	1 
557	3 
558	13 
559	13 
560	9 
561	6 
562	11 
563	9 
564	5 
565	6 
566	11 
567	7 
568	8 
569	7 
570	11 
571	1 
572	8 
573	6 
574	6 
575	7 
576	9 
577	2 
578	10 
579	2 
580	7 
581	1 
582	7 
583	8 
584	12 
585	3 
586	8 
587	1 
588	1 
589	8 
590	7 
591	13 
592	13 
593	2 
594	4 
595	11 
596	8 
597	7 
598	6 
599	8 
600	5 
601	2 
602	8 
603	11 
604	2 
605	1 
606	8 
607	13 
608	13 
609	7 
610	12 
611	3 
612	1 
613	7 
614	1 
615	1 
616	9 
617	9 
618	8 
619	8 
620	10 
621	8 
622	9 
623	10 
624	1 
625	12 
626	12 
627	11 
628	13 
629	11 
630	5 
631	6 
632	3 
633	4 
634	10 
635	7 
636	8 
637	8 
638	11 
639	8 
640	1 
641	9 
642	11 
643	7 
644	6 
645	4 
646	5 
647	13 
648	5 
649	6 
650	1 
651	11 
652	7 
653	13 
654	10 
655	3 
656	7 
657	1 
658	1 
659	3 
660	9 
661	11 
662	3 
663	7 
664	5 
665	3 
666	3 
667	3 
668	9 
669	1 
670	5 
671	1 
672	9 
673	1 
674	10 
675	1 
676	5 
677	4 
678	12 
679	9 
680	11 
681	6 
682	7 
683	2 
684	12 
685	5 
686	1 
687	5 
688	5 
689	8 
690	11 
691	2 
692	5 
693	8 
694	1 
695	12 
696	3 
697	9 
698	5 
699	1 
700	5 
701	13 
702	4 
703	8 
704	11 
705	5 
706	5 
707	13 
708	11 
709	2 
710	8 
711	5 
712	2 
713	13 
714	4 
715	2 
716	11 
717	9 
718	13 
719	8 
720	2 
721	1 
722	11 
723	8 
724	2 
725	2 
726	3 
727	13 
728	3 
729	8 
730	6 
731	8 
732	6 
733	3 
734	12 
735	6 
736	3 
737	3 
738	13 
739	13 
740	5 
741	6 
742	9 
743	4 
744	12 
745	11 
746	12 
747	10 
748	6 
749	13 
750	13 
751	4 
752	13 
753	4 
754	12 
755	3 
756	4 
757	3 
758	13 
759	7 
760	5 
761	10 
762	7 
763	4 
764	7 
765	9 
766	6 
767	1 
768	6 
769	13 
770	13 
771	4 
772	6 
773	7 
774	1 
775	9 
776	4 
777	11 
778	6 
779	13 
780	6 
781	3 
782	7 
783	9 
784	8 
785	3 
786	13 
787	10 
788	5 
789	1 
790	12 
791	12 
792	11 
793	3 
794	9 
795	11 
796	11 
797	7 
798	7 
799	4 
800	4 
801	4 
802	13 
803	5 
804	11 
805	11 
806	7 
807	6 
808	11 
809	6 
810	12 
811	8 
812	8 
813	5 
814	6 
815	1 
816	13 
817	11 
818	10 
819	7 
820	3 
821	6 
822	7 
823	13 
824	13 
825	11 
826	7 
827	5 
828	11 
829	7 
830	10 
831	6 
832	4 
833	8 
834	12 
835	11 
836	3 
837	3 
838	1 
839	10 
840	3 
841	11 
842	4 
843	1 
844	7 
845	13 
846	6 
847	12 
848	12 
849	9 
850	5 
851	10 
852	1 
853	6 
854	6 
855	3 
856	10 
857	5 
858	10 
859	8 
860	5 
861	7 
862	5 
863	5 
864	11 
865	11 
866	13 
867	6 
868	3 
869	4 
870	13 
871	4 
872	3 
873	5 
874	6 
875	6 
876	8 
877	4 
878	5 
879	1 
880	11 
881	7 
882	6 
883	3 
884	8 
885	6 
886	13 
887	6 
888	7 
889	11 
890	11 
891	5 
892	9 
893	1 
894	7 
895	8 
896	13 
897	13 
898	4 
899	7 
900	8 
901	3 
902	11 
903	7 
904	5 
905	8 
906	8 
907	5 
908	13 
909	13 
910	9 
911	7 
912	9 
913	5 
914	3 
915	6 
916	1 
917	6 
918	4 
919	1 
920	4 
921	1 
922	9 
923	9 
924	9 
925	5 
926	7 
927	8 
928	13 
929	4 
930	6 
931	3 
932	11 
933	1 
934	4 
935	3 
936	11 
937	8 
938	13 
939	4 
940	11 
941	6 
942	1 
943	4 
944	1 
945	11 
946	6 
947	13 
948	7 
949	11 
950	11 
951	5 
952	5 
953	5 
954	6 
955	7 
956	8 
957	7 
958	13 
959	1 
960	6 
961	8 
962	7 
963	5 
964	8 
965	8 
966	7 
967	5 
968	7 
969	8 
970	7 
971	8 
972	1 
973	8 
974	7 
975	7 
976	13 
977	7 
978	11 
979	13 
980	5 
981	8 
982	7 
983	6 
984	8 
985	7 
986	13 
987	6 
988	8 
989	11 
990	13 
991	8 
992	7 
993	11 
994	7 
995	5 
996	7 
997	8 
998	8 
999	11 
1000	7 
