1	4 
2	1 
3	19 
4	22 
5	17 
6	1 
7	3 
8	23 
9	19 
10	1 
11	1 
12	18 
13	22 
14	8 
15	2 
16	5 
17	1 
18	15 
19	7 
20	3 
21	12 
22	20 
23	23 
24	2 
25	8 
26	1 
27	2 
28	9 
29	18 
30	2 
31	1 
32	15 
33	17 
34	2 
35	3 
36	4 
37	22 
38	6 
39	1 
40	21 
41	12 
42	3 
43	3 
44	19 
45	4 
46	23 
47	18 
48	19 
49	22 
50	19 
51	10 
52	19 
53	19 
54	9 
55	5 
56	1 
57	5 
58	2 
59	3 
60	18 
61	20 
62	23 
63	9 
64	8 
65	8 
66	20 
67	17 
68	3 
69	9 
70	4 
71	4 
72	20 
73	24 
74	23 
75	17 
76	12 
77	20 
78	12 
79	7 
80	22 
81	2 
82	19 
83	2 
84	2 
85	4 
86	18 
87	9 
88	1 
89	19 
90	11 
91	11 
92	1 
93	1 
94	1 
95	10 
96	7 
97	23 
98	12 
99	10 
100	19 
101	1 
102	2 
103	12 
104	1 
105	20 
106	1 
107	9 
108	17 
109	11 
110	7 
111	18 
112	2 
113	9 
114	18 
115	16 
116	7 
117	4 
118	12 
119	9 
120	18 
121	4 
122	5 
123	5 
124	3 
125	13 
126	10 
127	10 
128	3 
129	24 
130	5 
131	18 
132	23 
133	22 
134	8 
135	18 
136	4 
137	16 
138	2 
139	14 
140	8 
141	12 
142	20 
143	15 
144	24 
145	23 
146	3 
147	22 
148	23 
149	1 
150	18 
151	22 
152	1 
153	13 
154	12 
155	23 
156	21 
157	9 
158	19 
159	1 
160	22 
161	8 
162	5 
163	2 
164	17 
165	15 
166	19 
167	20 
168	18 
169	14 
170	8 
171	2 
172	22 
173	8 
174	17 
175	5 
176	6 
177	1 
178	15 
179	9 
180	18 
181	3 
182	24 
183	4 
184	4 
185	8 
186	9 
187	2 
188	17 
189	23 
190	1 
191	1 
192	7 
193	13 
194	7 
195	2 
196	3 
197	7 
198	7 
199	21 
200	9 
201	10 
202	22 
203	13 
204	7 
205	21 
206	3 
207	17 
208	21 
209	1 
210	16 
211	14 
212	16 
213	19 
214	1 
215	18 
216	11 
217	20 
218	8 
219	1 
220	10 
221	17 
222	20 
223	10 
224	20 
225	17 
226	1 
227	15 
228	13 
229	5 
230	17 
231	2 
232	17 
233	23 
234	18 
235	1 
236	9 
237	18 
238	7 
239	2 
240	2 
241	1 
242	10 
243	18 
244	17 
245	16 
246	22 
247	24 
248	18 
249	3 
250	20 
251	23 
252	22 
253	18 
254	7 
255	22 
256	22 
257	6 
258	13 
259	3 
260	23 
261	17 
262	6 
263	3 
264	6 
265	9 
266	2 
267	9 
268	2 
269	8 
270	13 
271	23 
272	15 
273	23 
274	3 
275	8 
276	3 
277	12 
278	20 
279	2 
280	18 
281	3 
282	8 
283	20 
284	21 
285	1 
286	8 
287	16 
288	19 
289	3 
290	6 
291	1 
292	22 
293	24 
294	14 
295	2 
296	5 
297	16 
298	18 
299	6 
300	1 
301	5 
302	2 
303	11 
304	22 
305	17 
306	3 
307	11 
308	21 
309	14 
310	1 
311	21 
312	8 
313	17 
314	13 
315	23 
316	13 
317	2 
318	12 
319	18 
320	5 
321	7 
322	8 
323	7 
324	11 
325	20 
326	10 
327	2 
328	19 
329	6 
330	1 
331	2 
332	3 
333	11 
334	14 
335	5 
336	1 
337	17 
338	19 
339	4 
340	1 
341	1 
342	2 
343	23 
344	5 
345	8 
346	20 
347	1 
348	17 
349	15 
350	21 
351	19 
352	9 
353	12 
354	21 
355	22 
356	19 
357	2 
358	22 
359	6 
360	1 
361	4 
362	8 
363	23 
364	7 
365	9 
366	2 
367	14 
368	17 
369	9 
370	23 
371	3 
372	9 
373	24 
374	14 
375	6 
376	16 
377	3 
378	5 
379	22 
380	17 
381	2 
382	13 
383	19 
384	18 
385	7 
386	22 
387	21 
388	22 
389	18 
390	9 
391	2 
392	2 
393	18 
394	17 
395	16 
396	8 
397	16 
398	22 
399	17 
400	24 
401	2 
402	2 
403	17 
404	17 
405	21 
406	2 
407	3 
408	10 
409	20 
410	5 
411	23 
412	3 
413	24 
414	2 
415	21 
416	5 
417	2 
418	9 
419	18 
420	9 
421	17 
422	3 
423	9 
424	19 
425	18 
426	20 
427	8 
428	2 
429	17 
430	24 
431	18 
432	17 
433	22 
434	18 
435	1 
436	7 
437	23 
438	9 
439	7 
440	9 
441	18 
442	9 
443	12 
444	1 
445	17 
446	9 
447	17 
448	21 
449	13 
450	2 
451	2 
452	2 
453	7 
454	19 
455	8 
456	8 
457	17 
458	19 
459	1 
460	23 
461	23 
462	1 
463	21 
464	9 
465	12 
466	13 
467	21 
468	5 
469	5 
470	5 
471	11 
472	1 
473	24 
474	21 
475	11 
476	5 
477	24 
478	12 
479	7 
480	2 
481	7 
482	11 
483	22 
484	6 
485	7 
486	18 
487	5 
488	17 
489	12 
490	2 
491	9 
492	17 
493	2 
494	23 
495	19 
496	1 
497	15 
498	18 
499	13 
500	18 
501	19 
502	1 
503	1 
504	7 
505	3 
506	10 
507	6 
508	2 
509	19 
510	21 
511	24 
512	12 
513	11 
514	21 
515	23 
516	23 
517	18 
518	21 
519	16 
520	21 
521	12 
522	1 
523	6 
524	2 
525	3 
526	11 
527	3 
528	2 
529	1 
530	9 
531	3 
532	6 
533	17 
534	4 
535	19 
536	20 
537	6 
538	1 
539	7 
540	8 
541	19 
542	10 
543	19 
544	9 
545	20 
546	14 
547	15 
548	15 
549	9 
550	10 
551	5 
552	23 
553	12 
554	1 
555	14 
556	12 
557	19 
558	8 
559	7 
560	2 
561	12 
562	1 
563	10 
564	11 
565	16 
566	1 
567	10 
568	23 
569	8 
570	3 
571	5 
572	12 
573	7 
574	4 
575	3 
576	1 
577	19 
578	17 
579	2 
580	5 
581	3 
582	21 
583	23 
584	2 
585	6 
586	21 
587	20 
588	5 
589	1 
590	6 
591	1 
592	21 
593	4 
594	20 
595	16 
596	17 
597	2 
598	12 
599	10 
600	1 
601	6 
602	3 
603	7 
604	9 
605	2 
606	24 
607	21 
608	4 
609	24 
610	22 
611	17 
612	11 
613	3 
614	7 
615	19 
616	2 
617	5 
618	2 
619	10 
620	2 
621	2 
622	19 
623	11 
624	4 
625	1 
626	10 
627	1 
628	22 
629	12 
630	2 
631	14 
632	17 
633	13 
634	5 
635	23 
636	1 
637	19 
638	2 
639	8 
640	4 
641	21 
642	20 
643	14 
644	7 
645	3 
646	1 
647	17 
648	4 
649	2 
650	16 
651	1 
652	24 
653	17 
654	5 
655	23 
656	13 
657	19 
658	3 
659	24 
660	6 
661	23 
662	7 
663	1 
664	14 
665	2 
666	7 
667	18 
668	15 
669	7 
670	20 
671	1 
672	12 
673	17 
674	18 
675	2 
676	24 
677	2 
678	20 
679	12 
680	3 
681	6 
682	2 
683	4 
684	21 
685	13 
686	20 
687	22 
688	20 
689	1 
690	16 
691	17 
692	23 
693	2 
694	5 
695	11 
696	21 
697	21 
698	6 
699	5 
700	4 
701	5 
702	5 
703	2 
704	3 
705	13 
706	8 
707	1 
708	1 
709	21 
710	5 
711	10 
712	6 
713	10 
714	8 
715	1 
716	2 
717	2 
718	3 
719	19 
720	11 
721	17 
722	2 
723	3 
724	11 
725	23 
726	18 
727	9 
728	15 
729	9 
730	12 
731	3 
732	3 
733	12 
734	16 
735	7 
736	21 
737	23 
738	21 
739	15 
740	17 
741	13 
742	1 
743	22 
744	2 
745	13 
746	1 
747	8 
748	13 
749	24 
750	19 
751	11 
752	22 
753	21 
754	3 
755	18 
756	12 
757	21 
758	1 
759	23 
760	24 
761	23 
762	1 
763	5 
764	1 
765	7 
766	16 
767	24 
768	3 
769	3 
770	23 
771	17 
772	19 
773	1 
774	16 
775	16 
776	10 
777	3 
778	23 
779	8 
780	5 
781	8 
782	3 
783	21 
784	10 
785	5 
786	19 
787	1 
788	18 
789	10 
790	18 
791	7 
792	4 
793	2 
794	2 
795	2 
796	7 
797	23 
798	7 
799	17 
800	6 
801	1 
802	1 
803	8 
804	22 
805	21 
806	2 
807	1 
808	9 
809	14 
810	19 
811	21 
812	13 
813	17 
814	12 
815	12 
816	1 
817	19 
818	6 
819	19 
820	11 
821	18 
822	7 
823	5 
824	11 
825	19 
826	6 
827	20 
828	1 
829	4 
830	19 
831	20 
832	1 
833	19 
834	3 
835	9 
836	7 
837	22 
838	17 
839	14 
840	15 
841	5 
842	1 
843	18 
844	1 
845	22 
846	8 
847	1 
848	17 
849	3 
850	1 
851	1 
852	24 
853	2 
854	13 
855	19 
856	14 
857	18 
858	1 
859	1 
860	6 
861	15 
862	19 
863	15 
864	6 
865	15 
866	1 
867	3 
868	7 
869	14 
870	23 
871	11 
872	3 
873	17 
874	11 
875	17 
876	19 
877	12 
878	6 
879	21 
880	1 
881	22 
882	5 
883	22 
884	7 
885	3 
886	4 
887	1 
888	1 
889	1 
890	9 
891	9 
892	9 
893	24 
894	7 
895	16 
896	19 
897	7 
898	11 
899	1 
900	7 
901	2 
902	18 
903	22 
904	3 
905	17 
906	19 
907	7 
908	5 
909	18 
910	2 
911	24 
912	11 
913	2 
914	6 
915	5 
916	7 
917	1 
918	16 
919	3 
920	18 
921	22 
922	2 
923	19 
924	22 
925	1 
926	21 
927	23 
928	22 
929	21 
930	21 
931	8 
932	6 
933	20 
934	10 
935	7 
936	10 
937	13 
938	7 
939	24 
940	9 
941	7 
942	20 
943	21 
944	17 
945	4 
946	12 
947	23 
948	19 
949	19 
950	20 
951	5 
952	20 
953	10 
954	8 
955	6 
956	11 
957	11 
958	18 
959	13 
960	9 
961	7 
962	14 
963	23 
964	15 
965	7 
966	1 
967	5 
968	8 
969	3 
970	20 
971	2 
972	5 
973	14 
974	18 
975	16 
976	19 
977	12 
978	18 
979	14 
980	15 
981	23 
982	4 
983	22 
984	24 
985	20 
986	22 
987	23 
988	8 
989	22 
990	21 
991	16 
992	19 
993	20 
994	7 
995	20 
996	2 
997	22 
998	10 
999	1 
1000	18 
