1	3 
2	11 
3	1 
4	3 
5	1 
6	16 
7	10 
8	5 
9	7 
10	17 
11	3 
12	5 
13	10 
14	10 
15	5 
16	7 
17	5 
18	1 
19	15 
20	12 
21	11 
22	7 
23	12 
24	10 
25	15 
26	8 
27	8 
28	7 
29	1 
30	2 
31	1 
32	4 
33	17 
34	17 
35	6 
36	12 
37	15 
38	7 
39	7 
40	5 
41	15 
42	10 
43	17 
44	5 
45	2 
46	10 
47	1 
48	15 
49	9 
50	8 
51	7 
52	17 
53	3 
54	12 
55	12 
56	10 
57	10 
58	12 
59	12 
60	5 
61	12 
62	2 
63	14 
64	2 
65	14 
66	15 
67	16 
68	8 
69	11 
70	3 
71	2 
72	15 
73	10 
74	13 
75	10 
76	16 
77	7 
78	2 
79	1 
80	11 
81	6 
82	5 
83	17 
84	7 
85	1 
86	17 
87	4 
88	11 
89	14 
90	10 
91	1 
92	17 
93	16 
94	10 
95	4 
96	3 
97	2 
98	17 
99	17 
100	8 
101	17 
102	17 
103	13 
104	10 
105	5 
106	5 
107	4 
108	15 
109	8 
110	15 
111	9 
112	15 
113	12 
114	9 
115	14 
116	1 
117	1 
118	7 
119	12 
120	17 
121	8 
122	4 
123	5 
124	3 
125	12 
126	3 
127	1 
128	14 
129	1 
130	10 
131	11 
132	10 
133	14 
134	7 
135	10 
136	8 
137	8 
138	10 
139	1 
140	17 
141	10 
142	10 
143	10 
144	10 
145	2 
146	3 
147	4 
148	17 
149	2 
150	2 
151	12 
152	17 
153	1 
154	4 
155	10 
156	8 
157	13 
158	16 
159	4 
160	9 
161	17 
162	2 
163	12 
164	4 
165	12 
166	8 
167	3 
168	12 
169	1 
170	2 
171	10 
172	12 
173	10 
174	1 
175	13 
176	16 
177	2 
178	12 
179	1 
180	17 
181	12 
182	12 
183	9 
184	10 
185	8 
186	12 
187	1 
188	1 
189	7 
190	7 
191	15 
192	1 
193	15 
194	15 
195	3 
196	7 
197	5 
198	12 
199	10 
200	15 
201	14 
202	5 
203	3 
204	16 
205	12 
206	8 
207	5 
208	3 
209	8 
210	8 
211	6 
212	1 
213	4 
214	9 
215	6 
216	7 
217	3 
218	10 
219	12 
220	7 
221	14 
222	15 
223	17 
224	2 
225	8 
226	12 
227	16 
228	3 
229	7 
230	13 
231	4 
232	3 
233	13 
234	7 
235	6 
236	7 
237	5 
238	7 
239	15 
240	10 
241	5 
242	4 
243	3 
244	1 
245	5 
246	6 
247	15 
248	2 
249	12 
250	15 
251	5 
252	1 
253	9 
254	7 
255	5 
256	3 
257	4 
258	1 
259	8 
260	15 
261	3 
262	6 
263	1 
264	6 
265	10 
266	16 
267	14 
268	3 
269	15 
270	4 
271	17 
272	5 
273	12 
274	7 
275	5 
276	17 
277	10 
278	13 
279	12 
280	7 
281	15 
282	5 
283	10 
284	1 
285	17 
286	7 
287	7 
288	13 
289	16 
290	15 
291	16 
292	13 
293	5 
294	14 
295	12 
296	5 
297	5 
298	5 
299	8 
300	14 
301	12 
302	7 
303	14 
304	1 
305	17 
306	15 
307	3 
308	15 
309	17 
310	7 
311	16 
312	15 
313	2 
314	10 
315	5 
316	12 
317	10 
318	16 
319	13 
320	4 
321	10 
322	17 
323	15 
324	11 
325	10 
326	7 
327	8 
328	12 
329	15 
330	13 
331	13 
332	14 
333	1 
334	1 
335	3 
336	5 
337	15 
338	16 
339	17 
340	9 
341	6 
342	1 
343	10 
344	3 
345	10 
346	3 
347	14 
348	16 
349	12 
350	3 
351	17 
352	8 
353	7 
354	4 
355	12 
356	10 
357	14 
358	13 
359	15 
360	2 
361	5 
362	8 
363	4 
364	17 
365	2 
366	5 
367	10 
368	7 
369	3 
370	9 
371	17 
372	12 
373	17 
374	17 
375	14 
376	7 
377	9 
378	4 
379	11 
380	4 
381	10 
382	4 
383	11 
384	3 
385	9 
386	17 
387	17 
388	4 
389	7 
390	10 
391	6 
392	8 
393	3 
394	8 
395	13 
396	12 
397	15 
398	6 
399	12 
400	3 
401	3 
402	10 
403	15 
404	17 
405	7 
406	11 
407	7 
408	14 
409	12 
410	17 
411	3 
412	16 
413	5 
414	17 
415	7 
416	5 
417	11 
418	9 
419	15 
420	3 
421	17 
422	15 
423	10 
424	5 
425	3 
426	15 
427	1 
428	4 
429	15 
430	5 
431	11 
432	12 
433	7 
434	3 
435	4 
436	10 
437	12 
438	3 
439	3 
440	5 
441	4 
442	15 
443	15 
444	12 
445	4 
446	3 
447	11 
448	2 
449	8 
450	1 
451	17 
452	8 
453	5 
454	13 
455	15 
456	17 
457	1 
458	12 
459	1 
460	3 
461	10 
462	8 
463	7 
464	9 
465	2 
466	11 
467	1 
468	12 
469	12 
470	10 
471	1 
472	8 
473	4 
474	1 
475	15 
476	8 
477	6 
478	7 
479	11 
480	5 
481	4 
482	16 
483	3 
484	10 
485	5 
486	3 
487	10 
488	1 
489	4 
490	1 
491	4 
492	17 
493	2 
494	2 
495	9 
496	15 
497	12 
498	8 
499	9 
500	17 
501	5 
502	7 
503	15 
504	2 
505	1 
506	7 
507	2 
508	8 
509	15 
510	17 
511	6 
512	5 
513	14 
514	1 
515	5 
516	6 
517	4 
518	1 
519	1 
520	5 
521	7 
522	8 
523	8 
524	1 
525	3 
526	12 
527	15 
528	15 
529	1 
530	13 
531	3 
532	5 
533	17 
534	15 
535	16 
536	8 
537	12 
538	14 
539	17 
540	8 
541	10 
542	4 
543	11 
544	15 
545	6 
546	4 
547	17 
548	1 
549	15 
550	1 
551	7 
552	9 
553	8 
554	1 
555	14 
556	8 
557	1 
558	3 
559	4 
560	14 
561	15 
562	15 
563	1 
564	5 
565	10 
566	15 
567	7 
568	14 
569	1 
570	3 
571	3 
572	2 
573	7 
574	5 
575	4 
576	4 
577	15 
578	1 
579	1 
580	2 
581	15 
582	10 
583	15 
584	15 
585	11 
586	3 
587	13 
588	12 
589	10 
590	3 
591	15 
592	4 
593	5 
594	1 
595	1 
596	13 
597	8 
598	12 
599	5 
600	5 
601	17 
602	10 
603	7 
604	17 
605	5 
606	12 
607	7 
608	12 
609	3 
610	1 
611	3 
612	3 
613	14 
614	14 
615	3 
616	17 
617	12 
618	17 
619	17 
620	9 
621	15 
622	17 
623	10 
624	12 
625	15 
626	5 
627	16 
628	10 
629	10 
630	15 
631	15 
632	4 
633	2 
634	3 
635	3 
636	12 
637	3 
638	5 
639	3 
640	12 
641	13 
642	4 
643	5 
644	12 
645	1 
646	7 
647	1 
648	12 
649	3 
650	2 
651	6 
652	16 
653	7 
654	17 
655	5 
656	3 
657	15 
658	7 
659	12 
660	8 
661	10 
662	9 
663	3 
664	11 
665	7 
666	5 
667	3 
668	1 
669	12 
670	1 
671	8 
672	2 
673	6 
674	3 
675	10 
676	10 
677	9 
678	16 
679	3 
680	3 
681	8 
682	10 
683	5 
684	3 
685	17 
686	17 
687	13 
688	17 
689	3 
690	4 
691	13 
692	12 
693	10 
694	1 
695	11 
696	13 
697	4 
698	6 
699	8 
700	6 
701	7 
702	5 
703	2 
704	7 
705	4 
706	12 
707	5 
708	6 
709	11 
710	1 
711	12 
712	10 
713	6 
714	1 
715	1 
716	1 
717	6 
718	4 
719	12 
720	12 
721	17 
722	5 
723	3 
724	11 
725	10 
726	14 
727	5 
728	1 
729	12 
730	8 
731	3 
732	10 
733	3 
734	5 
735	11 
736	15 
737	9 
738	11 
739	5 
740	7 
741	15 
742	15 
743	6 
744	10 
745	10 
746	7 
747	5 
748	5 
749	12 
750	15 
751	1 
752	10 
753	2 
754	3 
755	4 
756	2 
757	5 
758	2 
759	12 
760	12 
761	6 
762	15 
763	15 
764	17 
765	7 
766	10 
767	12 
768	6 
769	1 
770	2 
771	11 
772	2 
773	12 
774	5 
775	6 
776	1 
777	8 
778	1 
779	7 
780	2 
781	15 
782	17 
783	17 
784	7 
785	2 
786	11 
787	1 
788	16 
789	10 
790	1 
791	4 
792	7 
793	16 
794	7 
795	5 
796	1 
797	17 
798	9 
799	7 
800	10 
801	12 
802	12 
803	3 
804	1 
805	12 
806	17 
807	4 
808	4 
809	6 
810	2 
811	7 
812	17 
813	3 
814	7 
815	12 
816	12 
817	17 
818	8 
819	12 
820	13 
821	12 
822	12 
823	5 
824	11 
825	13 
826	12 
827	4 
828	2 
829	10 
830	8 
831	1 
832	12 
833	3 
834	12 
835	15 
836	15 
837	2 
838	12 
839	10 
840	10 
841	6 
842	12 
843	2 
844	1 
845	5 
846	2 
847	4 
848	11 
849	12 
850	5 
851	10 
852	2 
853	4 
854	3 
855	9 
856	2 
857	6 
858	5 
859	15 
860	17 
861	8 
862	3 
863	12 
864	7 
865	5 
866	3 
867	14 
868	3 
869	7 
870	17 
871	1 
872	13 
873	7 
874	3 
875	6 
876	10 
877	10 
878	1 
879	8 
880	12 
881	4 
882	5 
883	15 
884	3 
885	10 
886	1 
887	12 
888	12 
889	17 
890	9 
891	13 
892	10 
893	1 
894	16 
895	10 
896	10 
897	12 
898	10 
899	5 
900	3 
901	1 
902	2 
903	5 
904	12 
905	13 
906	3 
907	4 
908	14 
909	8 
910	11 
911	4 
912	4 
913	12 
914	4 
915	2 
916	1 
917	16 
918	2 
919	2 
920	17 
921	10 
922	10 
923	8 
924	1 
925	13 
926	7 
927	4 
928	7 
929	10 
930	16 
931	14 
932	3 
933	12 
934	12 
935	3 
936	12 
937	2 
938	4 
939	7 
940	14 
941	7 
942	12 
943	3 
944	4 
945	10 
946	15 
947	5 
948	1 
949	11 
950	8 
951	10 
952	10 
953	2 
954	10 
955	10 
956	10 
957	4 
958	14 
959	5 
960	2 
961	17 
962	2 
963	7 
964	10 
965	1 
966	6 
967	1 
968	4 
969	6 
970	8 
971	12 
972	15 
973	12 
974	3 
975	1 
976	5 
977	12 
978	7 
979	12 
980	5 
981	2 
982	15 
983	6 
984	5 
985	6 
986	6 
987	1 
988	12 
989	5 
990	10 
991	5 
992	10 
993	13 
994	5 
995	5 
996	7 
997	4 
998	7 
999	1 
1000	12 
