1	12 
2	14 
3	4 
4	8 
5	14 
6	5 
7	3 
8	4 
9	12 
10	8 
11	6 
12	2 
13	9 
14	10 
15	14 
16	9 
17	1 
18	8 
19	10 
20	10 
21	7 
22	11 
23	4 
24	7 
25	9 
26	14 
27	4 
28	14 
29	9 
30	4 
31	12 
32	14 
33	8 
34	3 
35	12 
36	12 
37	4 
38	2 
39	15 
40	1 
41	4 
42	14 
43	6 
44	9 
45	13 
46	14 
47	1 
48	3 
49	11 
50	5 
51	3 
52	15 
53	1 
54	3 
55	1 
56	8 
57	8 
58	15 
59	8 
60	4 
61	7 
62	6 
63	15 
64	3 
65	9 
66	10 
67	9 
68	7 
69	10 
70	15 
71	8 
72	2 
73	15 
74	4 
75	9 
76	7 
77	1 
78	7 
79	8 
80	3 
81	3 
82	9 
83	7 
84	1 
85	2 
86	9 
87	4 
88	13 
89	15 
90	15 
91	9 
92	9 
93	11 
94	3 
95	13 
96	1 
97	2 
98	15 
99	12 
100	11 
101	6 
102	7 
103	10 
104	3 
105	11 
106	6 
107	3 
108	11 
109	3 
110	12 
111	15 
112	7 
113	11 
114	9 
115	3 
116	2 
117	7 
118	6 
119	14 
120	12 
121	13 
122	8 
123	9 
124	2 
125	9 
126	9 
127	7 
128	12 
129	9 
130	14 
131	4 
132	7 
133	11 
134	11 
135	11 
136	9 
137	2 
138	1 
139	1 
140	7 
141	8 
142	12 
143	6 
144	8 
145	11 
146	7 
147	9 
148	8 
149	15 
150	8 
151	11 
152	5 
153	8 
154	9 
155	8 
156	8 
157	3 
158	11 
159	8 
160	11 
161	9 
162	3 
163	1 
164	12 
165	3 
166	1 
167	5 
168	3 
169	4 
170	8 
171	3 
172	5 
173	2 
174	8 
175	7 
176	3 
177	12 
178	3 
179	14 
180	12 
181	7 
182	12 
183	13 
184	14 
185	8 
186	8 
187	6 
188	4 
189	3 
190	15 
191	8 
192	6 
193	4 
194	15 
195	7 
196	13 
197	5 
198	8 
199	13 
200	1 
201	11 
202	3 
203	8 
204	12 
205	6 
206	13 
207	5 
208	6 
209	4 
210	15 
211	4 
212	1 
213	12 
214	12 
215	5 
216	8 
217	4 
218	6 
219	1 
220	6 
221	7 
222	9 
223	12 
224	11 
225	14 
226	5 
227	5 
228	13 
229	1 
230	4 
231	7 
232	12 
233	1 
234	9 
235	3 
236	6 
237	7 
238	12 
239	7 
240	1 
241	6 
242	3 
243	12 
244	5 
245	9 
246	7 
247	1 
248	10 
249	9 
250	4 
251	6 
252	13 
253	3 
254	4 
255	12 
256	8 
257	7 
258	4 
259	3 
260	4 
261	2 
262	5 
263	8 
264	8 
265	1 
266	4 
267	12 
268	4 
269	3 
270	12 
271	8 
272	4 
273	4 
274	2 
275	7 
276	14 
277	3 
278	9 
279	10 
280	4 
281	5 
282	3 
283	3 
284	15 
285	9 
286	9 
287	9 
288	4 
289	4 
290	8 
291	9 
292	8 
293	11 
294	3 
295	8 
296	8 
297	8 
298	12 
299	8 
300	3 
301	14 
302	13 
303	8 
304	3 
305	7 
306	1 
307	9 
308	6 
309	4 
310	3 
311	10 
312	11 
313	7 
314	5 
315	6 
316	10 
317	7 
318	10 
319	7 
320	1 
321	3 
322	7 
323	4 
324	3 
325	6 
326	11 
327	3 
328	14 
329	7 
330	3 
331	11 
332	8 
333	6 
334	1 
335	6 
336	10 
337	13 
338	12 
339	5 
340	11 
341	12 
342	3 
343	9 
344	9 
345	10 
346	8 
347	9 
348	10 
349	13 
350	14 
351	9 
352	13 
353	11 
354	4 
355	9 
356	6 
357	5 
358	11 
359	4 
360	3 
361	6 
362	7 
363	12 
364	9 
365	9 
366	5 
367	12 
368	8 
369	8 
370	7 
371	2 
372	9 
373	13 
374	12 
375	12 
376	1 
377	14 
378	3 
379	8 
380	1 
381	14 
382	12 
383	12 
384	11 
385	12 
386	15 
387	4 
388	13 
389	8 
390	14 
391	11 
392	15 
393	4 
394	1 
395	2 
396	14 
397	7 
398	6 
399	3 
400	3 
401	14 
402	1 
403	14 
404	7 
405	3 
406	7 
407	10 
408	12 
409	4 
410	3 
411	4 
412	3 
413	7 
414	9 
415	2 
416	6 
417	8 
418	8 
419	9 
420	12 
421	7 
422	7 
423	12 
424	11 
425	12 
426	12 
427	3 
428	3 
429	12 
430	15 
431	14 
432	4 
433	11 
434	5 
435	5 
436	5 
437	12 
438	3 
439	4 
440	4 
441	12 
442	1 
443	2 
444	5 
445	5 
446	4 
447	9 
448	6 
449	2 
450	7 
451	12 
452	12 
453	1 
454	9 
455	8 
456	4 
457	7 
458	3 
459	4 
460	15 
461	8 
462	9 
463	8 
464	8 
465	3 
466	13 
467	4 
468	3 
469	15 
470	3 
471	8 
472	4 
473	3 
474	8 
475	10 
476	7 
477	15 
478	2 
479	2 
480	12 
481	5 
482	3 
483	9 
484	8 
485	8 
486	14 
487	12 
488	8 
489	8 
490	15 
491	6 
492	4 
493	14 
494	8 
495	13 
496	15 
497	6 
498	6 
499	3 
500	5 
501	6 
502	12 
503	15 
504	10 
505	1 
506	14 
507	12 
508	4 
509	7 
510	14 
511	12 
512	13 
513	11 
514	9 
515	8 
516	9 
517	6 
518	5 
519	9 
520	8 
521	5 
522	4 
523	5 
524	9 
525	4 
526	1 
527	6 
528	5 
529	3 
530	13 
531	5 
532	1 
533	1 
534	9 
535	5 
536	8 
537	4 
538	12 
539	2 
540	3 
541	10 
542	7 
543	8 
544	11 
545	1 
546	9 
547	9 
548	9 
549	13 
550	1 
551	3 
552	8 
553	6 
554	7 
555	1 
556	11 
557	10 
558	4 
559	3 
560	3 
561	8 
562	3 
563	10 
564	3 
565	6 
566	1 
567	13 
568	12 
569	9 
570	3 
571	7 
572	3 
573	14 
574	7 
575	7 
576	13 
577	4 
578	4 
579	1 
580	11 
581	3 
582	8 
583	3 
584	5 
585	4 
586	12 
587	2 
588	12 
589	6 
590	6 
591	4 
592	4 
593	8 
594	1 
595	8 
596	3 
597	2 
598	10 
599	5 
600	7 
601	4 
602	9 
603	12 
604	14 
605	2 
606	3 
607	7 
608	4 
609	1 
610	14 
611	6 
612	10 
613	13 
614	9 
615	15 
616	2 
617	12 
618	5 
619	6 
620	8 
621	2 
622	15 
623	7 
624	7 
625	12 
626	6 
627	13 
628	15 
629	9 
630	8 
631	1 
632	8 
633	6 
634	9 
635	4 
636	1 
637	3 
638	3 
639	3 
640	12 
641	3 
642	8 
643	14 
644	2 
645	4 
646	3 
647	8 
648	2 
649	14 
650	12 
651	12 
652	8 
653	6 
654	8 
655	3 
656	4 
657	5 
658	7 
659	9 
660	10 
661	12 
662	15 
663	4 
664	7 
665	1 
666	13 
667	8 
668	10 
669	8 
670	1 
671	15 
672	9 
673	6 
674	12 
675	14 
676	10 
677	11 
678	7 
679	3 
680	8 
681	8 
682	3 
683	7 
684	10 
685	6 
686	5 
687	12 
688	9 
689	1 
690	3 
691	13 
692	12 
693	12 
694	12 
695	15 
696	13 
697	9 
698	12 
699	10 
700	7 
701	4 
702	7 
703	11 
704	12 
705	2 
706	7 
707	3 
708	4 
709	1 
710	10 
711	3 
712	11 
713	4 
714	15 
715	7 
716	7 
717	7 
718	8 
719	4 
720	8 
721	4 
722	8 
723	10 
724	3 
725	14 
726	7 
727	8 
728	7 
729	11 
730	13 
731	4 
732	1 
733	4 
734	3 
735	8 
736	6 
737	5 
738	8 
739	12 
740	12 
741	3 
742	5 
743	7 
744	2 
745	4 
746	13 
747	9 
748	5 
749	3 
750	4 
751	10 
752	15 
753	5 
754	5 
755	15 
756	4 
757	7 
758	14 
759	6 
760	7 
761	3 
762	14 
763	7 
764	3 
765	10 
766	15 
767	8 
768	9 
769	7 
770	9 
771	1 
772	3 
773	7 
774	10 
775	13 
776	3 
777	15 
778	2 
779	13 
780	13 
781	6 
782	12 
783	8 
784	12 
785	15 
786	8 
787	8 
788	8 
789	15 
790	4 
791	2 
792	6 
793	7 
794	2 
795	4 
796	2 
797	8 
798	15 
799	4 
800	6 
801	1 
802	9 
803	9 
804	5 
805	6 
806	5 
807	15 
808	3 
809	9 
810	14 
811	4 
812	8 
813	4 
814	4 
815	15 
816	7 
817	15 
818	3 
819	3 
820	1 
821	14 
822	8 
823	3 
824	12 
825	13 
826	4 
827	4 
828	3 
829	4 
830	9 
831	3 
832	2 
833	11 
834	1 
835	6 
836	8 
837	7 
838	9 
839	8 
840	12 
841	3 
842	13 
843	7 
844	4 
845	9 
846	7 
847	10 
848	4 
849	14 
850	4 
851	6 
852	10 
853	4 
854	1 
855	3 
856	4 
857	13 
858	4 
859	4 
860	1 
861	9 
862	15 
863	9 
864	11 
865	3 
866	3 
867	9 
868	12 
869	6 
870	2 
871	11 
872	8 
873	9 
874	8 
875	5 
876	5 
877	7 
878	14 
879	4 
880	8 
881	10 
882	3 
883	5 
884	15 
885	3 
886	11 
887	9 
888	14 
889	4 
890	13 
891	14 
892	7 
893	4 
894	3 
895	5 
896	15 
897	4 
898	14 
899	3 
900	12 
901	6 
902	13 
903	4 
904	5 
905	9 
906	14 
907	14 
908	1 
909	12 
910	13 
911	2 
912	8 
913	1 
914	14 
915	9 
916	11 
917	8 
918	3 
919	14 
920	3 
921	7 
922	3 
923	4 
924	14 
925	12 
926	11 
927	3 
928	12 
929	3 
930	6 
931	8 
932	15 
933	6 
934	6 
935	7 
936	4 
937	13 
938	4 
939	5 
940	5 
941	12 
942	12 
943	8 
944	3 
945	4 
946	4 
947	12 
948	8 
949	11 
950	3 
951	4 
952	5 
953	9 
954	15 
955	14 
956	15 
957	12 
958	5 
959	8 
960	4 
961	15 
962	7 
963	7 
964	3 
965	14 
966	13 
967	1 
968	14 
969	3 
970	12 
971	6 
972	8 
973	4 
974	4 
975	3 
976	12 
977	15 
978	13 
979	9 
980	10 
981	11 
982	5 
983	12 
984	4 
985	13 
986	5 
987	1 
988	15 
989	1 
990	2 
991	6 
992	1 
993	5 
994	7 
995	7 
996	1 
997	12 
998	14 
999	1 
1000	8 
