1	86 
2	1 
3	28 
4	32 
5	85 
6	66 
7	1 
8	73 
9	74 
10	1 
11	47 
12	40 
13	80 
14	63 
15	1 
16	38 
17	82 
18	60 
19	39 
20	21 
21	32 
22	30 
23	77 
24	2 
25	28 
26	57 
27	41 
28	72 
29	69 
30	44 
31	33 
32	76 
33	80 
34	90 
35	52 
36	17 
37	29 
38	50 
39	64 
40	82 
41	51 
42	25 
43	82 
44	88 
45	75 
46	9 
47	72 
48	23 
49	21 
50	65 
51	32 
52	35 
53	1 
54	87 
55	88 
56	40 
57	56 
58	53 
59	63 
60	87 
61	30 
62	15 
63	83 
64	80 
65	30 
66	45 
67	75 
68	48 
69	79 
70	45 
71	15 
72	65 
73	15 
74	32 
75	7 
76	59 
77	12 
78	41 
79	32 
80	53 
81	28 
82	48 
83	12 
84	52 
85	48 
86	61 
87	50 
88	83 
89	43 
90	57 
91	10 
92	15 
93	83 
94	73 
95	37 
96	15 
97	86 
98	19 
99	60 
100	7 
101	64 
102	44 
103	84 
104	56 
105	32 
106	19 
107	73 
108	67 
109	42 
110	31 
111	15 
112	72 
113	56 
114	56 
115	38 
116	66 
117	74 
118	31 
119	42 
120	40 
121	11 
122	43 
123	75 
124	81 
125	4 
126	69 
127	30 
128	23 
129	16 
130	54 
131	28 
132	78 
133	2 
134	42 
135	9 
136	47 
137	1 
138	13 
139	35 
140	89 
141	61 
142	4 
143	24 
144	19 
145	25 
146	29 
147	45 
148	20 
149	87 
150	24 
151	1 
152	32 
153	24 
154	52 
155	24 
156	81 
157	42 
158	3 
159	61 
160	74 
161	71 
162	87 
163	14 
164	86 
165	57 
166	26 
167	57 
168	56 
169	24 
170	54 
171	65 
172	51 
173	79 
174	30 
175	84 
176	28 
177	57 
178	35 
179	1 
180	80 
181	73 
182	56 
183	56 
184	78 
185	44 
186	88 
187	13 
188	77 
189	41 
190	39 
191	8 
192	11 
193	19 
194	2 
195	19 
196	74 
197	32 
198	21 
199	9 
200	79 
201	76 
202	82 
203	35 
204	63 
205	57 
206	79 
207	12 
208	42 
209	39 
210	71 
211	54 
212	38 
213	42 
214	38 
215	33 
216	42 
217	56 
218	31 
219	47 
220	88 
221	80 
222	80 
223	73 
224	39 
225	16 
226	1 
227	88 
228	67 
229	48 
230	27 
231	19 
232	57 
233	47 
234	73 
235	88 
236	58 
237	6 
238	68 
239	62 
240	53 
241	2 
242	75 
243	79 
244	13 
245	8 
246	35 
247	68 
248	87 
249	32 
250	64 
251	38 
252	5 
253	63 
254	29 
255	68 
256	46 
257	57 
258	53 
259	47 
260	74 
261	65 
262	89 
263	62 
264	6 
265	56 
266	33 
267	42 
268	17 
269	5 
270	88 
271	21 
272	4 
273	17 
274	24 
275	47 
276	55 
277	28 
278	52 
279	71 
280	63 
281	36 
282	21 
283	13 
284	36 
285	37 
286	40 
287	46 
288	35 
289	69 
290	76 
291	25 
292	75 
293	41 
294	49 
295	63 
296	34 
297	61 
298	62 
299	61 
300	90 
301	74 
302	78 
303	62 
304	12 
305	64 
306	77 
307	87 
308	5 
309	89 
310	68 
311	21 
312	22 
313	48 
314	33 
315	28 
316	38 
317	22 
318	43 
319	9 
320	7 
321	51 
322	45 
323	10 
324	16 
325	90 
326	68 
327	18 
328	59 
329	6 
330	42 
331	31 
332	57 
333	13 
334	84 
335	13 
336	35 
337	21 
338	87 
339	74 
340	48 
341	55 
342	66 
343	42 
344	81 
345	35 
346	9 
347	32 
348	9 
349	57 
350	86 
351	42 
352	88 
353	78 
354	84 
355	29 
356	67 
357	66 
358	65 
359	88 
360	61 
361	40 
362	73 
363	74 
364	52 
365	19 
366	82 
367	65 
368	77 
369	46 
370	22 
371	86 
372	33 
373	90 
374	73 
375	66 
376	69 
377	31 
378	82 
379	21 
380	86 
381	55 
382	56 
383	32 
384	13 
385	82 
386	68 
387	4 
388	13 
389	13 
390	42 
391	71 
392	14 
393	87 
394	88 
395	53 
396	52 
397	64 
398	75 
399	8 
400	41 
401	17 
402	78 
403	44 
404	14 
405	18 
406	31 
407	81 
408	78 
409	85 
410	45 
411	84 
412	9 
413	62 
414	79 
415	6 
416	21 
417	8 
418	37 
419	58 
420	38 
421	73 
422	12 
423	2 
424	29 
425	6 
426	46 
427	42 
428	88 
429	55 
430	16 
431	65 
432	41 
433	22 
434	43 
435	19 
436	4 
437	49 
438	43 
439	90 
440	18 
441	4 
442	7 
443	42 
444	27 
445	73 
446	45 
447	19 
448	70 
449	87 
450	42 
451	56 
452	74 
453	64 
454	50 
455	32 
456	76 
457	15 
458	55 
459	85 
460	48 
461	39 
462	1 
463	67 
464	80 
465	44 
466	58 
467	13 
468	64 
469	64 
470	38 
471	89 
472	43 
473	13 
474	51 
475	3 
476	11 
477	13 
478	24 
479	52 
480	82 
481	13 
482	60 
483	14 
484	39 
485	14 
486	20 
487	40 
488	88 
489	6 
490	48 
491	75 
492	68 
493	87 
494	53 
495	56 
496	73 
497	50 
498	48 
499	68 
500	26 
501	34 
502	80 
503	57 
504	46 
505	88 
506	12 
507	50 
508	29 
509	11 
510	48 
511	11 
512	42 
513	47 
514	38 
515	43 
516	42 
517	1 
518	65 
519	6 
520	37 
521	18 
522	72 
523	57 
524	4 
525	34 
526	89 
527	44 
528	65 
529	32 
530	89 
531	79 
532	6 
533	86 
534	73 
535	36 
536	13 
537	89 
538	33 
539	78 
540	9 
541	84 
542	40 
543	62 
544	13 
545	33 
546	44 
547	60 
548	26 
549	14 
550	15 
551	85 
552	90 
553	17 
554	77 
555	56 
556	35 
557	74 
558	48 
559	57 
560	75 
561	68 
562	38 
563	12 
564	80 
565	22 
566	12 
567	62 
568	12 
569	14 
570	42 
571	60 
572	80 
573	61 
574	37 
575	59 
576	53 
577	5 
578	43 
579	82 
580	39 
581	74 
582	76 
583	82 
584	24 
585	53 
586	21 
587	42 
588	73 
589	69 
590	69 
591	51 
592	61 
593	38 
594	54 
595	9 
596	89 
597	49 
598	68 
599	53 
600	51 
601	39 
602	68 
603	76 
604	10 
605	55 
606	8 
607	11 
608	48 
609	14 
610	53 
611	61 
612	3 
613	64 
614	87 
615	81 
616	71 
617	80 
618	7 
619	61 
620	16 
621	49 
622	9 
623	16 
624	38 
625	5 
626	18 
627	68 
628	85 
629	72 
630	59 
631	18 
632	29 
633	7 
634	58 
635	61 
636	31 
637	9 
638	41 
639	14 
640	82 
641	31 
642	4 
643	86 
644	74 
645	73 
646	47 
647	16 
648	77 
649	57 
650	11 
651	25 
652	82 
653	74 
654	15 
655	57 
656	78 
657	90 
658	2 
659	90 
660	28 
661	19 
662	54 
663	74 
664	8 
665	47 
666	33 
667	20 
668	14 
669	30 
670	15 
671	89 
672	8 
673	80 
674	61 
675	37 
676	60 
677	50 
678	38 
679	40 
680	52 
681	2 
682	16 
683	8 
684	27 
685	37 
686	44 
687	1 
688	24 
689	64 
690	19 
691	54 
692	35 
693	41 
694	16 
695	15 
696	78 
697	10 
698	83 
699	19 
700	50 
701	44 
702	12 
703	19 
704	20 
705	29 
706	82 
707	4 
708	32 
709	18 
710	23 
711	68 
712	64 
713	83 
714	18 
715	25 
716	17 
717	79 
718	46 
719	31 
720	22 
721	88 
722	52 
723	7 
724	90 
725	88 
726	28 
727	74 
728	85 
729	13 
730	15 
731	69 
732	21 
733	61 
734	74 
735	8 
736	58 
737	84 
738	42 
739	3 
740	44 
741	82 
742	6 
743	37 
744	24 
745	85 
746	74 
747	89 
748	65 
749	88 
750	4 
751	51 
752	69 
753	21 
754	82 
755	18 
756	77 
757	90 
758	34 
759	50 
760	81 
761	15 
762	27 
763	51 
764	79 
765	53 
766	72 
767	10 
768	7 
769	73 
770	56 
771	70 
772	77 
773	30 
774	47 
775	85 
776	42 
777	71 
778	66 
779	12 
780	36 
781	48 
782	83 
783	24 
784	1 
785	68 
786	73 
787	21 
788	74 
789	19 
790	53 
791	79 
792	36 
793	34 
794	71 
795	40 
796	35 
797	20 
798	11 
799	9 
800	67 
801	57 
802	89 
803	83 
804	87 
805	79 
806	90 
807	16 
808	77 
809	20 
810	90 
811	66 
812	73 
813	52 
814	72 
815	42 
816	30 
817	8 
818	73 
819	24 
820	53 
821	64 
822	56 
823	3 
824	39 
825	66 
826	37 
827	45 
828	40 
829	90 
830	90 
831	13 
832	80 
833	19 
834	33 
835	50 
836	39 
837	28 
838	33 
839	15 
840	35 
841	68 
842	45 
843	70 
844	63 
845	12 
846	71 
847	25 
848	58 
849	7 
850	16 
851	82 
852	17 
853	39 
854	86 
855	39 
856	87 
857	53 
858	87 
859	48 
860	25 
861	86 
862	87 
863	85 
864	47 
865	87 
866	53 
867	58 
868	4 
869	49 
870	84 
871	48 
872	16 
873	80 
874	87 
875	78 
876	34 
877	50 
878	57 
879	48 
880	3 
881	79 
882	52 
883	27 
884	59 
885	74 
886	48 
887	35 
888	90 
889	68 
890	77 
891	8 
892	56 
893	58 
894	40 
895	14 
896	48 
897	37 
898	7 
899	11 
900	74 
901	49 
902	62 
903	24 
904	26 
905	73 
906	57 
907	31 
908	70 
909	85 
910	45 
911	63 
912	29 
913	68 
914	86 
915	27 
916	81 
917	52 
918	9 
919	67 
920	19 
921	3 
922	88 
923	22 
924	82 
925	21 
926	89 
927	14 
928	24 
929	66 
930	85 
931	60 
932	68 
933	59 
934	80 
935	66 
936	67 
937	7 
938	18 
939	17 
940	37 
941	73 
942	21 
943	64 
944	68 
945	16 
946	16 
947	28 
948	76 
949	34 
950	67 
951	23 
952	86 
953	38 
954	74 
955	74 
956	71 
957	7 
958	78 
959	50 
960	32 
961	32 
962	46 
963	68 
964	14 
965	78 
966	74 
967	78 
968	31 
969	76 
970	80 
971	46 
972	37 
973	31 
974	66 
975	76 
976	74 
977	44 
978	57 
979	51 
980	57 
981	22 
982	13 
983	32 
984	76 
985	33 
986	73 
987	14 
988	89 
989	69 
990	11 
991	88 
992	38 
993	62 
994	44 
995	9 
996	52 
997	1 
998	52 
999	20 
1000	15 
1001	45 
1002	37 
1003	15 
1004	10 
1005	67 
1006	3 
1007	42 
1008	61 
1009	44 
1010	11 
1011	5 
1012	49 
1013	68 
1014	66 
1015	31 
1016	80 
1017	20 
1018	7 
1019	73 
1020	80 
1021	70 
1022	21 
1023	50 
1024	38 
1025	20 
1026	57 
1027	56 
1028	74 
1029	87 
1030	73 
1031	33 
1032	25 
1033	72 
1034	53 
1035	65 
1036	45 
1037	24 
1038	44 
1039	73 
1040	53 
1041	31 
1042	23 
1043	16 
1044	52 
1045	12 
1046	28 
1047	14 
1048	45 
1049	24 
1050	58 
1051	90 
1052	88 
1053	10 
1054	86 
1055	81 
1056	61 
1057	77 
1058	69 
1059	14 
1060	5 
1061	76 
1062	30 
1063	86 
1064	28 
1065	49 
1066	85 
1067	78 
1068	47 
1069	68 
1070	82 
1071	16 
1072	27 
1073	25 
1074	59 
1075	73 
1076	60 
1077	86 
1078	59 
1079	70 
1080	43 
1081	77 
1082	38 
1083	87 
1084	4 
1085	86 
1086	31 
1087	34 
1088	68 
1089	82 
1090	54 
1091	77 
1092	23 
1093	35 
1094	5 
1095	30 
1096	5 
1097	2 
1098	17 
1099	79 
1100	56 
1101	22 
1102	56 
1103	28 
1104	44 
1105	15 
1106	44 
1107	18 
1108	76 
1109	16 
1110	45 
1111	64 
1112	13 
1113	53 
1114	86 
1115	25 
1116	90 
1117	58 
1118	18 
1119	32 
1120	38 
1121	16 
1122	53 
1123	16 
1124	32 
1125	14 
1126	85 
1127	22 
1128	1 
1129	52 
1130	37 
1131	30 
1132	15 
1133	11 
1134	44 
1135	27 
1136	28 
1137	7 
1138	87 
1139	36 
1140	53 
1141	64 
1142	10 
1143	74 
1144	10 
1145	72 
1146	22 
1147	90 
1148	38 
1149	71 
1150	49 
1151	88 
1152	14 
1153	60 
1154	47 
1155	83 
1156	76 
1157	51 
1158	31 
1159	59 
1160	39 
1161	42 
1162	72 
1163	24 
1164	32 
1165	31 
1166	69 
1167	13 
1168	65 
1169	26 
1170	43 
1171	90 
1172	29 
1173	7 
1174	53 
1175	28 
1176	75 
1177	15 
1178	82 
1179	53 
1180	72 
1181	14 
1182	45 
1183	31 
1184	66 
1185	34 
1186	3 
1187	68 
1188	6 
1189	44 
1190	5 
1191	42 
1192	78 
1193	81 
1194	82 
1195	18 
1196	88 
1197	38 
1198	71 
1199	38 
1200	85 
1201	61 
1202	57 
1203	82 
1204	19 
1205	45 
1206	19 
1207	85 
1208	72 
1209	26 
1210	55 
1211	9 
1212	44 
1213	22 
1214	44 
1215	14 
1216	6 
1217	6 
1218	49 
1219	51 
1220	14 
1221	28 
1222	48 
1223	57 
1224	37 
1225	87 
1226	26 
1227	52 
1228	8 
1229	87 
1230	48 
1231	89 
1232	86 
1233	18 
1234	4 
1235	39 
1236	66 
1237	37 
1238	20 
1239	50 
1240	33 
1241	41 
1242	1 
1243	2 
1244	77 
1245	31 
1246	15 
1247	1 
1248	56 
1249	14 
1250	32 
1251	45 
1252	67 
1253	80 
1254	79 
1255	31 
1256	31 
1257	56 
1258	25 
1259	13 
1260	40 
1261	11 
1262	76 
1263	34 
1264	77 
1265	51 
1266	3 
1267	87 
1268	87 
1269	21 
1270	85 
1271	40 
1272	60 
1273	9 
1274	66 
1275	34 
1276	64 
1277	87 
1278	21 
1279	57 
1280	18 
1281	5 
1282	58 
1283	58 
1284	10 
1285	3 
1286	38 
1287	43 
1288	57 
1289	23 
1290	41 
1291	68 
1292	65 
1293	63 
1294	80 
1295	40 
1296	69 
1297	43 
1298	55 
1299	3 
1300	27 
1301	13 
1302	68 
1303	24 
1304	82 
1305	42 
1306	85 
1307	25 
1308	53 
1309	64 
1310	90 
1311	39 
1312	35 
1313	19 
1314	35 
1315	2 
1316	28 
1317	7 
1318	7 
1319	83 
1320	82 
1321	82 
1322	34 
1323	63 
1324	23 
1325	75 
1326	68 
1327	16 
1328	53 
1329	90 
1330	74 
1331	78 
1332	82 
1333	84 
1334	79 
1335	52 
1336	12 
1337	45 
1338	75 
1339	61 
1340	43 
1341	72 
1342	44 
1343	27 
1344	37 
1345	72 
1346	90 
1347	62 
1348	15 
1349	45 
1350	4 
1351	74 
1352	38 
1353	72 
1354	61 
1355	7 
1356	18 
1357	38 
1358	67 
1359	50 
1360	1 
1361	64 
1362	63 
1363	26 
1364	86 
1365	13 
1366	29 
1367	63 
1368	70 
1369	84 
1370	17 
1371	15 
1372	81 
1373	62 
1374	39 
1375	19 
1376	20 
1377	12 
1378	74 
1379	10 
1380	81 
1381	17 
1382	28 
1383	72 
1384	21 
1385	67 
1386	50 
1387	26 
1388	14 
1389	19 
1390	41 
1391	58 
1392	82 
1393	89 
1394	83 
1395	23 
1396	1 
1397	46 
1398	24 
1399	24 
1400	41 
1401	49 
1402	83 
1403	2 
1404	62 
1405	61 
1406	65 
1407	3 
1408	24 
1409	24 
1410	72 
1411	16 
1412	8 
1413	83 
1414	36 
1415	41 
1416	49 
1417	52 
1418	66 
1419	68 
1420	73 
1421	67 
1422	82 
1423	12 
1424	18 
1425	40 
1426	16 
1427	42 
1428	85 
1429	74 
1430	74 
1431	28 
1432	88 
1433	62 
1434	19 
1435	58 
1436	23 
1437	11 
1438	62 
1439	80 
1440	12 
1441	72 
1442	46 
1443	68 
1444	66 
1445	21 
1446	1 
1447	22 
1448	20 
1449	64 
1450	53 
1451	14 
1452	24 
1453	53 
1454	1 
1455	18 
1456	24 
1457	7 
1458	14 
1459	53 
1460	42 
1461	23 
1462	59 
1463	18 
1464	33 
1465	82 
1466	4 
1467	42 
1468	47 
1469	27 
1470	67 
1471	60 
1472	65 
1473	37 
1474	77 
1475	40 
1476	87 
1477	47 
1478	62 
1479	27 
1480	48 
1481	61 
1482	51 
1483	6 
1484	74 
1485	24 
1486	42 
1487	8 
1488	24 
1489	54 
1490	47 
1491	56 
1492	9 
1493	7 
1494	53 
1495	68 
1496	69 
1497	85 
1498	76 
1499	57 
1500	50 
1501	63 
1502	14 
1503	3 
1504	54 
1505	85 
1506	49 
1507	64 
1508	56 
1509	4 
1510	47 
1511	89 
1512	10 
1513	18 
1514	63 
1515	70 
1516	71 
1517	64 
1518	25 
1519	66 
1520	84 
1521	16 
1522	79 
1523	41 
1524	85 
1525	75 
1526	62 
1527	51 
1528	16 
1529	12 
1530	13 
1531	51 
1532	60 
1533	79 
1534	46 
1535	75 
1536	82 
1537	60 
1538	85 
1539	23 
1540	68 
1541	25 
1542	9 
1543	16 
1544	28 
1545	61 
1546	5 
1547	34 
1548	81 
1549	87 
1550	28 
1551	68 
1552	79 
1553	10 
1554	22 
1555	59 
1556	14 
1557	47 
1558	25 
1559	7 
1560	4 
1561	80 
1562	90 
1563	48 
1564	7 
1565	19 
1566	74 
1567	48 
1568	21 
1569	75 
1570	19 
1571	70 
1572	20 
1573	31 
1574	18 
1575	57 
1576	48 
1577	35 
1578	39 
1579	16 
1580	36 
1581	53 
1582	90 
1583	19 
1584	83 
1585	55 
1586	28 
1587	36 
1588	56 
1589	62 
1590	16 
1591	80 
1592	84 
1593	13 
1594	33 
1595	15 
1596	30 
1597	53 
1598	76 
1599	75 
1600	16 
1601	1 
1602	6 
1603	90 
1604	4 
1605	78 
1606	11 
1607	20 
1608	28 
1609	75 
1610	89 
1611	47 
1612	47 
1613	57 
1614	71 
1615	53 
1616	84 
1617	63 
1618	8 
1619	36 
1620	46 
1621	55 
1622	5 
1623	16 
1624	48 
1625	24 
1626	58 
1627	85 
1628	15 
1629	51 
1630	25 
1631	50 
1632	39 
1633	13 
1634	4 
1635	87 
1636	19 
1637	46 
1638	21 
1639	41 
1640	87 
1641	87 
1642	28 
1643	35 
1644	60 
1645	89 
1646	90 
1647	48 
1648	39 
1649	43 
1650	14 
1651	33 
1652	20 
1653	55 
1654	34 
1655	42 
1656	68 
1657	14 
1658	46 
1659	1 
1660	61 
1661	42 
1662	59 
1663	12 
1664	65 
1665	47 
1666	28 
1667	14 
1668	4 
1669	46 
1670	35 
1671	84 
1672	81 
1673	27 
1674	59 
1675	1 
1676	60 
1677	59 
1678	40 
1679	47 
1680	6 
1681	81 
1682	33 
1683	63 
1684	89 
1685	44 
1686	80 
1687	27 
1688	3 
1689	42 
1690	38 
1691	7 
1692	78 
1693	5 
1694	68 
1695	32 
1696	39 
1697	40 
1698	9 
1699	57 
1700	68 
1701	35 
1702	83 
1703	13 
1704	57 
1705	17 
1706	53 
1707	71 
1708	51 
1709	74 
1710	23 
1711	88 
1712	25 
1713	19 
1714	48 
1715	27 
1716	44 
1717	46 
1718	2 
1719	36 
1720	20 
1721	57 
1722	10 
1723	40 
1724	83 
1725	80 
1726	13 
1727	49 
1728	29 
1729	60 
1730	9 
1731	9 
1732	5 
1733	20 
1734	47 
1735	70 
1736	32 
1737	36 
1738	79 
1739	43 
1740	90 
1741	19 
1742	20 
1743	62 
1744	17 
1745	60 
1746	18 
1747	83 
1748	31 
1749	16 
1750	75 
1751	13 
1752	1 
1753	10 
1754	24 
1755	51 
1756	73 
1757	51 
1758	15 
1759	71 
1760	71 
1761	21 
1762	88 
1763	46 
1764	34 
1765	18 
1766	39 
1767	61 
1768	88 
1769	24 
1770	57 
1771	48 
1772	32 
1773	44 
1774	16 
1775	38 
1776	49 
1777	53 
1778	86 
1779	88 
1780	31 
1781	85 
1782	58 
1783	57 
1784	27 
1785	75 
1786	33 
1787	18 
1788	47 
1789	57 
1790	75 
1791	10 
1792	73 
1793	32 
1794	79 
1795	79 
1796	88 
1797	64 
1798	11 
1799	78 
1800	24 
1801	67 
1802	7 
1803	1 
1804	12 
1805	64 
1806	18 
1807	10 
1808	64 
1809	18 
1810	46 
1811	43 
1812	39 
1813	81 
1814	29 
1815	66 
1816	86 
1817	34 
1818	89 
1819	8 
1820	17 
1821	7 
1822	86 
1823	83 
1824	42 
1825	33 
1826	3 
1827	87 
1828	39 
1829	5 
1830	84 
1831	48 
1832	17 
1833	36 
1834	27 
1835	50 
1836	45 
1837	18 
1838	19 
1839	10 
1840	11 
1841	28 
1842	47 
1843	68 
1844	17 
1845	44 
1846	79 
1847	4 
1848	16 
1849	17 
1850	42 
1851	54 
1852	89 
1853	68 
1854	16 
1855	79 
1856	18 
1857	2 
1858	55 
1859	32 
1860	56 
1861	31 
1862	17 
1863	2 
1864	25 
1865	71 
1866	14 
1867	10 
1868	34 
1869	44 
1870	7 
1871	65 
1872	5 
1873	58 
1874	25 
1875	23 
1876	36 
1877	62 
1878	29 
1879	51 
1880	61 
1881	40 
1882	62 
1883	88 
1884	64 
1885	27 
1886	61 
1887	25 
1888	60 
1889	75 
1890	1 
1891	40 
1892	84 
1893	68 
1894	88 
1895	8 
1896	6 
1897	4 
1898	87 
1899	48 
1900	7 
1901	77 
1902	44 
1903	19 
1904	43 
1905	56 
1906	4 
1907	85 
1908	80 
1909	87 
1910	47 
1911	31 
1912	50 
1913	79 
1914	62 
1915	7 
1916	52 
1917	69 
1918	43 
1919	86 
1920	88 
1921	45 
1922	28 
1923	28 
1924	80 
1925	34 
1926	89 
1927	78 
1928	64 
1929	13 
1930	3 
1931	46 
1932	12 
1933	85 
1934	64 
1935	12 
1936	24 
1937	29 
1938	4 
1939	17 
1940	63 
1941	68 
1942	37 
1943	48 
1944	41 
1945	42 
1946	56 
1947	57 
1948	62 
1949	22 
1950	31 
1951	63 
1952	83 
1953	89 
1954	71 
1955	50 
1956	2 
1957	27 
1958	42 
1959	53 
1960	84 
1961	20 
1962	53 
1963	43 
1964	34 
1965	80 
1966	62 
1967	46 
1968	85 
1969	62 
1970	86 
1971	31 
1972	76 
1973	90 
1974	76 
1975	53 
1976	20 
1977	86 
1978	59 
1979	21 
1980	88 
1981	3 
1982	72 
1983	82 
1984	81 
1985	9 
1986	41 
1987	75 
1988	55 
1989	18 
1990	1 
1991	3 
1992	82 
1993	44 
1994	52 
1995	44 
1996	66 
1997	69 
1998	7 
1999	45 
2000	26 
2001	9 
2002	4 
2003	3 
2004	39 
2005	43 
2006	37 
2007	6 
2008	60 
2009	1 
2010	23 
2011	48 
2012	23 
2013	41 
2014	47 
2015	71 
2016	26 
2017	55 
2018	40 
2019	17 
2020	69 
2021	3 
2022	10 
2023	57 
2024	22 
2025	34 
2026	50 
2027	42 
2028	41 
2029	86 
2030	21 
2031	87 
2032	70 
2033	38 
2034	14 
2035	8 
2036	83 
2037	62 
2038	88 
2039	14 
2040	14 
2041	83 
2042	53 
2043	5 
2044	15 
2045	32 
2046	18 
2047	70 
2048	5 
2049	56 
2050	81 
2051	63 
2052	76 
2053	1 
2054	5 
2055	85 
2056	34 
2057	16 
2058	57 
2059	8 
2060	42 
2061	59 
2062	12 
2063	42 
2064	86 
2065	63 
2066	73 
2067	58 
2068	82 
2069	84 
2070	74 
2071	75 
2072	20 
2073	80 
2074	76 
2075	64 
2076	76 
2077	81 
2078	56 
2079	26 
2080	28 
2081	53 
2082	51 
2083	62 
2084	80 
2085	46 
2086	51 
2087	50 
2088	37 
2089	71 
2090	21 
2091	74 
2092	4 
2093	81 
2094	70 
2095	5 
2096	24 
2097	86 
2098	34 
2099	54 
2100	45 
2101	20 
2102	75 
2103	70 
2104	25 
2105	58 
2106	13 
2107	5 
2108	90 
2109	37 
2110	33 
2111	83 
2112	86 
2113	18 
2114	38 
2115	36 
2116	79 
2117	42 
2118	66 
2119	48 
2120	11 
2121	80 
2122	80 
2123	45 
2124	1 
2125	74 
2126	11 
2127	59 
2128	88 
2129	5 
2130	2 
2131	75 
2132	7 
2133	71 
2134	81 
2135	51 
2136	12 
2137	24 
2138	90 
2139	3 
2140	80 
2141	48 
2142	16 
2143	13 
2144	32 
2145	34 
2146	10 
2147	15 
2148	27 
2149	76 
2150	33 
2151	85 
2152	74 
2153	20 
2154	52 
2155	86 
2156	65 
2157	38 
2158	15 
2159	57 
2160	27 
2161	86 
2162	47 
2163	52 
2164	80 
2165	32 
2166	11 
2167	17 
2168	33 
2169	41 
2170	87 
2171	88 
2172	56 
2173	29 
2174	50 
2175	36 
2176	13 
2177	87 
2178	27 
2179	56 
2180	82 
2181	67 
2182	75 
2183	47 
2184	53 
2185	43 
2186	80 
2187	52 
2188	68 
2189	56 
2190	55 
2191	90 
2192	34 
2193	88 
2194	3 
2195	80 
2196	3 
2197	59 
2198	30 
2199	24 
2200	74 
2201	59 
2202	52 
2203	76 
2204	67 
2205	32 
2206	75 
2207	28 
2208	84 
2209	81 
2210	66 
2211	7 
2212	68 
2213	85 
2214	5 
2215	90 
2216	50 
2217	86 
2218	26 
2219	24 
2220	40 
2221	83 
2222	60 
2223	87 
2224	22 
2225	6 
2226	44 
2227	26 
2228	31 
2229	46 
2230	83 
2231	35 
2232	6 
2233	8 
2234	6 
2235	64 
2236	77 
2237	14 
2238	15 
2239	18 
2240	36 
2241	84 
2242	79 
2243	32 
2244	90 
2245	2 
2246	7 
2247	82 
2248	27 
2249	47 
2250	63 
2251	38 
2252	71 
2253	24 
2254	69 
2255	30 
2256	38 
2257	17 
2258	6 
2259	56 
2260	60 
2261	59 
2262	77 
2263	10 
2264	39 
2265	73 
2266	48 
2267	26 
2268	68 
2269	53 
2270	21 
2271	32 
2272	15 
2273	10 
2274	14 
2275	73 
2276	82 
2277	78 
2278	26 
2279	56 
2280	57 
2281	69 
2282	19 
2283	26 
2284	9 
2285	7 
2286	80 
2287	7 
2288	7 
2289	71 
2290	66 
2291	69 
2292	32 
2293	68 
2294	60 
2295	11 
2296	43 
2297	51 
2298	89 
2299	83 
2300	77 
2301	16 
2302	42 
2303	38 
2304	73 
2305	44 
2306	18 
2307	83 
2308	1 
2309	7 
2310	44 
2311	3 
2312	76 
2313	62 
2314	39 
2315	61 
2316	17 
2317	84 
2318	23 
2319	25 
2320	67 
2321	3 
2322	76 
2323	14 
2324	52 
2325	17 
2326	60 
2327	57 
2328	52 
2329	2 
2330	42 
2331	80 
2332	73 
2333	29 
2334	41 
2335	74 
2336	28 
2337	82 
2338	57 
2339	14 
2340	54 
2341	44 
2342	47 
2343	70 
2344	78 
2345	7 
2346	53 
2347	51 
2348	53 
2349	24 
2350	23 
2351	80 
2352	69 
2353	37 
2354	29 
2355	19 
2356	53 
2357	59 
2358	40 
2359	90 
2360	87 
2361	90 
2362	69 
2363	74 
2364	71 
2365	70 
2366	32 
2367	42 
2368	28 
2369	82 
2370	8 
2371	15 
2372	13 
2373	14 
2374	79 
2375	3 
2376	7 
2377	7 
2378	17 
2379	83 
2380	73 
2381	56 
2382	36 
2383	79 
2384	68 
2385	57 
2386	62 
2387	63 
2388	89 
2389	7 
2390	19 
2391	36 
2392	43 
2393	33 
2394	34 
2395	86 
2396	46 
2397	62 
2398	76 
2399	41 
2400	27 
2401	76 
2402	50 
2403	29 
2404	57 
2405	76 
2406	89 
2407	26 
2408	55 
2409	56 
2410	82 
2411	18 
2412	24 
2413	73 
2414	40 
2415	41 
2416	49 
2417	56 
2418	63 
2419	3 
2420	73 
2421	1 
2422	52 
2423	16 
2424	20 
2425	84 
2426	57 
2427	66 
2428	19 
2429	62 
2430	43 
2431	53 
2432	32 
2433	12 
2434	45 
2435	21 
2436	17 
2437	86 
2438	87 
2439	90 
2440	70 
2441	18 
2442	23 
2443	83 
2444	55 
2445	27 
2446	16 
2447	26 
2448	58 
2449	16 
2450	67 
2451	84 
2452	54 
2453	80 
2454	79 
2455	5 
2456	59 
2457	35 
2458	51 
2459	39 
2460	38 
2461	10 
2462	23 
2463	73 
2464	85 
2465	6 
2466	88 
2467	66 
2468	54 
2469	64 
2470	53 
2471	40 
2472	81 
2473	28 
2474	4 
2475	77 
2476	61 
2477	10 
2478	3 
2479	50 
2480	78 
2481	54 
2482	56 
2483	85 
2484	88 
2485	41 
2486	2 
2487	84 
2488	55 
2489	34 
2490	23 
2491	35 
2492	77 
2493	7 
2494	3 
2495	47 
2496	90 
2497	62 
2498	13 
2499	77 
2500	69 
2501	60 
2502	30 
2503	53 
2504	12 
2505	27 
2506	55 
2507	8 
2508	47 
2509	62 
2510	86 
2511	79 
2512	33 
2513	12 
2514	53 
2515	86 
2516	3 
2517	60 
2518	2 
2519	34 
2520	66 
2521	75 
2522	26 
2523	81 
2524	87 
2525	48 
2526	85 
2527	53 
2528	80 
2529	79 
2530	7 
2531	2 
2532	9 
2533	79 
2534	50 
2535	72 
2536	49 
2537	15 
2538	20 
2539	5 
2540	60 
2541	32 
2542	21 
2543	47 
2544	88 
2545	16 
2546	34 
2547	73 
2548	78 
2549	31 
2550	28 
2551	39 
2552	80 
2553	43 
2554	64 
2555	15 
2556	48 
2557	9 
2558	82 
2559	54 
2560	25 
2561	11 
2562	3 
2563	66 
2564	18 
2565	71 
2566	52 
2567	2 
2568	17 
2569	28 
2570	80 
2571	8 
2572	82 
2573	55 
2574	41 
2575	23 
2576	65 
2577	32 
2578	39 
2579	25 
2580	13 
2581	56 
2582	64 
2583	47 
2584	18 
2585	30 
2586	43 
2587	87 
2588	12 
2589	69 
2590	73 
2591	81 
2592	31 
2593	71 
2594	32 
2595	44 
2596	19 
2597	57 
2598	43 
2599	67 
2600	71 
2601	50 
2602	28 
2603	82 
2604	37 
2605	30 
2606	66 
2607	90 
2608	50 
2609	89 
2610	50 
2611	86 
2612	32 
2613	89 
2614	46 
2615	12 
2616	5 
2617	52 
2618	14 
2619	6 
2620	31 
2621	7 
2622	53 
2623	89 
2624	13 
2625	8 
2626	59 
2627	90 
2628	19 
2629	15 
2630	53 
2631	87 
2632	28 
2633	89 
2634	32 
2635	60 
2636	13 
2637	32 
2638	88 
2639	77 
2640	63 
2641	57 
2642	17 
2643	90 
2644	39 
2645	30 
2646	38 
2647	37 
2648	77 
2649	10 
2650	4 
2651	45 
2652	40 
2653	47 
2654	75 
2655	48 
2656	82 
2657	40 
2658	19 
2659	78 
2660	30 
2661	37 
2662	26 
2663	36 
2664	74 
2665	1 
2666	37 
2667	22 
2668	29 
2669	88 
2670	41 
2671	21 
2672	47 
2673	15 
2674	57 
2675	9 
2676	29 
2677	67 
2678	1 
2679	13 
2680	20 
2681	9 
2682	81 
2683	70 
2684	90 
2685	32 
2686	49 
2687	80 
2688	26 
2689	58 
2690	36 
2691	64 
2692	7 
2693	22 
2694	72 
2695	64 
2696	45 
2697	62 
2698	57 
2699	38 
2700	56 
2701	73 
2702	59 
2703	26 
2704	3 
2705	89 
2706	82 
2707	34 
2708	63 
2709	62 
2710	69 
2711	41 
2712	78 
2713	13 
2714	79 
2715	73 
2716	73 
2717	66 
2718	6 
2719	13 
2720	19 
2721	59 
2722	33 
2723	43 
2724	80 
2725	74 
2726	87 
2727	66 
2728	17 
2729	47 
2730	60 
2731	78 
2732	11 
2733	7 
2734	15 
2735	83 
2736	41 
2737	78 
2738	88 
2739	87 
2740	51 
2741	53 
2742	68 
2743	37 
2744	19 
2745	56 
2746	87 
2747	7 
2748	17 
2749	5 
2750	81 
2751	14 
2752	39 
2753	28 
2754	38 
2755	53 
2756	37 
2757	41 
2758	87 
2759	64 
2760	36 
2761	12 
2762	53 
2763	82 
2764	38 
2765	16 
2766	79 
2767	69 
2768	33 
2769	46 
2770	52 
2771	8 
2772	75 
2773	47 
2774	44 
2775	12 
2776	59 
2777	64 
2778	20 
2779	80 
2780	24 
2781	42 
2782	61 
2783	25 
2784	86 
2785	45 
2786	1 
2787	86 
2788	34 
2789	70 
2790	88 
2791	21 
2792	21 
2793	70 
2794	15 
2795	30 
2796	14 
2797	63 
2798	76 
2799	17 
2800	44 
2801	48 
2802	49 
2803	22 
2804	37 
2805	68 
2806	78 
2807	37 
2808	29 
2809	67 
2810	88 
2811	4 
2812	42 
2813	20 
2814	18 
2815	77 
2816	33 
2817	65 
2818	80 
2819	47 
2820	38 
2821	18 
2822	86 
2823	36 
2824	47 
2825	33 
2826	59 
2827	66 
2828	30 
2829	53 
2830	87 
2831	82 
2832	19 
2833	89 
2834	30 
2835	43 
2836	75 
2837	59 
2838	17 
2839	4 
2840	73 
2841	76 
2842	88 
2843	59 
2844	3 
2845	13 
2846	53 
2847	59 
2848	79 
2849	53 
2850	66 
2851	49 
2852	82 
2853	25 
2854	29 
2855	78 
2856	27 
2857	51 
2858	35 
2859	39 
2860	7 
2861	13 
2862	6 
2863	80 
2864	67 
2865	6 
2866	64 
2867	37 
2868	40 
2869	11 
2870	62 
2871	30 
2872	54 
2873	62 
2874	89 
2875	89 
2876	53 
2877	72 
2878	26 
2879	40 
2880	41 
2881	75 
2882	52 
2883	17 
2884	30 
2885	56 
2886	79 
2887	33 
2888	15 
2889	37 
2890	29 
2891	71 
2892	19 
2893	13 
2894	87 
2895	10 
2896	64 
2897	74 
2898	46 
2899	65 
2900	62 
2901	71 
2902	25 
2903	10 
2904	37 
2905	20 
2906	24 
2907	81 
2908	32 
2909	29 
2910	82 
2911	33 
2912	68 
2913	17 
2914	13 
2915	77 
2916	52 
2917	6 
2918	83 
2919	58 
2920	63 
2921	26 
2922	25 
2923	73 
2924	33 
2925	58 
2926	8 
2927	28 
2928	62 
2929	67 
2930	14 
2931	18 
2932	30 
2933	48 
2934	36 
2935	2 
2936	28 
2937	89 
2938	30 
2939	24 
2940	58 
2941	83 
2942	16 
2943	8 
2944	52 
2945	42 
2946	80 
2947	10 
2948	70 
2949	88 
2950	38 
2951	36 
2952	79 
2953	76 
2954	62 
2955	57 
2956	87 
2957	57 
2958	23 
2959	87 
2960	2 
2961	28 
2962	15 
2963	2 
2964	43 
2965	37 
2966	10 
2967	70 
2968	46 
2969	77 
2970	59 
2971	57 
2972	52 
2973	85 
2974	2 
2975	73 
2976	85 
2977	23 
2978	29 
2979	28 
2980	82 
2981	42 
2982	75 
2983	24 
2984	51 
2985	44 
2986	6 
2987	14 
2988	36 
2989	44 
2990	47 
2991	68 
2992	36 
2993	38 
2994	49 
2995	28 
2996	35 
2997	37 
2998	65 
2999	71 
3000	65 
3001	58 
3002	8 
3003	90 
3004	53 
3005	71 
3006	22 
3007	79 
3008	50 
3009	28 
3010	74 
3011	80 
3012	2 
3013	19 
3014	79 
3015	60 
3016	57 
3017	32 
3018	48 
3019	45 
3020	25 
3021	15 
3022	53 
3023	61 
3024	39 
3025	69 
3026	13 
3027	89 
3028	22 
3029	9 
3030	88 
3031	46 
3032	48 
3033	1 
3034	18 
3035	28 
3036	19 
3037	2 
3038	68 
3039	55 
3040	84 
3041	61 
3042	46 
3043	28 
3044	85 
3045	71 
3046	40 
3047	83 
3048	81 
3049	63 
3050	56 
3051	4 
3052	48 
3053	11 
3054	36 
3055	44 
3056	32 
3057	72 
3058	81 
3059	28 
3060	45 
3061	86 
3062	50 
3063	7 
3064	89 
3065	46 
3066	67 
3067	7 
3068	38 
3069	12 
3070	74 
3071	7 
3072	61 
3073	88 
3074	55 
3075	23 
3076	15 
3077	46 
3078	10 
3079	74 
3080	56 
3081	15 
3082	30 
3083	44 
3084	10 
3085	53 
3086	31 
3087	25 
3088	8 
3089	68 
3090	88 
3091	21 
3092	16 
3093	67 
3094	8 
3095	47 
3096	4 
3097	30 
3098	67 
3099	34 
3100	24 
3101	41 
3102	40 
3103	49 
3104	7 
3105	1 
3106	24 
3107	8 
3108	48 
3109	65 
3110	39 
3111	77 
3112	86 
3113	56 
3114	49 
3115	21 
3116	4 
3117	25 
3118	12 
3119	70 
3120	57 
3121	49 
3122	26 
3123	12 
3124	45 
3125	51 
3126	62 
3127	33 
3128	20 
3129	18 
3130	30 
3131	11 
3132	12 
3133	45 
3134	82 
3135	87 
3136	53 
3137	49 
3138	5 
3139	44 
3140	77 
3141	88 
3142	35 
3143	3 
3144	74 
3145	9 
3146	86 
3147	90 
3148	3 
3149	7 
3150	77 
3151	35 
3152	82 
3153	10 
3154	30 
3155	28 
3156	21 
3157	34 
3158	44 
3159	75 
3160	85 
3161	16 
3162	48 
3163	85 
3164	33 
3165	16 
3166	52 
3167	30 
3168	68 
3169	49 
3170	46 
3171	31 
3172	56 
3173	57 
3174	15 
3175	21 
3176	44 
3177	26 
3178	79 
3179	3 
3180	57 
3181	90 
3182	63 
3183	66 
3184	69 
3185	7 
3186	61 
3187	18 
3188	18 
3189	64 
3190	42 
3191	40 
3192	34 
3193	45 
3194	90 
3195	39 
3196	69 
3197	73 
3198	87 
3199	23 
3200	74 
3201	58 
3202	90 
3203	90 
3204	15 
3205	83 
3206	54 
3207	9 
3208	87 
3209	56 
3210	52 
3211	39 
3212	22 
3213	56 
3214	58 
3215	85 
3216	44 
3217	81 
3218	83 
3219	73 
3220	7 
3221	36 
3222	59 
3223	85 
3224	35 
3225	72 
3226	33 
3227	14 
3228	78 
3229	56 
3230	45 
3231	80 
3232	38 
3233	8 
3234	7 
3235	57 
3236	12 
3237	88 
3238	46 
3239	84 
3240	9 
3241	9 
3242	56 
3243	34 
3244	26 
3245	13 
3246	2 
3247	54 
3248	65 
3249	67 
3250	28 
3251	3 
3252	74 
3253	43 
3254	70 
3255	88 
3256	90 
3257	46 
3258	79 
3259	89 
3260	74 
3261	70 
3262	56 
3263	5 
3264	83 
3265	8 
3266	4 
3267	35 
3268	20 
3269	74 
3270	3 
3271	69 
3272	85 
3273	25 
3274	74 
3275	62 
3276	64 
3277	21 
3278	10 
3279	35 
3280	50 
3281	57 
3282	42 
3283	13 
3284	28 
3285	67 
3286	88 
3287	57 
3288	42 
3289	85 
3290	74 
3291	26 
3292	47 
3293	34 
3294	56 
3295	23 
3296	33 
3297	86 
3298	27 
3299	64 
3300	70 
3301	23 
3302	23 
3303	55 
3304	22 
3305	31 
3306	32 
3307	58 
3308	8 
3309	80 
3310	44 
3311	55 
3312	17 
3313	50 
3314	1 
3315	39 
3316	42 
3317	62 
3318	66 
3319	62 
3320	67 
3321	76 
3322	52 
3323	12 
3324	32 
3325	41 
3326	23 
3327	43 
3328	15 
3329	43 
3330	23 
3331	55 
3332	13 
3333	26 
3334	86 
3335	78 
3336	83 
3337	81 
3338	39 
3339	11 
3340	64 
3341	85 
3342	88 
3343	48 
3344	80 
3345	57 
3346	31 
3347	61 
3348	60 
3349	50 
3350	24 
3351	59 
3352	15 
3353	28 
3354	63 
3355	64 
3356	24 
3357	32 
3358	75 
3359	78 
3360	19 
3361	46 
3362	68 
3363	32 
3364	84 
3365	32 
3366	16 
3367	25 
3368	12 
3369	86 
3370	1 
3371	17 
3372	8 
3373	38 
3374	14 
3375	61 
3376	49 
3377	66 
3378	29 
3379	24 
3380	65 
3381	55 
3382	60 
3383	90 
3384	31 
3385	70 
3386	22 
3387	61 
3388	43 
3389	15 
3390	30 
3391	28 
3392	48 
3393	2 
3394	7 
3395	58 
3396	8 
3397	29 
3398	68 
3399	68 
3400	3 
3401	44 
3402	35 
3403	78 
3404	62 
3405	62 
3406	80 
3407	77 
3408	85 
3409	16 
3410	42 
3411	72 
3412	44 
3413	19 
3414	81 
3415	13 
3416	59 
3417	30 
3418	52 
3419	3 
3420	69 
3421	11 
3422	23 
3423	55 
3424	44 
3425	30 
3426	24 
3427	1 
3428	15 
3429	12 
3430	78 
3431	17 
3432	79 
3433	62 
3434	34 
3435	6 
3436	6 
3437	64 
3438	62 
3439	82 
3440	54 
3441	33 
3442	20 
3443	80 
3444	29 
3445	63 
3446	3 
3447	42 
3448	88 
3449	5 
3450	57 
3451	16 
3452	12 
3453	44 
3454	53 
3455	90 
3456	29 
3457	78 
3458	5 
3459	56 
3460	42 
3461	19 
3462	22 
3463	2 
3464	65 
3465	29 
3466	32 
3467	89 
3468	12 
3469	32 
3470	24 
3471	41 
3472	7 
3473	74 
3474	82 
3475	25 
3476	88 
3477	75 
3478	5 
3479	80 
3480	12 
3481	89 
3482	30 
3483	87 
3484	82 
3485	29 
3486	14 
3487	90 
3488	46 
3489	89 
3490	78 
3491	75 
3492	39 
3493	73 
3494	74 
3495	64 
3496	87 
3497	23 
3498	16 
3499	88 
3500	38 
3501	7 
3502	10 
3503	47 
3504	40 
3505	59 
3506	62 
3507	70 
3508	27 
3509	15 
3510	63 
3511	69 
3512	57 
3513	5 
3514	86 
3515	37 
3516	30 
3517	51 
3518	16 
3519	28 
3520	45 
3521	7 
3522	48 
3523	44 
3524	62 
3525	62 
3526	11 
3527	21 
3528	37 
3529	42 
3530	41 
3531	78 
3532	8 
3533	49 
3534	47 
3535	77 
3536	69 
3537	46 
3538	39 
3539	44 
3540	82 
3541	44 
3542	30 
3543	59 
3544	32 
3545	54 
3546	86 
3547	67 
3548	19 
3549	48 
3550	87 
3551	13 
3552	55 
3553	29 
3554	28 
3555	8 
3556	41 
3557	71 
3558	60 
3559	40 
3560	12 
3561	42 
3562	13 
3563	19 
3564	48 
3565	14 
3566	11 
3567	31 
3568	29 
3569	14 
3570	51 
3571	14 
3572	89 
3573	19 
3574	65 
3575	72 
3576	15 
3577	28 
3578	28 
3579	58 
3580	34 
3581	67 
3582	73 
3583	77 
3584	12 
3585	65 
3586	40 
3587	3 
3588	50 
3589	68 
3590	57 
3591	40 
3592	64 
3593	68 
3594	68 
3595	72 
3596	47 
3597	47 
3598	39 
3599	41 
3600	44 
3601	72 
3602	66 
3603	43 
3604	30 
3605	88 
3606	72 
3607	38 
3608	66 
3609	57 
3610	50 
3611	78 
3612	5 
3613	33 
3614	66 
3615	90 
3616	87 
3617	45 
3618	53 
3619	11 
3620	66 
3621	4 
3622	66 
3623	84 
3624	39 
3625	1 
3626	38 
3627	45 
3628	33 
3629	29 
3630	21 
3631	9 
3632	68 
3633	89 
3634	78 
3635	58 
3636	58 
3637	8 
3638	20 
3639	3 
3640	35 
3641	89 
3642	5 
3643	89 
3644	36 
3645	14 
3646	14 
3647	37 
3648	52 
3649	20 
3650	9 
3651	58 
3652	72 
3653	88 
3654	48 
3655	74 
3656	67 
3657	9 
3658	78 
3659	37 
3660	90 
3661	64 
3662	38 
3663	28 
3664	18 
3665	71 
3666	44 
3667	58 
3668	41 
3669	57 
3670	7 
3671	4 
3672	84 
3673	43 
3674	42 
3675	74 
3676	88 
3677	72 
3678	30 
3679	77 
3680	7 
3681	55 
3682	63 
3683	73 
3684	47 
3685	90 
3686	35 
3687	5 
3688	45 
3689	29 
3690	8 
3691	81 
3692	25 
3693	6 
3694	25 
3695	8 
3696	88 
3697	88 
3698	38 
3699	46 
3700	80 
3701	60 
3702	50 
3703	87 
3704	46 
3705	46 
3706	13 
3707	15 
3708	21 
3709	82 
3710	7 
3711	25 
3712	73 
3713	22 
3714	45 
3715	52 
3716	19 
3717	66 
3718	47 
3719	44 
3720	44 
3721	49 
3722	79 
3723	32 
3724	85 
3725	4 
3726	59 
3727	50 
3728	19 
3729	44 
3730	57 
3731	67 
3732	24 
3733	71 
3734	65 
3735	52 
3736	73 
3737	49 
3738	42 
3739	41 
3740	29 
3741	14 
3742	58 
3743	46 
3744	77 
3745	79 
3746	83 
3747	68 
3748	31 
3749	46 
3750	23 
3751	77 
3752	57 
3753	90 
3754	73 
3755	64 
3756	11 
3757	37 
3758	30 
3759	56 
3760	44 
3761	65 
3762	7 
3763	3 
3764	66 
3765	63 
3766	35 
3767	85 
3768	76 
3769	55 
3770	57 
3771	82 
3772	52 
3773	26 
3774	79 
3775	42 
3776	70 
3777	31 
3778	70 
3779	11 
3780	56 
3781	75 
3782	15 
3783	29 
3784	47 
3785	22 
3786	39 
3787	74 
3788	64 
3789	87 
3790	42 
3791	20 
3792	29 
3793	62 
3794	23 
3795	46 
3796	43 
3797	50 
3798	54 
3799	72 
3800	51 
3801	89 
3802	63 
3803	27 
3804	30 
3805	59 
3806	44 
3807	47 
3808	14 
3809	45 
3810	3 
3811	2 
3812	47 
3813	4 
3814	19 
3815	61 
3816	55 
3817	39 
3818	7 
3819	15 
3820	19 
3821	40 
3822	4 
3823	83 
3824	40 
3825	79 
3826	35 
3827	53 
3828	18 
3829	45 
3830	64 
3831	61 
3832	27 
3833	10 
3834	54 
3835	74 
3836	73 
3837	49 
3838	41 
3839	28 
3840	28 
3841	11 
3842	33 
3843	54 
3844	12 
3845	81 
3846	25 
3847	51 
3848	70 
3849	74 
3850	34 
3851	8 
3852	77 
3853	43 
3854	84 
3855	83 
3856	65 
3857	5 
3858	63 
3859	24 
3860	38 
3861	2 
3862	69 
3863	12 
3864	42 
3865	34 
3866	2 
3867	35 
3868	86 
3869	4 
3870	86 
3871	5 
3872	50 
3873	46 
3874	82 
3875	27 
3876	10 
3877	52 
3878	43 
3879	34 
3880	48 
3881	20 
3882	69 
3883	14 
3884	82 
3885	20 
3886	12 
3887	58 
3888	59 
3889	86 
3890	15 
3891	84 
3892	57 
3893	75 
3894	11 
3895	83 
3896	33 
3897	23 
3898	36 
3899	69 
3900	35 
3901	8 
3902	65 
3903	24 
3904	36 
3905	1 
3906	40 
3907	62 
3908	51 
3909	37 
3910	89 
3911	87 
3912	58 
3913	87 
3914	35 
3915	87 
3916	52 
3917	10 
3918	87 
3919	31 
3920	5 
3921	28 
3922	66 
3923	24 
3924	69 
3925	75 
3926	5 
3927	26 
3928	42 
3929	65 
3930	79 
3931	4 
3932	29 
3933	19 
3934	26 
3935	25 
3936	85 
3937	76 
3938	86 
3939	50 
3940	22 
3941	48 
3942	54 
3943	38 
3944	40 
3945	45 
3946	34 
3947	80 
3948	29 
3949	60 
3950	14 
3951	27 
3952	84 
3953	74 
3954	56 
3955	12 
3956	87 
3957	86 
3958	40 
3959	58 
3960	21 
3961	27 
3962	43 
3963	64 
3964	47 
3965	80 
3966	6 
3967	82 
3968	11 
3969	15 
3970	31 
3971	37 
3972	85 
3973	10 
3974	55 
3975	9 
3976	5 
3977	31 
3978	15 
3979	37 
3980	88 
3981	81 
3982	86 
3983	32 
3984	5 
3985	88 
3986	89 
3987	58 
3988	58 
3989	2 
3990	29 
3991	1 
3992	65 
3993	89 
3994	39 
3995	12 
3996	24 
3997	31 
3998	2 
3999	41 
4000	64 
4001	86 
4002	79 
4003	67 
4004	50 
4005	28 
4006	33 
4007	54 
4008	39 
4009	66 
4010	17 
4011	33 
4012	43 
4013	77 
4014	43 
4015	52 
4016	80 
4017	1 
4018	44 
4019	29 
4020	50 
4021	50 
4022	39 
4023	60 
4024	82 
4025	14 
4026	38 
4027	54 
4028	50 
4029	50 
4030	62 
4031	72 
4032	86 
4033	54 
4034	84 
4035	55 
4036	10 
4037	64 
4038	88 
4039	48 
4040	58 
4041	30 
4042	23 
4043	72 
4044	59 
4045	73 
4046	24 
4047	7 
4048	47 
4049	66 
4050	47 
4051	67 
4052	25 
4053	72 
4054	22 
4055	78 
4056	34 
4057	69 
4058	18 
4059	23 
4060	73 
4061	44 
4062	11 
4063	14 
4064	43 
4065	80 
4066	58 
4067	29 
4068	29 
4069	4 
4070	66 
4071	50 
4072	80 
4073	57 
4074	57 
4075	21 
4076	81 
4077	44 
4078	8 
4079	69 
4080	10 
4081	80 
4082	8 
4083	21 
4084	86 
4085	60 
4086	21 
4087	3 
4088	56 
4089	67 
4090	46 
4091	46 
4092	39 
4093	48 
4094	13 
4095	8 
4096	7 
4097	42 
4098	21 
4099	79 
4100	29 
4101	27 
4102	37 
4103	66 
4104	18 
4105	1 
4106	52 
4107	32 
4108	28 
4109	76 
4110	18 
4111	72 
4112	64 
4113	40 
4114	6 
4115	23 
4116	11 
4117	90 
4118	65 
4119	27 
4120	2 
4121	88 
4122	83 
4123	69 
4124	29 
4125	70 
4126	25 
4127	47 
4128	17 
4129	11 
4130	24 
4131	22 
4132	73 
4133	31 
4134	47 
4135	74 
4136	26 
4137	75 
4138	90 
4139	65 
4140	22 
4141	2 
4142	56 
4143	35 
4144	21 
4145	28 
4146	23 
4147	72 
4148	42 
4149	24 
4150	11 
4151	14 
4152	44 
4153	73 
4154	10 
4155	46 
4156	28 
4157	90 
4158	45 
4159	44 
4160	56 
4161	77 
4162	29 
4163	1 
4164	36 
4165	18 
4166	67 
4167	71 
4168	55 
4169	64 
4170	9 
4171	48 
4172	64 
4173	63 
4174	39 
4175	82 
4176	28 
4177	79 
4178	39 
4179	12 
4180	87 
4181	23 
4182	1 
4183	23 
4184	43 
4185	4 
4186	21 
4187	41 
4188	80 
4189	75 
4190	66 
4191	8 
4192	36 
4193	56 
4194	87 
4195	47 
4196	34 
4197	75 
4198	90 
4199	16 
4200	24 
4201	22 
4202	41 
4203	10 
4204	43 
4205	37 
4206	41 
4207	87 
4208	20 
4209	23 
4210	76 
4211	36 
4212	12 
4213	48 
4214	25 
4215	69 
4216	30 
4217	34 
4218	68 
4219	20 
4220	39 
4221	11 
4222	62 
4223	28 
4224	83 
4225	59 
4226	60 
4227	7 
4228	81 
4229	40 
4230	17 
4231	25 
4232	5 
4233	88 
4234	78 
4235	81 
4236	50 
4237	32 
4238	62 
4239	49 
4240	87 
4241	63 
4242	45 
4243	56 
4244	71 
4245	35 
4246	69 
4247	13 
4248	53 
4249	55 
4250	61 
4251	10 
4252	9 
4253	60 
4254	72 
4255	25 
4256	18 
4257	60 
4258	17 
4259	6 
4260	59 
4261	90 
4262	19 
4263	40 
4264	55 
4265	18 
4266	35 
4267	55 
4268	42 
4269	47 
4270	15 
4271	83 
4272	73 
4273	42 
4274	56 
4275	12 
4276	81 
4277	37 
4278	7 
4279	50 
4280	7 
4281	87 
4282	26 
4283	28 
4284	59 
4285	44 
4286	42 
4287	75 
4288	44 
4289	22 
4290	78 
4291	74 
4292	4 
4293	17 
4294	15 
4295	55 
4296	72 
4297	27 
4298	37 
4299	87 
4300	2 
4301	34 
4302	27 
4303	47 
4304	66 
4305	55 
4306	87 
4307	88 
4308	14 
4309	77 
4310	69 
4311	43 
4312	32 
4313	8 
4314	54 
4315	87 
4316	65 
4317	61 
4318	35 
4319	86 
4320	76 
4321	90 
4322	50 
4323	62 
4324	68 
4325	10 
4326	56 
4327	76 
4328	74 
4329	38 
4330	49 
4331	14 
4332	76 
4333	71 
4334	47 
4335	25 
4336	75 
4337	42 
4338	39 
4339	59 
4340	87 
4341	75 
4342	16 
4343	28 
4344	46 
4345	32 
4346	69 
4347	3 
4348	1 
4349	25 
4350	15 
4351	87 
4352	84 
4353	24 
4354	18 
4355	19 
4356	53 
4357	70 
4358	87 
4359	44 
4360	70 
4361	42 
4362	60 
4363	65 
4364	66 
4365	64 
4366	22 
4367	3 
4368	28 
4369	7 
4370	19 
4371	18 
4372	50 
4373	43 
4374	19 
4375	84 
4376	50 
4377	15 
4378	88 
4379	53 
4380	71 
4381	43 
4382	80 
4383	86 
4384	65 
4385	79 
4386	37 
4387	53 
4388	60 
4389	81 
4390	67 
4391	85 
4392	43 
4393	35 
4394	40 
4395	59 
4396	57 
4397	66 
4398	39 
4399	61 
4400	14 
4401	19 
4402	4 
4403	24 
4404	35 
4405	55 
4406	51 
4407	29 
4408	1 
4409	39 
4410	12 
4411	82 
4412	7 
4413	18 
4414	80 
4415	59 
4416	28 
4417	36 
4418	12 
4419	53 
4420	36 
4421	16 
4422	28 
4423	23 
4424	56 
4425	1 
4426	51 
4427	61 
4428	45 
4429	40 
4430	75 
4431	19 
4432	27 
4433	45 
4434	10 
4435	25 
4436	17 
4437	16 
4438	67 
4439	47 
4440	80 
4441	85 
4442	50 
4443	53 
4444	19 
4445	62 
4446	74 
4447	59 
4448	74 
4449	56 
4450	28 
4451	59 
4452	6 
4453	32 
4454	62 
4455	3 
4456	57 
4457	45 
4458	23 
4459	71 
4460	14 
4461	31 
4462	76 
4463	2 
4464	64 
4465	11 
4466	52 
4467	32 
4468	37 
4469	73 
4470	25 
4471	56 
4472	59 
4473	12 
4474	56 
4475	79 
4476	79 
4477	15 
4478	49 
4479	73 
4480	62 
4481	50 
4482	27 
4483	75 
4484	28 
4485	16 
4486	83 
4487	17 
4488	15 
4489	4 
4490	36 
4491	79 
4492	39 
4493	57 
4494	58 
4495	67 
4496	74 
4497	72 
4498	9 
4499	52 
4500	11 
4501	5 
4502	22 
4503	54 
4504	9 
4505	54 
4506	51 
4507	31 
4508	44 
4509	10 
4510	85 
4511	66 
4512	13 
4513	22 
4514	13 
4515	22 
4516	51 
4517	3 
4518	16 
4519	72 
4520	57 
4521	39 
4522	25 
4523	50 
4524	24 
4525	26 
4526	6 
4527	20 
4528	38 
4529	6 
4530	87 
4531	79 
4532	61 
4533	33 
4534	25 
4535	21 
4536	79 
4537	21 
4538	74 
4539	22 
4540	8 
4541	19 
4542	15 
4543	16 
4544	24 
4545	22 
4546	72 
4547	22 
4548	58 
4549	62 
4550	27 
4551	44 
4552	1 
4553	30 
4554	24 
4555	49 
4556	50 
4557	45 
4558	27 
4559	57 
4560	60 
4561	70 
4562	43 
4563	41 
4564	6 
4565	16 
4566	47 
4567	53 
4568	68 
4569	5 
4570	55 
4571	72 
4572	49 
4573	53 
4574	11 
4575	11 
4576	10 
4577	36 
4578	50 
4579	21 
4580	59 
4581	15 
4582	86 
4583	81 
4584	5 
4585	62 
4586	47 
4587	84 
4588	57 
4589	17 
4590	10 
4591	12 
4592	10 
4593	10 
4594	88 
4595	73 
4596	48 
4597	60 
4598	63 
4599	38 
4600	88 
4601	5 
4602	3 
4603	83 
4604	32 
4605	2 
4606	41 
4607	28 
4608	56 
4609	56 
4610	40 
4611	38 
4612	29 
4613	74 
4614	4 
4615	11 
4616	48 
4617	8 
4618	17 
4619	6 
4620	19 
4621	14 
4622	15 
4623	67 
4624	23 
4625	31 
4626	25 
4627	61 
4628	42 
4629	19 
4630	16 
4631	61 
4632	3 
4633	15 
4634	45 
4635	58 
4636	53 
4637	39 
4638	57 
4639	84 
4640	14 
4641	63 
4642	67 
4643	30 
4644	3 
4645	19 
4646	41 
4647	75 
4648	54 
4649	70 
4650	88 
4651	69 
4652	42 
4653	30 
4654	74 
4655	6 
4656	63 
4657	54 
4658	16 
4659	73 
4660	3 
4661	38 
4662	37 
4663	32 
4664	58 
4665	49 
4666	70 
4667	48 
4668	1 
4669	3 
4670	29 
4671	76 
4672	3 
4673	13 
4674	43 
4675	82 
4676	75 
4677	5 
4678	22 
4679	21 
4680	37 
4681	18 
4682	26 
4683	78 
4684	39 
4685	79 
4686	14 
4687	46 
4688	62 
4689	33 
4690	25 
4691	54 
4692	12 
4693	21 
4694	73 
4695	88 
4696	73 
4697	30 
4698	74 
4699	38 
4700	36 
4701	86 
4702	34 
4703	53 
4704	65 
4705	21 
4706	28 
4707	34 
4708	80 
4709	47 
4710	80 
4711	16 
4712	50 
4713	56 
4714	19 
4715	18 
4716	48 
4717	5 
4718	4 
4719	11 
4720	37 
4721	76 
4722	61 
4723	21 
4724	14 
4725	43 
4726	83 
4727	71 
4728	11 
4729	76 
4730	14 
4731	38 
4732	60 
4733	33 
4734	29 
4735	34 
4736	74 
4737	66 
4738	79 
4739	54 
4740	32 
4741	16 
4742	39 
4743	14 
4744	58 
4745	43 
4746	13 
4747	61 
4748	32 
4749	28 
4750	75 
4751	41 
4752	64 
4753	45 
4754	85 
4755	54 
4756	62 
4757	68 
4758	70 
4759	19 
4760	25 
4761	23 
4762	43 
4763	80 
4764	66 
4765	78 
4766	27 
4767	60 
4768	85 
4769	68 
4770	40 
4771	21 
4772	44 
4773	81 
4774	48 
4775	12 
4776	74 
4777	57 
4778	71 
4779	45 
4780	19 
4781	55 
4782	71 
4783	16 
4784	10 
4785	39 
4786	45 
4787	53 
4788	14 
4789	74 
4790	26 
4791	64 
4792	83 
4793	86 
4794	7 
4795	7 
4796	3 
4797	8 
4798	15 
4799	46 
4800	66 
4801	64 
4802	15 
4803	75 
4804	56 
4805	4 
4806	63 
4807	66 
4808	70 
4809	81 
4810	44 
4811	14 
4812	1 
4813	5 
4814	53 
4815	36 
4816	19 
4817	56 
4818	67 
4819	61 
4820	34 
4821	46 
4822	77 
4823	57 
4824	48 
4825	54 
4826	13 
4827	90 
4828	51 
4829	31 
4830	50 
4831	24 
4832	27 
4833	62 
4834	11 
4835	42 
4836	14 
4837	71 
4838	75 
4839	9 
4840	31 
4841	33 
4842	59 
4843	53 
4844	77 
4845	3 
4846	76 
4847	27 
4848	11 
4849	7 
4850	70 
4851	24 
4852	30 
4853	39 
4854	76 
4855	86 
4856	57 
4857	24 
4858	71 
4859	21 
4860	6 
4861	36 
4862	35 
4863	41 
4864	79 
4865	31 
4866	20 
4867	46 
4868	65 
4869	30 
4870	39 
4871	11 
4872	41 
4873	48 
4874	33 
4875	14 
4876	48 
4877	62 
4878	59 
4879	49 
4880	28 
4881	40 
4882	19 
4883	82 
4884	3 
4885	66 
4886	83 
4887	45 
4888	7 
4889	10 
4890	85 
4891	40 
4892	9 
4893	64 
4894	54 
4895	80 
4896	45 
4897	4 
4898	55 
4899	5 
4900	15 
4901	90 
4902	4 
4903	80 
4904	74 
4905	47 
4906	88 
4907	13 
4908	19 
4909	33 
4910	54 
4911	78 
4912	39 
4913	74 
4914	78 
4915	38 
4916	25 
4917	5 
4918	28 
4919	74 
4920	43 
4921	38 
4922	32 
4923	24 
4924	38 
4925	10 
4926	6 
4927	50 
4928	38 
4929	79 
4930	39 
4931	16 
4932	23 
4933	12 
4934	84 
4935	88 
4936	34 
4937	29 
4938	48 
4939	33 
4940	29 
4941	1 
4942	73 
4943	80 
4944	68 
4945	71 
4946	71 
4947	26 
4948	87 
4949	77 
4950	3 
4951	43 
4952	35 
4953	17 
4954	42 
4955	43 
4956	56 
4957	41 
4958	16 
4959	36 
4960	42 
4961	3 
4962	67 
4963	13 
4964	12 
4965	7 
4966	21 
4967	77 
4968	33 
4969	34 
4970	79 
4971	29 
4972	12 
4973	47 
4974	54 
4975	53 
4976	62 
4977	37 
4978	32 
4979	80 
4980	89 
4981	42 
4982	38 
4983	57 
4984	77 
4985	46 
4986	60 
4987	61 
4988	88 
4989	26 
4990	43 
4991	71 
4992	33 
4993	79 
4994	61 
4995	65 
4996	23 
4997	14 
4998	66 
4999	58 
5000	2 
5001	4 
5002	80 
5003	9 
5004	28 
5005	17 
5006	68 
5007	56 
5008	29 
5009	22 
5010	30 
5011	5 
5012	5 
5013	44 
5014	76 
5015	66 
5016	48 
5017	9 
5018	62 
5019	69 
5020	60 
5021	33 
5022	49 
5023	82 
5024	71 
5025	70 
5026	53 
5027	44 
5028	9 
5029	68 
5030	40 
5031	57 
5032	18 
5033	13 
5034	46 
5035	38 
5036	35 
5037	12 
5038	19 
5039	56 
5040	16 
5041	23 
5042	44 
5043	6 
5044	14 
5045	78 
5046	21 
5047	9 
5048	65 
5049	78 
5050	88 
5051	32 
5052	40 
5053	33 
5054	52 
5055	62 
5056	77 
5057	71 
5058	1 
5059	57 
5060	64 
5061	57 
5062	81 
5063	80 
5064	40 
5065	62 
5066	6 
5067	48 
5068	90 
5069	46 
5070	63 
5071	56 
5072	54 
5073	60 
5074	49 
5075	79 
5076	90 
5077	39 
5078	24 
5079	38 
5080	21 
5081	82 
5082	35 
5083	23 
5084	88 
5085	88 
5086	83 
5087	72 
5088	13 
5089	71 
5090	77 
5091	65 
5092	13 
5093	85 
5094	35 
5095	85 
5096	65 
5097	40 
5098	23 
5099	7 
5100	31 
5101	45 
5102	55 
5103	49 
5104	16 
5105	13 
5106	3 
5107	90 
5108	71 
5109	70 
5110	25 
5111	74 
5112	47 
5113	41 
5114	65 
5115	73 
5116	63 
5117	57 
5118	86 
5119	79 
5120	4 
5121	29 
5122	26 
5123	10 
5124	48 
5125	34 
5126	59 
5127	64 
5128	78 
5129	80 
5130	8 
5131	51 
5132	16 
5133	72 
5134	52 
5135	16 
5136	74 
5137	61 
5138	7 
5139	65 
5140	89 
5141	74 
5142	2 
5143	45 
5144	81 
5145	90 
5146	78 
5147	56 
5148	62 
5149	54 
5150	90 
5151	83 
5152	41 
5153	55 
5154	10 
5155	38 
5156	80 
5157	37 
5158	12 
5159	74 
5160	2 
5161	57 
5162	54 
5163	71 
5164	78 
5165	5 
5166	38 
5167	13 
5168	53 
5169	80 
5170	68 
5171	44 
5172	42 
5173	5 
5174	16 
5175	86 
5176	86 
5177	46 
5178	21 
5179	71 
5180	31 
5181	30 
5182	56 
5183	78 
5184	75 
5185	71 
5186	88 
5187	54 
5188	3 
5189	80 
5190	16 
5191	83 
5192	80 
5193	79 
5194	28 
5195	62 
5196	39 
5197	81 
5198	50 
5199	3 
5200	3 
5201	52 
5202	39 
5203	29 
5204	13 
5205	80 
5206	46 
5207	85 
5208	19 
5209	40 
5210	19 
5211	21 
5212	75 
5213	38 
5214	81 
5215	22 
5216	63 
5217	90 
5218	2 
5219	56 
5220	8 
5221	68 
5222	70 
5223	22 
5224	79 
5225	57 
5226	59 
5227	61 
5228	16 
5229	46 
5230	49 
5231	54 
5232	71 
5233	38 
5234	36 
5235	4 
5236	56 
5237	34 
5238	89 
5239	65 
5240	55 
5241	72 
5242	79 
5243	71 
5244	38 
5245	86 
5246	46 
5247	59 
5248	47 
5249	16 
5250	71 
5251	69 
5252	72 
5253	55 
5254	3 
5255	15 
5256	87 
5257	79 
5258	66 
5259	66 
5260	61 
5261	56 
5262	60 
5263	29 
5264	28 
5265	82 
5266	26 
5267	7 
5268	22 
5269	64 
5270	35 
5271	83 
5272	73 
5273	17 
5274	5 
5275	8 
5276	76 
5277	35 
5278	39 
5279	77 
5280	16 
5281	44 
5282	57 
5283	4 
5284	10 
5285	26 
5286	82 
5287	42 
5288	2 
5289	53 
5290	42 
5291	11 
5292	59 
5293	60 
5294	28 
5295	12 
5296	12 
5297	3 
5298	53 
5299	23 
5300	70 
5301	43 
5302	75 
5303	6 
5304	40 
5305	66 
5306	13 
5307	76 
5308	33 
5309	65 
5310	30 
5311	40 
5312	36 
5313	34 
5314	88 
5315	54 
5316	83 
5317	42 
5318	5 
5319	42 
5320	67 
5321	58 
5322	38 
5323	34 
5324	7 
5325	53 
5326	1 
5327	32 
5328	87 
5329	32 
5330	17 
5331	68 
5332	1 
5333	35 
5334	43 
5335	46 
5336	72 
5337	53 
5338	56 
5339	32 
5340	2 
5341	70 
5342	58 
5343	82 
5344	68 
5345	15 
5346	43 
5347	30 
5348	80 
5349	35 
5350	12 
5351	20 
5352	11 
5353	78 
5354	77 
5355	2 
5356	32 
5357	42 
5358	58 
5359	66 
5360	19 
5361	53 
5362	79 
5363	79 
5364	82 
5365	11 
5366	38 
5367	1 
5368	68 
5369	36 
5370	27 
5371	16 
5372	60 
5373	68 
5374	18 
5375	70 
5376	59 
5377	69 
5378	65 
5379	39 
5380	5 
5381	49 
5382	48 
5383	88 
5384	55 
5385	13 
5386	46 
5387	75 
5388	37 
5389	6 
5390	9 
5391	53 
5392	55 
5393	55 
5394	41 
5395	69 
5396	8 
5397	46 
5398	33 
5399	59 
5400	1 
5401	49 
5402	10 
5403	22 
5404	21 
5405	82 
5406	12 
5407	1 
5408	38 
5409	7 
5410	74 
5411	81 
5412	59 
5413	72 
5414	62 
5415	59 
5416	78 
5417	21 
5418	38 
5419	12 
5420	10 
5421	79 
5422	6 
5423	56 
5424	67 
5425	6 
5426	4 
5427	9 
5428	48 
5429	5 
5430	79 
5431	4 
5432	66 
5433	9 
5434	29 
5435	61 
5436	39 
5437	20 
5438	84 
5439	3 
5440	80 
5441	84 
5442	27 
5443	82 
5444	45 
5445	21 
5446	59 
5447	12 
5448	33 
5449	1 
5450	36 
5451	15 
5452	59 
5453	44 
5454	63 
5455	72 
5456	72 
5457	85 
5458	13 
5459	39 
5460	39 
5461	30 
5462	7 
5463	8 
5464	50 
5465	69 
5466	47 
5467	4 
5468	19 
5469	1 
5470	35 
5471	48 
5472	35 
5473	3 
5474	33 
5475	56 
5476	16 
5477	45 
5478	42 
5479	84 
5480	14 
5481	28 
5482	33 
5483	52 
5484	34 
5485	20 
5486	27 
5487	42 
5488	45 
5489	57 
5490	72 
5491	15 
5492	74 
5493	52 
5494	39 
5495	70 
5496	81 
5497	68 
5498	8 
5499	60 
5500	68 
5501	7 
5502	5 
5503	47 
5504	42 
5505	26 
5506	58 
5507	7 
5508	65 
5509	16 
5510	61 
5511	90 
5512	18 
5513	6 
5514	47 
5515	60 
5516	87 
5517	87 
5518	19 
5519	71 
5520	3 
5521	77 
5522	61 
5523	62 
5524	80 
5525	89 
5526	18 
5527	87 
5528	86 
5529	20 
5530	39 
5531	5 
5532	49 
5533	48 
5534	44 
5535	24 
5536	87 
5537	14 
5538	44 
5539	21 
5540	63 
5541	56 
5542	63 
5543	71 
5544	18 
5545	88 
5546	41 
5547	88 
5548	66 
5549	67 
5550	29 
5551	89 
5552	64 
5553	56 
5554	50 
5555	4 
5556	4 
5557	89 
5558	36 
5559	51 
5560	78 
5561	65 
5562	6 
5563	34 
5564	55 
5565	76 
5566	22 
5567	12 
5568	29 
5569	9 
5570	27 
5571	45 
5572	22 
5573	69 
5574	66 
5575	49 
5576	12 
5577	88 
5578	12 
5579	17 
5580	79 
5581	78 
5582	45 
5583	49 
5584	47 
5585	10 
5586	41 
5587	7 
5588	19 
5589	1 
5590	60 
5591	78 
5592	9 
5593	15 
5594	69 
5595	38 
5596	2 
5597	24 
5598	83 
5599	62 
5600	30 
5601	11 
5602	25 
5603	1 
5604	63 
5605	26 
5606	29 
5607	56 
5608	24 
5609	67 
5610	2 
5611	17 
5612	79 
5613	58 
5614	57 
5615	72 
5616	83 
5617	51 
5618	18 
5619	29 
5620	7 
5621	76 
5622	79 
5623	21 
5624	68 
5625	71 
5626	10 
5627	57 
5628	21 
5629	86 
5630	19 
5631	84 
5632	36 
5633	26 
5634	8 
5635	75 
5636	83 
5637	38 
5638	32 
5639	40 
5640	55 
5641	10 
5642	43 
5643	53 
5644	56 
5645	44 
5646	11 
5647	62 
5648	59 
5649	55 
5650	46 
5651	70 
5652	42 
5653	19 
5654	67 
5655	31 
5656	41 
5657	50 
5658	12 
5659	80 
5660	86 
5661	68 
5662	65 
5663	64 
5664	43 
5665	65 
5666	71 
5667	15 
5668	75 
5669	84 
5670	20 
5671	76 
5672	56 
5673	24 
5674	48 
5675	72 
5676	18 
5677	30 
5678	32 
5679	57 
5680	21 
5681	80 
5682	69 
5683	84 
5684	38 
5685	22 
5686	14 
5687	59 
5688	33 
5689	83 
5690	56 
5691	87 
5692	48 
5693	79 
5694	39 
5695	82 
5696	55 
5697	74 
5698	47 
5699	88 
5700	87 
5701	78 
5702	67 
5703	44 
5704	75 
5705	1 
5706	80 
5707	10 
5708	47 
5709	55 
5710	71 
5711	58 
5712	11 
5713	70 
5714	36 
5715	54 
5716	70 
5717	32 
5718	26 
5719	54 
5720	58 
5721	12 
5722	84 
5723	88 
5724	43 
5725	17 
5726	33 
5727	60 
5728	8 
5729	69 
5730	40 
5731	25 
5732	57 
5733	56 
5734	79 
5735	59 
5736	65 
5737	61 
5738	47 
5739	4 
5740	43 
5741	77 
5742	39 
5743	27 
5744	67 
5745	51 
5746	82 
5747	21 
5748	38 
5749	82 
5750	85 
5751	68 
5752	51 
5753	25 
5754	88 
5755	12 
5756	54 
5757	75 
5758	52 
5759	20 
5760	6 
5761	38 
5762	79 
5763	56 
5764	76 
5765	61 
5766	85 
5767	70 
5768	44 
5769	18 
5770	45 
5771	33 
5772	46 
5773	27 
5774	64 
5775	45 
5776	12 
5777	43 
5778	85 
5779	86 
5780	73 
5781	63 
5782	55 
5783	72 
5784	41 
5785	19 
5786	48 
5787	38 
5788	13 
5789	13 
5790	28 
5791	79 
5792	20 
5793	27 
5794	28 
5795	15 
5796	38 
5797	3 
5798	73 
5799	87 
5800	84 
5801	17 
5802	82 
5803	11 
5804	17 
5805	89 
5806	16 
5807	62 
5808	49 
5809	33 
5810	30 
5811	45 
5812	40 
5813	25 
5814	32 
5815	86 
5816	6 
5817	52 
5818	77 
5819	34 
5820	6 
5821	86 
5822	28 
5823	39 
5824	12 
5825	69 
5826	85 
5827	16 
5828	59 
5829	16 
5830	50 
5831	48 
5832	22 
5833	35 
5834	53 
5835	24 
5836	29 
5837	60 
5838	81 
5839	6 
5840	55 
5841	74 
5842	59 
5843	21 
5844	89 
5845	2 
5846	39 
5847	80 
5848	30 
5849	71 
5850	71 
5851	65 
5852	68 
5853	64 
5854	31 
5855	84 
5856	42 
5857	85 
5858	44 
5859	71 
5860	10 
5861	4 
5862	83 
5863	46 
5864	51 
5865	89 
5866	71 
5867	30 
5868	30 
5869	54 
5870	10 
5871	39 
5872	80 
5873	24 
5874	14 
5875	50 
5876	19 
5877	41 
5878	11 
5879	56 
5880	36 
5881	24 
5882	33 
5883	13 
5884	12 
5885	80 
5886	74 
5887	65 
5888	19 
5889	46 
5890	56 
5891	81 
5892	54 
5893	57 
5894	74 
5895	29 
5896	46 
5897	68 
5898	64 
5899	12 
5900	35 
5901	40 
5902	81 
5903	31 
5904	32 
5905	7 
5906	5 
5907	9 
5908	4 
5909	19 
5910	11 
5911	78 
5912	89 
5913	3 
5914	80 
5915	50 
5916	6 
5917	86 
5918	46 
5919	20 
5920	72 
5921	85 
5922	45 
5923	24 
5924	13 
5925	70 
5926	81 
5927	67 
5928	76 
5929	68 
5930	31 
5931	26 
5932	14 
5933	70 
5934	35 
5935	52 
5936	47 
5937	61 
5938	6 
5939	39 
5940	80 
5941	41 
5942	13 
5943	4 
5944	29 
5945	3 
5946	68 
5947	79 
5948	63 
5949	2 
5950	68 
5951	82 
5952	13 
5953	12 
5954	53 
5955	57 
5956	10 
5957	16 
5958	70 
5959	21 
5960	10 
5961	54 
5962	45 
5963	13 
5964	74 
5965	53 
5966	65 
5967	45 
5968	83 
5969	6 
5970	64 
5971	41 
5972	70 
5973	76 
5974	44 
5975	28 
5976	33 
5977	88 
5978	43 
5979	53 
5980	87 
5981	51 
5982	15 
5983	5 
5984	72 
5985	82 
5986	32 
5987	71 
5988	26 
5989	75 
5990	8 
5991	18 
5992	80 
5993	17 
5994	29 
5995	66 
5996	64 
5997	50 
5998	38 
5999	60 
6000	88 
6001	9 
6002	63 
6003	60 
6004	15 
6005	51 
6006	55 
6007	84 
6008	40 
6009	9 
6010	31 
6011	79 
6012	83 
6013	18 
6014	40 
6015	37 
6016	68 
6017	11 
6018	50 
6019	19 
6020	55 
6021	69 
6022	23 
6023	62 
6024	21 
6025	62 
6026	28 
6027	63 
6028	79 
6029	9 
6030	26 
6031	60 
6032	13 
6033	35 
6034	30 
6035	71 
6036	66 
6037	74 
6038	56 
6039	73 
6040	21 
6041	68 
6042	42 
6043	4 
6044	85 
6045	68 
6046	79 
6047	28 
6048	74 
6049	90 
6050	81 
6051	62 
6052	85 
6053	32 
6054	74 
6055	90 
6056	73 
6057	12 
6058	37 
6059	76 
6060	77 
6061	52 
6062	85 
6063	80 
6064	4 
6065	5 
6066	16 
6067	17 
6068	64 
6069	75 
6070	19 
6071	12 
6072	23 
6073	85 
6074	18 
6075	21 
6076	83 
6077	43 
6078	6 
6079	78 
6080	10 
6081	74 
6082	4 
6083	15 
6084	81 
6085	90 
6086	48 
6087	87 
6088	89 
6089	43 
6090	62 
6091	10 
6092	64 
6093	50 
6094	83 
6095	31 
6096	42 
6097	62 
6098	19 
6099	25 
6100	43 
6101	55 
6102	74 
6103	14 
6104	34 
6105	61 
6106	88 
6107	71 
6108	44 
6109	66 
6110	8 
6111	33 
6112	39 
6113	24 
6114	35 
6115	61 
6116	80 
6117	40 
6118	86 
6119	5 
6120	57 
6121	12 
6122	42 
6123	72 
6124	2 
6125	84 
6126	79 
6127	6 
6128	57 
6129	69 
6130	15 
6131	72 
6132	8 
6133	85 
6134	26 
6135	46 
6136	71 
6137	23 
6138	37 
6139	86 
6140	53 
6141	21 
6142	81 
6143	14 
6144	51 
6145	64 
6146	72 
6147	81 
6148	46 
6149	83 
6150	20 
6151	39 
6152	27 
6153	76 
6154	68 
6155	16 
6156	30 
6157	62 
6158	26 
6159	89 
6160	48 
6161	43 
6162	37 
6163	39 
6164	17 
6165	24 
6166	31 
6167	85 
6168	38 
6169	58 
6170	64 
6171	60 
6172	83 
6173	9 
6174	80 
6175	53 
6176	87 
6177	72 
6178	87 
6179	87 
6180	77 
6181	79 
6182	66 
6183	8 
6184	42 
6185	32 
6186	70 
6187	56 
6188	9 
6189	60 
6190	34 
6191	83 
6192	48 
6193	67 
6194	59 
6195	46 
6196	72 
6197	38 
6198	13 
6199	62 
6200	29 
6201	73 
6202	54 
6203	10 
6204	44 
6205	80 
6206	4 
6207	12 
6208	68 
6209	56 
6210	85 
6211	40 
6212	70 
6213	45 
6214	15 
6215	34 
6216	81 
6217	57 
6218	46 
6219	33 
6220	39 
6221	60 
6222	58 
6223	13 
6224	66 
6225	9 
6226	70 
6227	85 
6228	32 
6229	46 
6230	60 
6231	83 
6232	34 
6233	64 
6234	80 
6235	86 
6236	8 
6237	33 
6238	20 
6239	27 
6240	41 
6241	38 
6242	32 
6243	68 
6244	27 
6245	48 
6246	15 
6247	66 
6248	25 
6249	57 
6250	40 
6251	34 
6252	26 
6253	60 
6254	87 
6255	9 
6256	90 
6257	19 
6258	89 
6259	48 
6260	11 
6261	38 
6262	47 
6263	32 
6264	68 
6265	22 
6266	66 
6267	25 
6268	3 
6269	63 
6270	71 
6271	77 
6272	34 
6273	47 
6274	4 
6275	1 
6276	69 
6277	30 
6278	53 
6279	79 
6280	65 
6281	67 
6282	44 
6283	25 
6284	13 
6285	46 
6286	16 
6287	4 
6288	34 
6289	66 
6290	62 
6291	90 
6292	33 
6293	58 
6294	38 
6295	79 
6296	81 
6297	28 
6298	50 
6299	83 
6300	7 
6301	83 
6302	35 
6303	67 
6304	61 
6305	12 
6306	32 
6307	32 
6308	37 
6309	79 
6310	22 
6311	11 
6312	25 
6313	35 
6314	15 
6315	52 
6316	81 
6317	58 
6318	1 
6319	1 
6320	4 
6321	81 
6322	26 
6323	3 
6324	67 
6325	81 
6326	60 
6327	52 
6328	78 
6329	40 
6330	85 
6331	74 
6332	70 
6333	32 
6334	80 
6335	68 
6336	59 
6337	45 
6338	14 
6339	28 
6340	54 
6341	60 
6342	65 
6343	69 
6344	58 
6345	4 
6346	17 
6347	36 
6348	52 
6349	14 
6350	77 
6351	32 
6352	46 
6353	26 
6354	41 
6355	22 
6356	66 
6357	53 
6358	82 
6359	58 
6360	21 
6361	79 
6362	78 
6363	86 
6364	24 
6365	90 
6366	71 
6367	81 
6368	26 
6369	56 
6370	49 
6371	6 
6372	52 
6373	31 
6374	30 
6375	51 
6376	25 
6377	73 
6378	13 
6379	10 
6380	64 
6381	58 
6382	51 
6383	10 
6384	42 
6385	16 
6386	14 
6387	88 
6388	55 
6389	14 
6390	84 
6391	26 
6392	53 
6393	7 
6394	28 
6395	8 
6396	37 
6397	74 
6398	71 
6399	46 
6400	33 
6401	4 
6402	61 
6403	10 
6404	71 
6405	26 
6406	41 
6407	51 
6408	26 
6409	18 
6410	39 
6411	37 
6412	30 
6413	34 
6414	43 
6415	29 
6416	28 
6417	65 
6418	50 
6419	19 
6420	7 
6421	89 
6422	10 
6423	44 
6424	67 
6425	28 
6426	23 
6427	55 
6428	32 
6429	1 
6430	90 
6431	37 
6432	9 
6433	51 
6434	88 
6435	56 
6436	25 
6437	16 
6438	21 
6439	2 
6440	58 
6441	33 
6442	25 
6443	18 
6444	37 
6445	14 
6446	84 
6447	31 
6448	10 
6449	17 
6450	78 
6451	13 
6452	45 
6453	87 
6454	74 
6455	10 
6456	41 
6457	78 
6458	46 
6459	39 
6460	83 
6461	12 
6462	19 
6463	10 
6464	80 
6465	71 
6466	52 
6467	43 
6468	2 
6469	8 
6470	14 
6471	5 
6472	5 
6473	12 
6474	10 
6475	32 
6476	63 
6477	61 
6478	24 
6479	41 
6480	65 
6481	28 
6482	53 
6483	35 
6484	49 
6485	62 
6486	78 
6487	23 
6488	84 
6489	90 
6490	25 
6491	12 
6492	20 
6493	14 
6494	31 
6495	55 
6496	12 
6497	31 
6498	64 
6499	80 
6500	83 
6501	37 
6502	46 
6503	42 
6504	85 
6505	75 
6506	77 
6507	48 
6508	29 
6509	46 
6510	46 
6511	45 
6512	54 
6513	6 
6514	15 
6515	50 
6516	29 
6517	64 
6518	24 
6519	63 
6520	79 
6521	84 
6522	30 
6523	58 
6524	1 
6525	8 
6526	61 
6527	2 
6528	76 
6529	47 
6530	49 
6531	50 
6532	39 
6533	18 
6534	24 
6535	62 
6536	62 
6537	81 
6538	76 
6539	11 
6540	2 
6541	11 
6542	56 
6543	24 
6544	83 
6545	19 
6546	40 
6547	74 
6548	59 
6549	73 
6550	11 
6551	87 
6552	78 
6553	41 
6554	49 
6555	65 
6556	13 
6557	77 
6558	54 
6559	49 
6560	78 
6561	6 
6562	86 
6563	40 
6564	53 
6565	33 
6566	20 
6567	62 
6568	48 
6569	13 
6570	35 
6571	28 
6572	25 
6573	6 
6574	3 
6575	10 
6576	81 
6577	58 
6578	88 
6579	15 
6580	11 
6581	88 
6582	33 
6583	22 
6584	61 
6585	67 
6586	42 
6587	10 
6588	85 
6589	48 
6590	55 
6591	33 
6592	63 
6593	63 
6594	46 
6595	29 
6596	21 
6597	31 
6598	69 
6599	86 
6600	89 
6601	40 
6602	15 
6603	10 
6604	57 
6605	34 
6606	61 
6607	6 
6608	26 
6609	56 
6610	60 
6611	87 
6612	67 
6613	48 
6614	77 
6615	5 
6616	46 
6617	37 
6618	2 
6619	62 
6620	61 
6621	55 
6622	8 
6623	73 
6624	22 
6625	51 
6626	87 
6627	13 
6628	65 
6629	24 
6630	43 
6631	86 
6632	23 
6633	87 
6634	72 
6635	71 
6636	2 
6637	41 
6638	32 
6639	14 
6640	71 
6641	14 
6642	58 
6643	62 
6644	12 
6645	50 
6646	36 
6647	26 
6648	34 
6649	53 
6650	71 
6651	44 
6652	47 
6653	8 
6654	36 
6655	31 
6656	90 
6657	10 
6658	43 
6659	3 
6660	34 
6661	39 
6662	63 
6663	79 
6664	61 
6665	16 
6666	76 
6667	65 
6668	36 
6669	1 
6670	10 
6671	24 
6672	60 
6673	72 
6674	60 
6675	15 
6676	5 
6677	84 
6678	43 
6679	22 
6680	56 
6681	19 
6682	34 
6683	90 
6684	27 
6685	14 
6686	72 
6687	27 
6688	28 
6689	59 
6690	72 
6691	11 
6692	3 
6693	13 
6694	8 
6695	75 
6696	28 
6697	57 
6698	13 
6699	15 
6700	49 
6701	47 
6702	40 
6703	56 
6704	55 
6705	55 
6706	47 
6707	25 
6708	75 
6709	31 
6710	36 
6711	11 
6712	43 
6713	64 
6714	62 
6715	3 
6716	1 
6717	8 
6718	15 
6719	66 
6720	32 
6721	78 
6722	26 
6723	22 
6724	53 
6725	14 
6726	6 
6727	66 
6728	47 
6729	66 
6730	83 
6731	40 
6732	43 
6733	49 
6734	37 
6735	67 
6736	12 
6737	24 
6738	87 
6739	56 
6740	4 
6741	86 
6742	25 
6743	32 
6744	39 
6745	87 
6746	61 
6747	28 
6748	9 
6749	89 
6750	55 
6751	55 
6752	30 
6753	8 
6754	86 
6755	14 
6756	46 
6757	88 
6758	12 
6759	65 
6760	45 
6761	9 
6762	68 
6763	57 
6764	61 
6765	43 
6766	50 
6767	77 
6768	55 
6769	23 
6770	46 
6771	33 
6772	80 
6773	16 
6774	30 
6775	63 
6776	48 
6777	28 
6778	11 
6779	73 
6780	57 
6781	80 
6782	11 
6783	28 
6784	12 
6785	53 
6786	16 
6787	28 
6788	42 
6789	45 
6790	50 
6791	66 
6792	32 
6793	86 
6794	73 
6795	28 
6796	51 
6797	18 
6798	11 
6799	62 
6800	70 
6801	6 
6802	40 
6803	73 
6804	86 
6805	32 
6806	62 
6807	49 
6808	16 
6809	65 
6810	15 
6811	81 
6812	36 
6813	82 
6814	79 
6815	25 
6816	57 
6817	78 
6818	19 
6819	12 
6820	34 
6821	72 
6822	17 
6823	31 
6824	66 
6825	25 
6826	69 
6827	39 
6828	61 
6829	57 
6830	50 
6831	76 
6832	40 
6833	17 
6834	88 
6835	2 
6836	52 
6837	60 
6838	10 
6839	7 
6840	1 
6841	38 
6842	5 
6843	86 
6844	67 
6845	13 
6846	48 
6847	86 
6848	44 
6849	84 
6850	5 
6851	27 
6852	4 
6853	51 
6854	76 
6855	81 
6856	19 
6857	90 
6858	9 
6859	14 
6860	25 
6861	57 
6862	80 
6863	14 
6864	47 
6865	3 
6866	23 
6867	27 
6868	38 
6869	88 
6870	90 
6871	62 
6872	24 
6873	50 
6874	82 
6875	74 
6876	7 
6877	12 
6878	89 
6879	73 
6880	84 
6881	15 
6882	67 
6883	88 
6884	24 
6885	20 
6886	16 
6887	69 
6888	33 
6889	66 
6890	16 
6891	7 
6892	78 
6893	7 
6894	47 
6895	20 
6896	48 
6897	54 
6898	54 
6899	29 
6900	46 
6901	32 
6902	32 
6903	62 
6904	60 
6905	13 
6906	34 
6907	32 
6908	6 
6909	7 
6910	45 
6911	32 
6912	37 
6913	41 
6914	42 
6915	29 
6916	1 
6917	79 
6918	20 
6919	3 
6920	79 
6921	87 
6922	60 
6923	47 
6924	40 
6925	79 
6926	76 
6927	83 
6928	60 
6929	54 
6930	75 
6931	49 
6932	25 
6933	42 
6934	60 
6935	19 
6936	76 
6937	41 
6938	38 
6939	42 
6940	73 
6941	26 
6942	10 
6943	21 
6944	70 
6945	53 
6946	76 
6947	40 
6948	82 
6949	80 
6950	42 
6951	29 
6952	66 
6953	51 
6954	48 
6955	40 
6956	28 
6957	29 
6958	59 
6959	36 
6960	23 
6961	50 
6962	90 
6963	79 
6964	31 
6965	25 
6966	15 
6967	9 
6968	44 
6969	19 
6970	30 
6971	8 
6972	4 
6973	51 
6974	55 
6975	14 
6976	20 
6977	83 
6978	48 
6979	1 
6980	36 
6981	78 
6982	56 
6983	10 
6984	1 
6985	72 
6986	31 
6987	23 
6988	16 
6989	48 
6990	12 
6991	40 
6992	33 
6993	32 
6994	32 
6995	20 
6996	63 
6997	77 
6998	86 
6999	85 
7000	66 
7001	88 
7002	31 
7003	7 
7004	59 
7005	13 
7006	86 
7007	68 
7008	44 
7009	20 
7010	84 
7011	47 
7012	15 
7013	24 
7014	37 
7015	89 
7016	75 
7017	86 
7018	22 
7019	88 
7020	14 
7021	65 
7022	62 
7023	9 
7024	2 
7025	87 
7026	15 
7027	76 
7028	39 
7029	75 
7030	50 
7031	15 
7032	10 
7033	2 
7034	50 
7035	45 
7036	31 
7037	8 
7038	61 
7039	44 
7040	61 
7041	20 
7042	61 
7043	49 
7044	15 
7045	37 
7046	86 
7047	15 
7048	64 
7049	77 
7050	28 
7051	67 
7052	14 
7053	66 
7054	49 
7055	53 
7056	68 
7057	65 
7058	33 
7059	39 
7060	4 
7061	68 
7062	22 
7063	58 
7064	90 
7065	39 
7066	24 
7067	31 
7068	18 
7069	66 
7070	53 
7071	67 
7072	65 
7073	58 
7074	43 
7075	79 
7076	13 
7077	16 
7078	27 
7079	47 
7080	89 
7081	44 
7082	62 
7083	82 
7084	74 
7085	7 
7086	1 
7087	88 
7088	53 
7089	19 
7090	6 
7091	26 
7092	73 
7093	30 
7094	48 
7095	43 
7096	70 
7097	80 
7098	34 
7099	74 
7100	1 
7101	77 
7102	51 
7103	72 
7104	54 
7105	36 
7106	42 
7107	51 
7108	45 
7109	12 
7110	5 
7111	2 
7112	88 
7113	21 
7114	79 
7115	75 
7116	65 
7117	40 
7118	81 
7119	63 
7120	85 
7121	61 
7122	83 
7123	32 
7124	90 
7125	12 
7126	45 
7127	23 
7128	68 
7129	81 
7130	18 
7131	29 
7132	4 
7133	73 
7134	13 
7135	50 
7136	30 
7137	81 
7138	28 
7139	64 
7140	36 
7141	62 
7142	80 
7143	47 
7144	56 
7145	54 
7146	6 
7147	31 
7148	70 
7149	64 
7150	7 
7151	4 
7152	75 
7153	81 
7154	39 
7155	14 
7156	4 
7157	4 
7158	17 
7159	14 
7160	26 
7161	79 
7162	74 
7163	38 
7164	44 
7165	15 
7166	53 
7167	47 
7168	50 
7169	15 
7170	90 
7171	68 
7172	51 
7173	42 
7174	19 
7175	23 
7176	31 
7177	15 
7178	18 
7179	77 
7180	4 
7181	85 
7182	12 
7183	53 
7184	88 
7185	63 
7186	32 
7187	88 
7188	47 
7189	90 
7190	16 
7191	37 
7192	30 
7193	30 
7194	81 
7195	74 
7196	59 
7197	90 
7198	72 
7199	18 
7200	7 
7201	54 
7202	51 
7203	48 
7204	26 
7205	86 
7206	80 
7207	90 
7208	67 
7209	64 
7210	72 
7211	76 
7212	55 
7213	40 
7214	14 
7215	33 
7216	39 
7217	76 
7218	86 
7219	80 
7220	20 
7221	12 
7222	85 
7223	90 
7224	65 
7225	9 
7226	44 
7227	74 
7228	62 
7229	33 
7230	51 
7231	87 
7232	49 
7233	8 
7234	80 
7235	19 
7236	25 
7237	15 
7238	66 
7239	24 
7240	86 
7241	25 
7242	15 
7243	11 
7244	13 
7245	51 
7246	50 
7247	58 
7248	72 
7249	79 
7250	83 
7251	88 
7252	65 
7253	62 
7254	81 
7255	60 
7256	9 
7257	32 
7258	73 
7259	18 
7260	59 
7261	65 
7262	4 
7263	48 
7264	15 
7265	7 
7266	46 
7267	12 
7268	78 
7269	80 
7270	88 
7271	88 
7272	70 
7273	89 
7274	19 
7275	2 
7276	31 
7277	53 
7278	15 
7279	82 
7280	36 
7281	64 
7282	13 
7283	15 
7284	57 
7285	48 
7286	62 
7287	30 
7288	47 
7289	37 
7290	80 
7291	42 
7292	41 
7293	90 
7294	27 
7295	18 
7296	53 
7297	86 
7298	50 
7299	56 
7300	41 
7301	87 
7302	31 
7303	71 
7304	66 
7305	87 
7306	28 
7307	80 
7308	49 
7309	64 
7310	54 
7311	8 
7312	59 
7313	1 
7314	40 
7315	46 
7316	20 
7317	50 
7318	85 
7319	82 
7320	60 
7321	14 
7322	81 
7323	2 
7324	86 
7325	42 
7326	62 
7327	13 
7328	37 
7329	8 
7330	1 
7331	29 
7332	38 
7333	39 
7334	44 
7335	14 
7336	24 
7337	65 
7338	83 
7339	84 
7340	38 
7341	62 
7342	35 
7343	68 
7344	23 
7345	65 
7346	13 
7347	49 
7348	70 
7349	7 
7350	11 
7351	39 
7352	22 
7353	49 
7354	68 
7355	81 
7356	14 
7357	15 
7358	57 
7359	70 
7360	76 
7361	79 
7362	69 
7363	58 
7364	30 
7365	32 
7366	76 
7367	23 
7368	72 
7369	4 
7370	84 
7371	80 
7372	5 
7373	57 
7374	56 
7375	66 
7376	55 
7377	34 
7378	68 
7379	80 
7380	4 
7381	64 
7382	68 
7383	34 
7384	16 
7385	14 
7386	34 
7387	63 
7388	72 
7389	69 
7390	75 
7391	11 
7392	74 
7393	39 
7394	54 
7395	74 
7396	72 
7397	84 
7398	16 
7399	14 
7400	86 
7401	56 
7402	37 
7403	14 
7404	17 
7405	53 
7406	55 
7407	54 
7408	88 
7409	23 
7410	3 
7411	9 
7412	17 
7413	15 
7414	24 
7415	27 
7416	67 
7417	74 
7418	71 
7419	37 
7420	16 
7421	19 
7422	21 
7423	19 
7424	27 
7425	61 
7426	28 
7427	80 
7428	56 
7429	87 
7430	82 
7431	23 
7432	76 
7433	5 
7434	20 
7435	75 
7436	38 
7437	11 
7438	37 
7439	35 
7440	13 
7441	83 
7442	79 
7443	26 
7444	3 
7445	86 
7446	32 
7447	36 
7448	61 
7449	55 
7450	30 
7451	51 
7452	19 
7453	52 
7454	6 
7455	12 
7456	59 
7457	49 
7458	42 
7459	75 
7460	79 
7461	14 
7462	28 
7463	90 
7464	14 
7465	22 
7466	1 
7467	85 
7468	73 
7469	46 
7470	88 
7471	67 
7472	31 
7473	15 
7474	25 
7475	53 
7476	47 
7477	84 
7478	61 
7479	53 
7480	82 
7481	51 
7482	58 
7483	27 
7484	74 
7485	40 
7486	33 
7487	18 
7488	43 
7489	63 
7490	5 
7491	80 
7492	32 
7493	12 
7494	48 
7495	57 
7496	11 
7497	60 
7498	48 
7499	34 
7500	77 
7501	27 
7502	62 
7503	83 
7504	60 
7505	53 
7506	35 
7507	61 
7508	82 
7509	62 
7510	66 
7511	88 
7512	22 
7513	32 
7514	57 
7515	50 
7516	6 
7517	2 
7518	19 
7519	54 
7520	59 
7521	50 
7522	5 
7523	47 
7524	33 
7525	29 
7526	87 
7527	47 
7528	23 
7529	80 
7530	44 
7531	64 
7532	53 
7533	10 
7534	3 
7535	70 
7536	58 
7537	28 
7538	10 
7539	56 
7540	66 
7541	81 
7542	46 
7543	55 
7544	6 
7545	39 
7546	12 
7547	86 
7548	33 
7549	31 
7550	24 
7551	69 
7552	86 
7553	7 
7554	43 
7555	83 
7556	11 
7557	67 
7558	82 
7559	11 
7560	28 
7561	80 
7562	8 
7563	29 
7564	44 
7565	40 
7566	17 
7567	66 
7568	69 
7569	16 
7570	31 
7571	51 
7572	8 
7573	13 
7574	70 
7575	82 
7576	44 
7577	73 
7578	79 
7579	59 
7580	48 
7581	14 
7582	27 
7583	13 
7584	10 
7585	72 
7586	81 
7587	77 
7588	80 
7589	81 
7590	85 
7591	1 
7592	48 
7593	44 
7594	55 
7595	70 
7596	6 
7597	12 
7598	7 
7599	54 
7600	54 
7601	22 
7602	63 
7603	74 
7604	90 
7605	86 
7606	85 
7607	88 
7608	74 
7609	89 
7610	88 
7611	49 
7612	82 
7613	2 
7614	50 
7615	85 
7616	37 
7617	42 
7618	88 
7619	74 
7620	22 
7621	56 
7622	24 
7623	28 
7624	3 
7625	53 
7626	88 
7627	23 
7628	88 
7629	88 
7630	62 
7631	87 
7632	27 
7633	56 
7634	34 
7635	62 
7636	88 
7637	32 
7638	70 
7639	9 
7640	24 
7641	28 
7642	79 
7643	57 
7644	89 
7645	53 
7646	42 
7647	87 
7648	51 
7649	86 
7650	53 
7651	8 
7652	8 
7653	57 
7654	78 
7655	84 
7656	72 
7657	32 
7658	63 
7659	15 
7660	42 
7661	41 
7662	57 
7663	68 
7664	89 
7665	72 
7666	22 
7667	24 
7668	87 
7669	76 
7670	79 
7671	41 
7672	43 
7673	47 
7674	8 
7675	67 
7676	42 
7677	80 
7678	59 
7679	57 
7680	89 
7681	39 
7682	52 
7683	15 
7684	86 
7685	52 
7686	14 
7687	40 
7688	59 
7689	41 
7690	77 
7691	87 
7692	43 
7693	57 
7694	49 
7695	35 
7696	79 
7697	5 
7698	12 
7699	6 
7700	11 
7701	74 
7702	61 
7703	17 
7704	7 
7705	79 
7706	39 
7707	81 
7708	61 
7709	30 
7710	36 
7711	82 
7712	31 
7713	85 
7714	7 
7715	64 
7716	40 
7717	88 
7718	14 
7719	22 
7720	37 
7721	59 
7722	88 
7723	37 
7724	41 
7725	33 
7726	56 
7727	43 
7728	86 
7729	24 
7730	32 
7731	87 
7732	5 
7733	90 
7734	36 
7735	81 
7736	18 
7737	89 
7738	66 
7739	7 
7740	50 
7741	55 
7742	31 
7743	44 
7744	8 
7745	23 
7746	23 
7747	18 
7748	61 
7749	81 
7750	66 
7751	54 
7752	89 
7753	60 
7754	41 
7755	56 
7756	87 
7757	6 
7758	78 
7759	44 
7760	24 
7761	9 
7762	80 
7763	45 
7764	45 
7765	71 
7766	44 
7767	34 
7768	59 
7769	2 
7770	57 
7771	46 
7772	90 
7773	12 
7774	52 
7775	9 
7776	58 
7777	43 
7778	90 
7779	88 
7780	4 
7781	78 
7782	32 
7783	60 
7784	79 
7785	33 
7786	80 
7787	85 
7788	42 
7789	74 
7790	82 
7791	14 
7792	24 
7793	38 
7794	4 
7795	77 
7796	64 
7797	15 
7798	51 
7799	35 
7800	57 
7801	15 
7802	55 
7803	18 
7804	53 
7805	10 
7806	60 
7807	2 
7808	79 
7809	12 
7810	16 
7811	32 
7812	85 
7813	76 
7814	74 
7815	81 
7816	19 
7817	70 
7818	20 
7819	87 
7820	36 
7821	36 
7822	21 
7823	45 
7824	29 
7825	59 
7826	68 
7827	82 
7828	82 
7829	53 
7830	38 
7831	33 
7832	76 
7833	15 
7834	80 
7835	42 
7836	77 
7837	44 
7838	50 
7839	69 
7840	38 
7841	82 
7842	26 
7843	46 
7844	60 
7845	71 
7846	64 
7847	15 
7848	39 
7849	20 
7850	77 
7851	60 
7852	39 
7853	83 
7854	19 
7855	43 
7856	76 
7857	73 
7858	16 
7859	45 
7860	46 
7861	48 
7862	44 
7863	72 
7864	82 
7865	82 
7866	23 
7867	42 
7868	81 
7869	26 
7870	74 
7871	74 
7872	26 
7873	27 
7874	35 
7875	53 
7876	88 
7877	54 
7878	52 
7879	7 
7880	30 
7881	75 
7882	11 
7883	83 
7884	1 
7885	34 
7886	89 
7887	65 
7888	13 
7889	72 
7890	88 
7891	73 
7892	61 
7893	35 
7894	34 
7895	27 
7896	73 
7897	9 
7898	59 
7899	50 
7900	16 
7901	71 
7902	43 
7903	7 
7904	81 
7905	22 
7906	43 
7907	61 
7908	48 
7909	51 
7910	45 
7911	4 
7912	74 
7913	34 
7914	44 
7915	22 
7916	19 
7917	46 
7918	82 
7919	76 
7920	85 
7921	18 
7922	13 
7923	48 
7924	15 
7925	25 
7926	16 
7927	44 
7928	2 
7929	40 
7930	16 
7931	81 
7932	42 
7933	21 
7934	36 
7935	19 
7936	19 
7937	59 
7938	13 
7939	62 
7940	68 
7941	52 
7942	64 
7943	81 
7944	57 
7945	4 
7946	68 
7947	63 
7948	22 
7949	42 
7950	79 
7951	40 
7952	84 
7953	12 
7954	75 
7955	65 
7956	57 
7957	57 
7958	32 
7959	58 
7960	2 
7961	37 
7962	20 
7963	24 
7964	34 
7965	64 
7966	42 
7967	21 
7968	25 
7969	28 
7970	81 
7971	24 
7972	67 
7973	26 
7974	69 
7975	49 
7976	63 
7977	18 
7978	70 
7979	61 
7980	68 
7981	20 
7982	9 
7983	43 
7984	51 
7985	2 
7986	67 
7987	24 
7988	60 
7989	85 
7990	47 
7991	78 
7992	38 
7993	17 
7994	21 
7995	55 
7996	84 
7997	62 
7998	4 
7999	84 
8000	10 
8001	51 
8002	50 
8003	83 
8004	46 
8005	72 
8006	10 
8007	42 
8008	76 
8009	88 
8010	12 
8011	8 
8012	9 
8013	66 
8014	28 
8015	23 
8016	25 
8017	74 
8018	29 
8019	24 
8020	24 
8021	78 
8022	16 
8023	9 
8024	56 
8025	74 
8026	37 
8027	59 
8028	19 
8029	79 
8030	25 
8031	14 
8032	61 
8033	22 
8034	53 
8035	78 
8036	69 
8037	16 
8038	27 
8039	47 
8040	53 
8041	46 
8042	42 
8043	11 
8044	70 
8045	8 
8046	52 
8047	67 
8048	62 
8049	90 
8050	62 
8051	90 
8052	56 
8053	86 
8054	12 
8055	38 
8056	62 
8057	3 
8058	52 
8059	35 
8060	35 
8061	27 
8062	47 
8063	78 
8064	80 
8065	85 
8066	21 
8067	89 
8068	73 
8069	29 
8070	67 
8071	30 
8072	16 
8073	19 
8074	19 
8075	46 
8076	8 
8077	19 
8078	16 
8079	28 
8080	40 
8081	3 
8082	52 
8083	14 
8084	80 
8085	61 
8086	60 
8087	28 
8088	60 
8089	6 
8090	68 
8091	33 
8092	66 
8093	72 
8094	36 
8095	60 
8096	4 
8097	23 
8098	70 
8099	19 
8100	25 
8101	4 
8102	32 
8103	53 
8104	90 
8105	41 
8106	66 
8107	18 
8108	40 
8109	22 
8110	10 
8111	88 
8112	26 
8113	37 
8114	12 
8115	63 
8116	5 
8117	25 
8118	7 
8119	12 
8120	72 
8121	72 
8122	19 
8123	52 
8124	35 
8125	68 
8126	82 
8127	83 
8128	18 
8129	25 
8130	16 
8131	45 
8132	75 
8133	26 
8134	12 
8135	38 
8136	39 
8137	27 
8138	41 
8139	9 
8140	9 
8141	67 
8142	13 
8143	57 
8144	1 
8145	73 
8146	71 
8147	85 
8148	3 
8149	7 
8150	56 
8151	31 
8152	39 
8153	61 
8154	39 
8155	14 
8156	65 
8157	60 
8158	3 
8159	74 
8160	75 
8161	41 
8162	53 
8163	4 
8164	42 
8165	83 
8166	81 
8167	38 
8168	12 
8169	12 
8170	12 
8171	16 
8172	24 
8173	41 
8174	63 
8175	2 
8176	43 
8177	62 
8178	69 
8179	16 
8180	46 
8181	7 
8182	19 
8183	71 
8184	18 
8185	35 
8186	26 
8187	84 
8188	59 
8189	16 
8190	58 
8191	17 
8192	50 
8193	62 
8194	58 
8195	16 
8196	79 
8197	42 
8198	63 
8199	29 
8200	46 
8201	34 
8202	22 
8203	44 
8204	3 
8205	53 
8206	58 
8207	66 
8208	34 
8209	45 
8210	48 
8211	83 
8212	24 
8213	7 
8214	83 
8215	28 
8216	89 
8217	45 
8218	14 
8219	69 
8220	50 
8221	32 
8222	34 
8223	69 
8224	16 
8225	86 
8226	79 
8227	66 
8228	73 
8229	28 
8230	89 
8231	54 
8232	68 
8233	40 
8234	83 
8235	46 
8236	74 
8237	74 
8238	3 
8239	43 
8240	81 
8241	74 
8242	37 
8243	48 
8244	24 
8245	16 
8246	70 
8247	42 
8248	3 
8249	44 
8250	40 
8251	16 
8252	49 
8253	1 
8254	9 
8255	67 
8256	10 
8257	15 
8258	21 
8259	58 
8260	10 
8261	49 
8262	42 
8263	73 
8264	85 
8265	34 
8266	47 
8267	13 
8268	47 
8269	78 
8270	48 
8271	81 
8272	63 
8273	33 
8274	9 
8275	58 
8276	60 
8277	36 
8278	52 
8279	3 
8280	48 
8281	53 
8282	38 
8283	83 
8284	65 
8285	74 
8286	11 
8287	57 
8288	8 
8289	15 
8290	90 
8291	64 
8292	81 
8293	12 
8294	19 
8295	21 
8296	90 
8297	42 
8298	52 
8299	18 
8300	78 
8301	49 
8302	70 
8303	60 
8304	10 
8305	73 
8306	78 
8307	48 
8308	13 
8309	75 
8310	4 
8311	14 
8312	8 
8313	2 
8314	73 
8315	68 
8316	7 
8317	14 
8318	66 
8319	87 
8320	89 
8321	1 
8322	21 
8323	64 
8324	15 
8325	66 
8326	41 
8327	18 
8328	90 
8329	16 
8330	75 
8331	44 
8332	40 
8333	78 
8334	84 
8335	44 
8336	14 
8337	90 
8338	56 
8339	46 
8340	87 
8341	20 
8342	66 
8343	14 
8344	42 
8345	46 
8346	70 
8347	28 
8348	51 
8349	67 
8350	53 
8351	8 
8352	80 
8353	12 
8354	64 
8355	31 
8356	30 
8357	31 
8358	71 
8359	7 
8360	15 
8361	24 
8362	34 
8363	33 
8364	7 
8365	90 
8366	23 
8367	59 
8368	26 
8369	42 
8370	22 
8371	28 
8372	42 
8373	4 
8374	39 
8375	55 
8376	39 
8377	11 
8378	27 
8379	42 
8380	12 
8381	86 
8382	88 
8383	60 
8384	24 
8385	14 
8386	88 
8387	70 
8388	10 
8389	73 
8390	13 
8391	90 
8392	29 
8393	25 
8394	45 
8395	62 
8396	18 
8397	43 
8398	17 
8399	83 
8400	86 
8401	11 
8402	34 
8403	55 
8404	63 
8405	1 
8406	71 
8407	31 
8408	82 
8409	79 
8410	6 
8411	3 
8412	63 
8413	33 
8414	75 
8415	44 
8416	8 
8417	39 
8418	52 
8419	52 
8420	50 
8421	88 
8422	17 
8423	32 
8424	65 
8425	56 
8426	1 
8427	57 
8428	24 
8429	59 
8430	64 
8431	38 
8432	20 
8433	56 
8434	6 
8435	80 
8436	61 
8437	54 
8438	12 
8439	28 
8440	79 
8441	86 
8442	7 
8443	40 
8444	42 
8445	20 
8446	68 
8447	29 
8448	16 
8449	66 
8450	72 
8451	63 
8452	29 
8453	65 
8454	79 
8455	59 
8456	81 
8457	81 
8458	79 
8459	73 
8460	40 
8461	17 
8462	56 
8463	56 
8464	60 
8465	13 
8466	66 
8467	74 
8468	16 
8469	42 
8470	13 
8471	88 
8472	70 
8473	46 
8474	63 
8475	2 
8476	26 
8477	86 
8478	4 
8479	62 
8480	57 
8481	10 
8482	65 
8483	77 
8484	84 
8485	32 
8486	6 
8487	87 
8488	87 
8489	1 
8490	57 
8491	44 
8492	22 
8493	64 
8494	70 
8495	42 
8496	19 
8497	66 
8498	2 
8499	75 
8500	25 
8501	88 
8502	12 
8503	90 
8504	5 
8505	21 
8506	15 
8507	37 
8508	35 
8509	56 
8510	80 
8511	75 
8512	69 
8513	10 
8514	47 
8515	52 
8516	70 
8517	23 
8518	52 
8519	49 
8520	31 
8521	22 
8522	78 
8523	89 
8524	68 
8525	9 
8526	74 
8527	88 
8528	8 
8529	65 
8530	9 
8531	70 
8532	4 
8533	83 
8534	73 
8535	65 
8536	50 
8537	11 
8538	49 
8539	50 
8540	42 
8541	41 
8542	67 
8543	83 
8544	48 
8545	22 
8546	63 
8547	63 
8548	58 
8549	12 
8550	70 
8551	42 
8552	50 
8553	64 
8554	31 
8555	71 
8556	46 
8557	47 
8558	89 
8559	46 
8560	43 
8561	18 
8562	81 
8563	86 
8564	45 
8565	25 
8566	16 
8567	23 
8568	86 
8569	31 
8570	10 
8571	63 
8572	5 
8573	44 
8574	39 
8575	30 
8576	83 
8577	25 
8578	5 
8579	22 
8580	32 
8581	15 
8582	90 
8583	44 
8584	75 
8585	6 
8586	25 
8587	85 
8588	63 
8589	50 
8590	30 
8591	19 
8592	47 
8593	46 
8594	71 
8595	60 
8596	66 
8597	18 
8598	12 
8599	19 
8600	38 
8601	31 
8602	56 
8603	13 
8604	26 
8605	86 
8606	19 
8607	79 
8608	62 
8609	59 
8610	5 
8611	62 
8612	5 
8613	15 
8614	68 
8615	39 
8616	69 
8617	66 
8618	82 
8619	77 
8620	44 
8621	72 
8622	21 
8623	26 
8624	33 
8625	86 
8626	27 
8627	66 
8628	45 
8629	87 
8630	18 
8631	30 
8632	56 
8633	58 
8634	31 
8635	9 
8636	55 
8637	86 
8638	16 
8639	86 
8640	24 
8641	51 
8642	5 
8643	53 
8644	68 
8645	7 
8646	88 
8647	84 
8648	55 
8649	17 
8650	23 
8651	29 
8652	59 
8653	7 
8654	66 
8655	89 
8656	62 
8657	81 
8658	49 
8659	66 
8660	7 
8661	27 
8662	7 
8663	56 
8664	54 
8665	12 
8666	38 
8667	59 
8668	24 
8669	62 
8670	13 
8671	34 
8672	52 
8673	42 
8674	86 
8675	68 
8676	14 
8677	52 
8678	28 
8679	46 
8680	26 
8681	46 
8682	49 
8683	34 
8684	3 
8685	85 
8686	13 
8687	15 
8688	3 
8689	41 
8690	69 
8691	26 
8692	57 
8693	58 
8694	53 
8695	1 
8696	88 
8697	55 
8698	22 
8699	68 
8700	35 
8701	15 
8702	31 
8703	52 
8704	18 
8705	7 
8706	26 
8707	40 
8708	43 
8709	37 
8710	44 
8711	27 
8712	50 
8713	82 
8714	43 
8715	74 
8716	83 
8717	13 
8718	46 
8719	48 
8720	66 
8721	88 
8722	36 
8723	70 
8724	23 
8725	23 
8726	52 
8727	49 
8728	61 
8729	57 
8730	87 
8731	3 
8732	57 
8733	90 
8734	2 
8735	60 
8736	88 
8737	67 
8738	73 
8739	8 
8740	82 
8741	50 
8742	23 
8743	21 
8744	17 
8745	74 
8746	69 
8747	86 
8748	37 
8749	87 
8750	69 
8751	36 
8752	1 
8753	9 
8754	61 
8755	49 
8756	75 
8757	44 
8758	17 
8759	75 
8760	24 
8761	87 
8762	80 
8763	39 
8764	56 
8765	67 
8766	86 
8767	59 
8768	82 
8769	3 
8770	3 
8771	13 
8772	18 
8773	49 
8774	16 
8775	5 
8776	44 
8777	73 
8778	2 
8779	55 
8780	61 
8781	62 
8782	18 
8783	3 
8784	38 
8785	56 
8786	83 
8787	53 
8788	79 
8789	24 
8790	60 
8791	66 
8792	23 
8793	14 
8794	22 
8795	82 
8796	28 
8797	57 
8798	19 
8799	44 
8800	85 
8801	52 
8802	34 
8803	80 
8804	26 
8805	71 
8806	54 
8807	76 
8808	36 
8809	56 
8810	78 
8811	24 
8812	3 
8813	88 
8814	44 
8815	83 
8816	4 
8817	18 
8818	2 
8819	21 
8820	61 
8821	5 
8822	47 
8823	32 
8824	80 
8825	41 
8826	66 
8827	10 
8828	15 
8829	36 
8830	79 
8831	73 
8832	29 
8833	84 
8834	73 
8835	28 
8836	72 
8837	8 
8838	39 
8839	25 
8840	44 
8841	52 
8842	62 
8843	1 
8844	81 
8845	77 
8846	4 
8847	31 
8848	88 
8849	82 
8850	68 
8851	88 
8852	12 
8853	13 
8854	19 
8855	85 
8856	81 
8857	26 
8858	9 
8859	86 
8860	77 
8861	77 
8862	71 
8863	16 
8864	55 
8865	70 
8866	8 
8867	61 
8868	65 
8869	78 
8870	22 
8871	40 
8872	14 
8873	53 
8874	41 
8875	83 
8876	71 
8877	41 
8878	65 
8879	51 
8880	39 
8881	7 
8882	15 
8883	10 
8884	34 
8885	46 
8886	2 
8887	68 
8888	76 
8889	59 
8890	18 
8891	32 
8892	62 
8893	54 
8894	48 
8895	45 
8896	13 
8897	49 
8898	37 
8899	32 
8900	59 
8901	62 
8902	48 
8903	19 
8904	65 
8905	19 
8906	46 
8907	57 
8908	20 
8909	21 
8910	57 
8911	86 
8912	60 
8913	20 
8914	22 
8915	60 
8916	3 
8917	61 
8918	2 
8919	62 
8920	26 
8921	50 
8922	50 
8923	59 
8924	52 
8925	47 
8926	12 
8927	61 
8928	32 
8929	12 
8930	5 
8931	47 
8932	85 
8933	90 
8934	65 
8935	37 
8936	52 
8937	46 
8938	67 
8939	58 
8940	89 
8941	16 
8942	21 
8943	35 
8944	15 
8945	22 
8946	58 
8947	46 
8948	13 
8949	10 
8950	10 
8951	29 
8952	82 
8953	19 
8954	74 
8955	58 
8956	68 
8957	38 
8958	44 
8959	17 
8960	52 
8961	51 
8962	59 
8963	59 
8964	71 
8965	31 
8966	66 
8967	85 
8968	8 
8969	76 
8970	87 
8971	90 
8972	54 
8973	24 
8974	68 
8975	48 
8976	85 
8977	40 
8978	30 
8979	27 
8980	44 
8981	1 
8982	12 
8983	50 
8984	59 
8985	2 
8986	2 
8987	57 
8988	61 
8989	13 
8990	18 
8991	12 
8992	84 
8993	46 
8994	37 
8995	44 
8996	55 
8997	33 
8998	6 
8999	12 
9000	42 
9001	70 
9002	65 
9003	37 
9004	20 
9005	86 
9006	31 
9007	37 
9008	38 
9009	44 
9010	31 
9011	6 
9012	84 
9013	13 
9014	86 
9015	29 
9016	66 
9017	57 
9018	56 
9019	5 
9020	36 
9021	79 
9022	34 
9023	34 
9024	62 
9025	46 
9026	69 
9027	52 
9028	42 
9029	57 
9030	85 
9031	16 
9032	51 
9033	60 
9034	69 
9035	11 
9036	65 
9037	1 
9038	33 
9039	19 
9040	46 
9041	14 
9042	2 
9043	88 
9044	66 
9045	74 
9046	22 
9047	15 
9048	36 
9049	63 
9050	75 
9051	33 
9052	45 
9053	41 
9054	9 
9055	83 
9056	84 
9057	68 
9058	62 
9059	52 
9060	68 
9061	29 
9062	71 
9063	82 
9064	43 
9065	14 
9066	27 
9067	57 
9068	26 
9069	82 
9070	12 
9071	40 
9072	76 
9073	84 
9074	84 
9075	55 
9076	33 
9077	24 
9078	66 
9079	39 
9080	55 
9081	8 
9082	39 
9083	55 
9084	61 
9085	76 
9086	13 
9087	86 
9088	25 
9089	52 
9090	42 
9091	17 
9092	86 
9093	51 
9094	80 
9095	50 
9096	89 
9097	8 
9098	74 
9099	28 
9100	44 
9101	36 
9102	25 
9103	56 
9104	37 
9105	81 
9106	19 
9107	37 
9108	2 
9109	87 
9110	49 
9111	34 
9112	85 
9113	24 
9114	45 
9115	38 
9116	38 
9117	52 
9118	69 
9119	74 
9120	88 
9121	35 
9122	61 
9123	59 
9124	82 
9125	50 
9126	8 
9127	26 
9128	82 
9129	75 
9130	68 
9131	65 
9132	44 
9133	59 
9134	12 
9135	37 
9136	8 
9137	30 
9138	67 
9139	10 
9140	52 
9141	5 
9142	7 
9143	32 
9144	44 
9145	7 
9146	50 
9147	42 
9148	48 
9149	15 
9150	89 
9151	18 
9152	58 
9153	7 
9154	31 
9155	2 
9156	17 
9157	62 
9158	3 
9159	25 
9160	45 
9161	13 
9162	32 
9163	59 
9164	77 
9165	62 
9166	80 
9167	31 
9168	2 
9169	22 
9170	8 
9171	60 
9172	72 
9173	77 
9174	21 
9175	66 
9176	32 
9177	48 
9178	24 
9179	57 
9180	74 
9181	86 
9182	23 
9183	68 
9184	51 
9185	20 
9186	29 
9187	90 
9188	52 
9189	55 
9190	74 
9191	82 
9192	72 
9193	5 
9194	67 
9195	24 
9196	30 
9197	61 
9198	38 
9199	53 
9200	72 
9201	72 
9202	89 
9203	52 
9204	48 
9205	54 
9206	75 
9207	81 
9208	44 
9209	53 
9210	27 
9211	89 
9212	8 
9213	72 
9214	32 
9215	39 
9216	3 
9217	86 
9218	5 
9219	50 
9220	38 
9221	80 
9222	72 
9223	20 
9224	4 
9225	67 
9226	79 
9227	70 
9228	74 
9229	25 
9230	45 
9231	83 
9232	11 
9233	2 
9234	3 
9235	47 
9236	29 
9237	87 
9238	38 
9239	38 
9240	12 
9241	74 
9242	71 
9243	87 
9244	31 
9245	13 
9246	31 
9247	11 
9248	80 
9249	56 
9250	18 
9251	13 
9252	60 
9253	25 
9254	55 
9255	53 
9256	70 
9257	1 
9258	12 
9259	54 
9260	32 
9261	23 
9262	1 
9263	71 
9264	11 
9265	31 
9266	82 
9267	51 
9268	62 
9269	59 
9270	22 
9271	80 
9272	15 
9273	40 
9274	10 
9275	13 
9276	71 
9277	77 
9278	89 
9279	62 
9280	39 
9281	25 
9282	50 
9283	15 
9284	4 
9285	45 
9286	7 
9287	85 
9288	71 
9289	43 
9290	33 
9291	57 
9292	44 
9293	51 
9294	28 
9295	30 
9296	17 
9297	39 
9298	85 
9299	86 
9300	46 
9301	7 
9302	11 
9303	80 
9304	22 
9305	20 
9306	15 
9307	4 
9308	69 
9309	36 
9310	29 
9311	46 
9312	27 
9313	31 
9314	24 
9315	28 
9316	34 
9317	1 
9318	52 
9319	22 
9320	72 
9321	46 
9322	83 
9323	25 
9324	46 
9325	65 
9326	80 
9327	44 
9328	72 
9329	71 
9330	14 
9331	82 
9332	55 
9333	77 
9334	56 
9335	4 
9336	46 
9337	49 
9338	85 
9339	8 
9340	71 
9341	5 
9342	84 
9343	57 
9344	28 
9345	71 
9346	39 
9347	80 
9348	14 
9349	66 
9350	75 
9351	38 
9352	26 
9353	26 
9354	71 
9355	34 
9356	41 
9357	51 
9358	37 
9359	24 
9360	47 
9361	31 
9362	39 
9363	88 
9364	58 
9365	80 
9366	40 
9367	44 
9368	57 
9369	59 
9370	18 
9371	32 
9372	50 
9373	34 
9374	20 
9375	66 
9376	62 
9377	15 
9378	90 
9379	13 
9380	14 
9381	53 
9382	76 
9383	37 
9384	74 
9385	32 
9386	16 
9387	50 
9388	8 
9389	2 
9390	44 
9391	56 
9392	2 
9393	17 
9394	54 
9395	7 
9396	65 
9397	77 
9398	1 
9399	53 
9400	53 
9401	46 
9402	88 
9403	61 
9404	2 
9405	71 
9406	29 
9407	68 
9408	32 
9409	34 
9410	53 
9411	55 
9412	1 
9413	9 
9414	4 
9415	62 
9416	38 
9417	85 
9418	65 
9419	80 
9420	9 
9421	81 
9422	82 
9423	60 
9424	1 
9425	81 
9426	55 
9427	6 
9428	55 
9429	16 
9430	41 
9431	81 
9432	38 
9433	57 
9434	14 
9435	69 
9436	90 
9437	87 
9438	77 
9439	13 
9440	62 
9441	47 
9442	26 
9443	88 
9444	23 
9445	22 
9446	3 
9447	61 
9448	66 
9449	64 
9450	25 
9451	31 
9452	77 
9453	20 
9454	68 
9455	5 
9456	43 
9457	25 
9458	53 
9459	26 
9460	71 
9461	31 
9462	54 
9463	15 
9464	68 
9465	83 
9466	7 
9467	16 
9468	27 
9469	7 
9470	18 
9471	38 
9472	31 
9473	81 
9474	68 
9475	84 
9476	19 
9477	8 
9478	25 
9479	4 
9480	69 
9481	85 
9482	13 
9483	57 
9484	72 
9485	47 
9486	6 
9487	59 
9488	66 
9489	41 
9490	28 
9491	6 
9492	28 
9493	69 
9494	60 
9495	87 
9496	73 
9497	71 
9498	63 
9499	32 
9500	13 
9501	87 
9502	31 
9503	33 
9504	55 
9505	42 
9506	66 
9507	52 
9508	7 
9509	66 
9510	28 
9511	44 
9512	27 
9513	65 
9514	80 
9515	42 
9516	63 
9517	51 
9518	40 
9519	69 
9520	56 
9521	7 
9522	9 
9523	19 
9524	42 
9525	63 
9526	81 
9527	36 
9528	79 
9529	73 
9530	42 
9531	63 
9532	59 
9533	90 
9534	20 
9535	16 
9536	5 
9537	90 
9538	36 
9539	71 
9540	68 
9541	79 
9542	29 
9543	63 
9544	62 
9545	22 
9546	16 
9547	23 
9548	64 
9549	73 
9550	55 
9551	50 
9552	34 
9553	21 
9554	86 
9555	46 
9556	46 
9557	16 
9558	86 
9559	19 
9560	12 
9561	82 
9562	20 
9563	45 
9564	90 
9565	88 
9566	5 
9567	70 
9568	89 
9569	15 
9570	21 
9571	61 
9572	8 
9573	72 
9574	15 
9575	79 
9576	66 
9577	27 
9578	79 
9579	3 
9580	20 
9581	30 
9582	63 
9583	74 
9584	25 
9585	28 
9586	53 
9587	72 
9588	17 
9589	16 
9590	47 
9591	88 
9592	12 
9593	57 
9594	31 
9595	38 
9596	36 
9597	30 
9598	16 
9599	43 
9600	17 
9601	82 
9602	70 
9603	33 
9604	70 
9605	53 
9606	35 
9607	44 
9608	45 
9609	47 
9610	45 
9611	24 
9612	71 
9613	64 
9614	89 
9615	26 
9616	80 
9617	48 
9618	11 
9619	63 
9620	69 
9621	15 
9622	87 
9623	81 
9624	37 
9625	62 
9626	57 
9627	70 
9628	7 
9629	4 
9630	11 
9631	17 
9632	73 
9633	10 
9634	72 
9635	29 
9636	57 
9637	41 
9638	12 
9639	70 
9640	2 
9641	28 
9642	32 
9643	48 
9644	53 
9645	60 
9646	49 
9647	49 
9648	8 
9649	69 
9650	62 
9651	21 
9652	39 
9653	11 
9654	85 
9655	32 
9656	24 
9657	73 
9658	38 
9659	82 
9660	86 
9661	87 
9662	59 
9663	18 
9664	2 
9665	38 
9666	84 
9667	16 
9668	47 
9669	42 
9670	39 
9671	27 
9672	87 
9673	13 
9674	79 
9675	89 
9676	77 
9677	33 
9678	83 
9679	66 
9680	3 
9681	80 
9682	3 
9683	62 
9684	59 
9685	31 
9686	16 
9687	69 
9688	66 
9689	29 
9690	12 
9691	74 
9692	39 
9693	90 
9694	41 
9695	63 
9696	52 
9697	61 
9698	14 
9699	87 
9700	25 
9701	59 
9702	39 
9703	73 
9704	37 
9705	42 
9706	30 
9707	60 
9708	68 
9709	46 
9710	46 
9711	64 
9712	44 
9713	46 
9714	32 
9715	7 
9716	54 
9717	18 
9718	29 
9719	14 
9720	34 
9721	57 
9722	64 
9723	62 
9724	52 
9725	33 
9726	84 
9727	33 
9728	50 
9729	61 
9730	90 
9731	60 
9732	78 
9733	28 
9734	90 
9735	19 
9736	50 
9737	41 
9738	4 
9739	56 
9740	16 
9741	40 
9742	80 
9743	67 
9744	48 
9745	29 
9746	87 
9747	37 
9748	46 
9749	28 
9750	71 
9751	48 
9752	26 
9753	71 
9754	78 
9755	62 
9756	41 
9757	53 
9758	31 
9759	10 
9760	60 
9761	72 
9762	40 
9763	53 
9764	7 
9765	42 
9766	57 
9767	66 
9768	87 
9769	19 
9770	32 
9771	19 
9772	88 
9773	68 
9774	49 
9775	76 
9776	62 
9777	22 
9778	47 
9779	26 
9780	79 
9781	56 
9782	50 
9783	87 
9784	48 
9785	47 
9786	33 
9787	84 
9788	44 
9789	45 
9790	19 
9791	4 
9792	41 
9793	8 
9794	61 
9795	29 
9796	23 
9797	18 
9798	90 
9799	81 
9800	10 
9801	51 
9802	85 
9803	66 
9804	16 
9805	83 
9806	56 
9807	72 
9808	48 
9809	26 
9810	8 
9811	11 
9812	75 
9813	7 
9814	72 
9815	23 
9816	51 
9817	38 
9818	51 
9819	32 
9820	69 
9821	55 
9822	26 
9823	90 
9824	26 
9825	7 
9826	33 
9827	23 
9828	33 
9829	86 
9830	88 
9831	39 
9832	60 
9833	53 
9834	57 
9835	48 
9836	3 
9837	82 
9838	59 
9839	15 
9840	59 
9841	28 
9842	73 
9843	72 
9844	56 
9845	65 
9846	15 
9847	25 
9848	66 
9849	4 
9850	30 
9851	86 
9852	55 
9853	68 
9854	43 
9855	73 
9856	59 
9857	68 
9858	85 
9859	33 
9860	55 
9861	86 
9862	30 
9863	15 
9864	70 
9865	21 
9866	27 
9867	17 
9868	56 
9869	62 
9870	83 
9871	76 
9872	81 
9873	76 
9874	66 
9875	56 
9876	10 
9877	51 
9878	69 
9879	44 
9880	28 
9881	48 
9882	74 
9883	13 
9884	8 
9885	87 
9886	71 
9887	13 
9888	61 
9889	83 
9890	37 
9891	20 
9892	7 
9893	42 
9894	41 
9895	87 
9896	22 
9897	83 
9898	69 
9899	67 
9900	21 
9901	2 
9902	19 
9903	85 
9904	44 
9905	1 
9906	62 
9907	60 
9908	77 
9909	72 
9910	28 
9911	46 
9912	56 
9913	29 
9914	88 
9915	52 
9916	68 
9917	73 
9918	7 
9919	67 
9920	20 
9921	12 
9922	43 
9923	30 
9924	51 
9925	43 
9926	86 
9927	53 
9928	15 
9929	53 
9930	60 
9931	13 
9932	83 
9933	83 
9934	51 
9935	62 
9936	40 
9937	56 
9938	85 
9939	12 
9940	85 
9941	44 
9942	69 
9943	37 
9944	19 
9945	4 
9946	40 
9947	39 
9948	79 
9949	42 
9950	54 
9951	10 
9952	32 
9953	12 
9954	5 
9955	52 
9956	52 
9957	12 
9958	15 
9959	90 
9960	54 
9961	46 
9962	42 
9963	2 
9964	90 
9965	84 
9966	62 
9967	37 
9968	65 
9969	44 
9970	7 
9971	80 
9972	24 
9973	24 
9974	15 
9975	14 
9976	47 
9977	56 
9978	49 
9979	48 
9980	43 
9981	8 
9982	50 
9983	11 
9984	18 
9985	42 
9986	6 
9987	7 
9988	74 
9989	37 
9990	11 
9991	14 
9992	15 
9993	15 
9994	45 
9995	6 
9996	53 
9997	37 
9998	56 
9999	36 
10000	2 
