1	48 
2	215 
3	16 
4	138 
5	361 
6	192 
7	19 
8	102 
9	112 
10	251 
11	1 
12	184 
13	8 
14	145 
15	221 
16	43 
17	216 
18	312 
19	133 
20	22 
21	285 
22	183 
23	307 
24	258 
25	131 
26	118 
27	146 
28	349 
29	393 
30	197 
31	18 
32	230 
33	349 
34	229 
35	57 
36	50 
37	124 
38	314 
39	280 
40	299 
41	148 
42	357 
43	244 
44	338 
45	298 
46	219 
47	195 
48	133 
49	255 
50	395 
51	56 
52	331 
53	66 
54	105 
55	194 
56	186 
57	276 
58	295 
59	77 
60	69 
61	158 
62	214 
63	159 
64	27 
65	163 
66	269 
67	206 
68	352 
69	24 
70	333 
71	169 
72	268 
73	52 
74	265 
75	177 
76	103 
77	178 
78	183 
79	232 
80	230 
81	141 
82	316 
83	328 
84	25 
85	240 
86	71 
87	138 
88	228 
89	327 
90	76 
91	89 
92	13 
93	214 
94	205 
95	366 
96	146 
97	118 
98	155 
99	364 
100	379 
101	386 
102	9 
103	82 
104	27 
105	281 
106	277 
107	257 
108	395 
109	35 
110	276 
111	212 
112	39 
113	293 
114	186 
115	272 
116	167 
117	264 
118	148 
119	114 
120	155 
121	148 
122	371 
123	254 
124	269 
125	40 
126	23 
127	385 
128	141 
129	88 
130	193 
131	255 
132	361 
133	143 
134	81 
135	368 
136	390 
137	334 
138	190 
139	322 
140	273 
141	103 
142	161 
143	227 
144	312 
145	246 
146	3 
147	311 
148	99 
149	385 
150	259 
151	384 
152	98 
153	108 
154	44 
155	351 
156	140 
157	363 
158	339 
159	359 
160	370 
161	291 
162	187 
163	95 
164	77 
165	337 
166	40 
167	52 
168	170 
169	345 
170	11 
171	90 
172	138 
173	359 
174	135 
175	162 
176	11 
177	20 
178	251 
179	364 
180	69 
181	369 
182	31 
183	155 
184	194 
185	50 
186	228 
187	174 
188	358 
189	176 
190	266 
191	68 
192	23 
193	120 
194	116 
195	252 
196	148 
197	170 
198	384 
199	43 
200	2 
201	74 
202	169 
203	253 
204	18 
205	263 
206	86 
207	282 
208	48 
209	170 
210	201 
211	72 
212	90 
213	366 
214	281 
215	291 
216	373 
217	386 
218	26 
219	297 
220	288 
221	176 
222	66 
223	321 
224	162 
225	179 
226	233 
227	388 
228	137 
229	343 
230	6 
231	123 
232	159 
233	313 
234	85 
235	304 
236	103 
237	156 
238	4 
239	112 
240	386 
241	310 
242	168 
243	250 
244	56 
245	77 
246	6 
247	123 
248	245 
249	263 
250	322 
251	162 
252	175 
253	351 
254	312 
255	385 
256	326 
257	159 
258	143 
259	48 
260	362 
261	244 
262	242 
263	326 
264	16 
265	64 
266	207 
267	351 
268	196 
269	329 
270	340 
271	249 
272	158 
273	294 
274	49 
275	383 
276	395 
277	108 
278	231 
279	113 
280	160 
281	305 
282	196 
283	296 
284	385 
285	246 
286	266 
287	40 
288	158 
289	35 
290	17 
291	75 
292	150 
293	266 
294	108 
295	125 
296	180 
297	361 
298	9 
299	212 
300	56 
301	313 
302	273 
303	78 
304	341 
305	175 
306	310 
307	131 
308	186 
309	155 
310	121 
311	390 
312	274 
313	116 
314	48 
315	313 
316	337 
317	66 
318	233 
319	351 
320	361 
321	100 
322	112 
323	149 
324	207 
325	347 
326	300 
327	370 
328	89 
329	269 
330	211 
331	324 
332	302 
333	137 
334	347 
335	71 
336	30 
337	304 
338	242 
339	251 
340	381 
341	224 
342	365 
343	271 
344	220 
345	47 
346	312 
347	216 
348	302 
349	162 
350	376 
351	92 
352	330 
353	309 
354	153 
355	6 
356	326 
357	353 
358	56 
359	340 
360	208 
361	277 
362	393 
363	312 
364	22 
365	170 
366	327 
367	105 
368	329 
369	292 
370	111 
371	39 
372	44 
373	271 
374	190 
375	339 
376	105 
377	84 
378	26 
379	362 
380	384 
381	141 
382	265 
383	45 
384	206 
385	241 
386	124 
387	29 
388	102 
389	314 
390	316 
391	318 
392	156 
393	81 
394	67 
395	214 
396	163 
397	178 
398	156 
399	71 
400	149 
401	143 
402	51 
403	167 
404	225 
405	329 
406	266 
407	324 
408	115 
409	56 
410	341 
411	121 
412	292 
413	299 
414	30 
415	7 
416	220 
417	323 
418	348 
419	296 
420	150 
421	80 
422	304 
423	362 
424	178 
425	312 
426	290 
427	275 
428	128 
429	303 
430	31 
431	193 
432	256 
433	162 
434	254 
435	331 
436	167 
437	334 
438	140 
439	363 
440	186 
441	103 
442	21 
443	110 
444	233 
445	389 
446	60 
447	377 
448	181 
449	104 
450	366 
451	348 
452	361 
453	318 
454	161 
455	89 
456	255 
457	338 
458	295 
459	123 
460	88 
461	31 
462	127 
463	282 
464	206 
465	14 
466	395 
467	149 
468	57 
469	142 
470	109 
471	140 
472	185 
473	83 
474	292 
475	76 
476	94 
477	207 
478	129 
479	313 
480	184 
481	313 
482	241 
483	301 
484	86 
485	297 
486	255 
487	202 
488	40 
489	12 
490	70 
491	375 
492	3 
493	13 
494	303 
495	225 
496	66 
497	395 
498	150 
499	136 
500	340 
501	352 
502	114 
503	373 
504	395 
505	10 
506	45 
507	110 
508	214 
509	225 
510	86 
511	360 
512	186 
513	4 
514	27 
515	9 
516	361 
517	221 
518	356 
519	184 
520	127 
521	205 
522	385 
523	194 
524	93 
525	130 
526	336 
527	284 
528	69 
529	71 
530	112 
531	324 
532	153 
533	175 
534	19 
535	31 
536	246 
537	130 
538	311 
539	363 
540	253 
541	240 
542	84 
543	102 
544	118 
545	281 
546	351 
547	381 
548	64 
549	206 
550	158 
551	322 
552	228 
553	325 
554	20 
555	249 
556	72 
557	296 
558	301 
559	388 
560	260 
561	46 
562	60 
563	306 
564	234 
565	355 
566	352 
567	65 
568	174 
569	158 
570	44 
571	276 
572	38 
573	154 
574	338 
575	158 
576	87 
577	68 
578	352 
579	78 
580	51 
581	275 
582	353 
583	237 
584	97 
585	36 
586	271 
587	360 
588	203 
589	225 
590	219 
591	188 
592	258 
593	129 
594	180 
595	40 
596	73 
597	18 
598	107 
599	156 
600	210 
601	30 
602	135 
603	2 
604	90 
605	321 
606	328 
607	206 
608	23 
609	315 
610	23 
611	202 
612	232 
613	308 
614	393 
615	375 
616	172 
617	318 
618	182 
619	394 
620	314 
621	378 
622	41 
623	295 
624	1 
625	70 
626	68 
627	135 
628	289 
629	162 
630	327 
631	279 
632	364 
633	50 
634	139 
635	16 
636	243 
637	309 
638	330 
639	107 
640	326 
641	56 
642	234 
643	341 
644	5 
645	220 
646	58 
647	385 
648	303 
649	13 
650	183 
651	108 
652	224 
653	327 
654	162 
655	352 
656	388 
657	120 
658	385 
659	144 
660	69 
661	246 
662	352 
663	29 
664	115 
665	234 
666	109 
667	47 
668	42 
669	224 
670	105 
671	114 
672	332 
673	111 
674	261 
675	280 
676	64 
677	2 
678	192 
679	319 
680	310 
681	89 
682	171 
683	64 
684	148 
685	159 
686	343 
687	185 
688	388 
689	234 
690	87 
691	249 
692	211 
693	10 
694	92 
695	120 
696	50 
697	356 
698	29 
699	393 
700	238 
701	303 
702	65 
703	81 
704	338 
705	201 
706	132 
707	138 
708	229 
709	232 
710	130 
711	362 
712	49 
713	281 
714	288 
715	114 
716	211 
717	176 
718	328 
719	322 
720	248 
721	306 
722	9 
723	337 
724	369 
725	288 
726	205 
727	20 
728	72 
729	189 
730	208 
731	146 
732	201 
733	350 
734	120 
735	318 
736	324 
737	359 
738	206 
739	262 
740	224 
741	125 
742	393 
743	110 
744	217 
745	209 
746	275 
747	116 
748	11 
749	147 
750	122 
751	394 
752	258 
753	1 
754	46 
755	45 
756	50 
757	215 
758	72 
759	283 
760	391 
761	125 
762	329 
763	392 
764	330 
765	281 
766	34 
767	289 
768	222 
769	61 
770	220 
771	48 
772	160 
773	218 
774	187 
775	378 
776	125 
777	31 
778	112 
779	276 
780	364 
781	259 
782	12 
783	245 
784	99 
785	161 
786	331 
787	395 
788	183 
789	287 
790	395 
791	197 
792	185 
793	91 
794	316 
795	312 
796	140 
797	124 
798	317 
799	246 
800	64 
801	266 
802	251 
803	280 
804	306 
805	193 
806	326 
807	56 
808	76 
809	308 
810	142 
811	235 
812	312 
813	117 
814	185 
815	349 
816	214 
817	22 
818	129 
819	183 
820	261 
821	104 
822	281 
823	293 
824	169 
825	337 
826	210 
827	80 
828	109 
829	372 
830	71 
831	94 
832	327 
833	249 
834	327 
835	28 
836	144 
837	159 
838	254 
839	12 
840	67 
841	227 
842	378 
843	389 
844	238 
845	40 
846	140 
847	67 
848	73 
849	166 
850	2 
851	153 
852	155 
853	141 
854	337 
855	61 
856	173 
857	224 
858	95 
859	196 
860	346 
861	254 
862	150 
863	306 
864	190 
865	116 
866	146 
867	27 
868	389 
869	376 
870	303 
871	172 
872	344 
873	239 
874	31 
875	327 
876	132 
877	216 
878	138 
879	190 
880	67 
881	23 
882	38 
883	46 
884	207 
885	282 
886	27 
887	277 
888	203 
889	152 
890	158 
891	78 
892	228 
893	307 
894	74 
895	327 
896	203 
897	217 
898	373 
899	223 
900	378 
901	367 
902	92 
903	75 
904	83 
905	168 
906	332 
907	94 
908	334 
909	90 
910	194 
911	204 
912	285 
913	251 
914	1 
915	370 
916	149 
917	375 
918	346 
919	167 
920	339 
921	113 
922	335 
923	201 
924	22 
925	349 
926	178 
927	264 
928	365 
929	283 
930	159 
931	333 
932	264 
933	323 
934	382 
935	106 
936	93 
937	352 
938	335 
939	41 
940	282 
941	334 
942	9 
943	344 
944	373 
945	52 
946	1 
947	197 
948	228 
949	125 
950	339 
951	278 
952	33 
953	372 
954	326 
955	97 
956	9 
957	44 
958	364 
959	182 
960	149 
961	275 
962	264 
963	77 
964	97 
965	61 
966	41 
967	222 
968	296 
969	119 
970	292 
971	230 
972	192 
973	210 
974	171 
975	155 
976	66 
977	314 
978	326 
979	304 
980	127 
981	155 
982	43 
983	309 
984	123 
985	162 
986	341 
987	29 
988	353 
989	393 
990	284 
991	21 
992	49 
993	89 
994	100 
995	176 
996	4 
997	300 
998	141 
999	344 
1000	268 
1001	157 
1002	13 
1003	168 
1004	97 
1005	184 
1006	214 
1007	276 
1008	212 
1009	321 
1010	367 
1011	129 
1012	114 
1013	277 
1014	150 
1015	352 
1016	337 
1017	243 
1018	59 
1019	194 
1020	203 
1021	371 
1022	334 
1023	52 
1024	224 
1025	195 
1026	48 
1027	62 
1028	49 
1029	120 
1030	311 
1031	329 
1032	115 
1033	207 
1034	2 
1035	43 
1036	94 
1037	185 
1038	312 
1039	315 
1040	270 
1041	177 
1042	151 
1043	150 
1044	71 
1045	166 
1046	391 
1047	165 
1048	380 
1049	93 
1050	315 
1051	333 
1052	169 
1053	225 
1054	162 
1055	363 
1056	395 
1057	31 
1058	361 
1059	264 
1060	158 
1061	385 
1062	224 
1063	222 
1064	199 
1065	305 
1066	187 
1067	276 
1068	298 
1069	310 
1070	341 
1071	158 
1072	247 
1073	228 
1074	184 
1075	305 
1076	167 
1077	2 
1078	311 
1079	198 
1080	125 
1081	144 
1082	146 
1083	356 
1084	214 
1085	362 
1086	208 
1087	243 
1088	154 
1089	321 
1090	82 
1091	118 
1092	381 
1093	288 
1094	22 
1095	121 
1096	178 
1097	20 
1098	7 
1099	212 
1100	199 
1101	40 
1102	242 
1103	388 
1104	278 
1105	213 
1106	89 
1107	351 
1108	346 
1109	78 
1110	121 
1111	249 
1112	33 
1113	93 
1114	182 
1115	276 
1116	296 
1117	38 
1118	15 
1119	166 
1120	234 
1121	75 
1122	145 
1123	32 
1124	43 
1125	384 
1126	323 
1127	79 
1128	177 
1129	378 
1130	18 
1131	355 
1132	54 
1133	301 
1134	254 
1135	84 
1136	313 
1137	248 
1138	89 
1139	194 
1140	123 
1141	382 
1142	232 
1143	100 
1144	231 
1145	61 
1146	143 
1147	250 
1148	93 
1149	205 
1150	285 
1151	81 
1152	5 
1153	74 
1154	220 
1155	222 
1156	383 
1157	310 
1158	64 
1159	116 
1160	255 
1161	242 
1162	346 
1163	190 
1164	124 
1165	223 
1166	151 
1167	325 
1168	113 
1169	336 
1170	154 
1171	43 
1172	180 
1173	250 
1174	158 
1175	26 
1176	264 
1177	278 
1178	164 
1179	202 
1180	220 
1181	332 
1182	331 
1183	271 
1184	120 
1185	361 
1186	9 
1187	268 
1188	322 
1189	48 
1190	171 
1191	275 
1192	255 
1193	87 
1194	214 
1195	68 
1196	220 
1197	213 
1198	350 
1199	22 
1200	18 
1201	155 
1202	103 
1203	345 
1204	296 
1205	112 
1206	335 
1207	107 
1208	7 
1209	103 
1210	180 
1211	207 
1212	353 
1213	355 
1214	31 
1215	314 
1216	203 
1217	387 
1218	352 
1219	167 
1220	169 
1221	194 
1222	132 
1223	51 
1224	76 
1225	184 
1226	56 
1227	20 
1228	63 
1229	181 
1230	5 
1231	389 
1232	199 
1233	285 
1234	254 
1235	21 
1236	372 
1237	27 
1238	129 
1239	264 
1240	169 
1241	93 
1242	327 
1243	317 
1244	93 
1245	184 
1246	178 
1247	364 
1248	219 
1249	266 
1250	35 
1251	43 
1252	373 
1253	195 
1254	113 
1255	83 
1256	210 
1257	103 
1258	177 
1259	352 
1260	215 
1261	44 
1262	280 
1263	310 
1264	326 
1265	6 
1266	183 
1267	380 
1268	62 
1269	372 
1270	224 
1271	95 
1272	29 
1273	13 
1274	169 
1275	336 
1276	291 
1277	292 
1278	352 
1279	260 
1280	53 
1281	96 
1282	395 
1283	130 
1284	183 
1285	36 
1286	351 
1287	202 
1288	9 
1289	220 
1290	154 
1291	200 
1292	308 
1293	31 
1294	303 
1295	217 
1296	2 
1297	371 
1298	328 
1299	78 
1300	336 
1301	113 
1302	307 
1303	307 
1304	72 
1305	192 
1306	230 
1307	272 
1308	174 
1309	310 
1310	256 
1311	343 
1312	343 
1313	43 
1314	273 
1315	142 
1316	202 
1317	69 
1318	132 
1319	341 
1320	319 
1321	27 
1322	370 
1323	388 
1324	2 
1325	118 
1326	102 
1327	233 
1328	116 
1329	196 
1330	265 
1331	79 
1332	360 
1333	296 
1334	221 
1335	144 
1336	64 
1337	40 
1338	222 
1339	2 
1340	307 
1341	249 
1342	43 
1343	382 
1344	18 
1345	47 
1346	334 
1347	6 
1348	377 
1349	66 
1350	355 
1351	31 
1352	60 
1353	24 
1354	252 
1355	170 
1356	276 
1357	2 
1358	65 
1359	164 
1360	101 
1361	300 
1362	140 
1363	327 
1364	335 
1365	114 
1366	23 
1367	139 
1368	275 
1369	116 
1370	97 
1371	87 
1372	320 
1373	96 
1374	43 
1375	277 
1376	19 
1377	210 
1378	220 
1379	348 
1380	193 
1381	193 
1382	14 
1383	380 
1384	343 
1385	321 
1386	367 
1387	210 
1388	376 
1389	293 
1390	326 
1391	235 
1392	129 
1393	383 
1394	211 
1395	5 
1396	373 
1397	180 
1398	243 
1399	239 
1400	184 
1401	186 
1402	157 
1403	171 
1404	227 
1405	299 
1406	291 
1407	190 
1408	85 
1409	219 
1410	326 
1411	16 
1412	369 
1413	342 
1414	26 
1415	347 
1416	322 
1417	136 
1418	119 
1419	69 
1420	285 
1421	67 
1422	71 
1423	85 
1424	321 
1425	109 
1426	97 
1427	346 
1428	360 
1429	117 
1430	183 
1431	309 
1432	353 
1433	185 
1434	286 
1435	118 
1436	351 
1437	120 
1438	206 
1439	170 
1440	276 
1441	147 
1442	89 
1443	296 
1444	393 
1445	105 
1446	136 
1447	123 
1448	109 
1449	203 
1450	147 
1451	50 
1452	16 
1453	295 
1454	114 
1455	170 
1456	173 
1457	138 
1458	190 
1459	75 
1460	1 
1461	36 
1462	94 
1463	255 
1464	181 
1465	265 
1466	342 
1467	211 
1468	253 
1469	82 
1470	277 
1471	269 
1472	310 
1473	54 
1474	55 
1475	307 
1476	369 
1477	140 
1478	191 
1479	382 
1480	81 
1481	274 
1482	324 
1483	296 
1484	249 
1485	222 
1486	185 
1487	176 
1488	150 
1489	185 
1490	357 
1491	134 
1492	82 
1493	260 
1494	64 
1495	314 
1496	215 
1497	134 
1498	211 
1499	75 
1500	50 
1501	322 
1502	177 
1503	94 
1504	98 
1505	218 
1506	331 
1507	343 
1508	342 
1509	354 
1510	361 
1511	74 
1512	202 
1513	153 
1514	381 
1515	203 
1516	286 
1517	14 
1518	84 
1519	111 
1520	113 
1521	153 
1522	103 
1523	281 
1524	30 
1525	269 
1526	185 
1527	133 
1528	29 
1529	146 
1530	366 
1531	113 
1532	343 
1533	297 
1534	64 
1535	226 
1536	264 
1537	352 
1538	132 
1539	155 
1540	66 
1541	28 
1542	11 
1543	328 
1544	322 
1545	382 
1546	10 
1547	75 
1548	196 
1549	157 
1550	251 
1551	389 
1552	33 
1553	157 
1554	299 
1555	114 
1556	312 
1557	242 
1558	140 
1559	250 
1560	383 
1561	350 
1562	93 
1563	136 
1564	91 
1565	182 
1566	206 
1567	110 
1568	45 
1569	275 
1570	157 
1571	262 
1572	257 
1573	237 
1574	33 
1575	64 
1576	77 
1577	154 
1578	138 
1579	107 
1580	220 
1581	336 
1582	81 
1583	3 
1584	254 
1585	216 
1586	24 
1587	33 
1588	86 
1589	104 
1590	5 
1591	276 
1592	346 
1593	169 
1594	274 
1595	132 
1596	230 
1597	176 
1598	271 
1599	314 
1600	291 
1601	176 
1602	151 
1603	89 
1604	32 
1605	97 
1606	6 
1607	385 
1608	361 
1609	309 
1610	315 
1611	206 
1612	48 
1613	127 
1614	290 
1615	310 
1616	319 
1617	271 
1618	70 
1619	184 
1620	206 
1621	173 
1622	51 
1623	132 
1624	57 
1625	386 
1626	184 
1627	196 
1628	137 
1629	49 
1630	344 
1631	211 
1632	324 
1633	243 
1634	45 
1635	43 
1636	347 
1637	276 
1638	361 
1639	361 
1640	88 
1641	57 
1642	267 
1643	88 
1644	95 
1645	18 
1646	183 
1647	241 
1648	367 
1649	369 
1650	301 
1651	306 
1652	292 
1653	372 
1654	325 
1655	65 
1656	385 
1657	56 
1658	346 
1659	40 
1660	276 
1661	40 
1662	79 
1663	72 
1664	355 
1665	179 
1666	363 
1667	161 
1668	133 
1669	302 
1670	191 
1671	90 
1672	263 
1673	370 
1674	77 
1675	15 
1676	370 
1677	183 
1678	77 
1679	327 
1680	141 
1681	43 
1682	226 
1683	33 
1684	94 
1685	97 
1686	112 
1687	259 
1688	36 
1689	205 
1690	261 
1691	355 
1692	71 
1693	85 
1694	242 
1695	264 
1696	145 
1697	73 
1698	174 
1699	341 
1700	72 
1701	77 
1702	325 
1703	12 
1704	201 
1705	88 
1706	9 
1707	171 
1708	175 
1709	68 
1710	191 
1711	281 
1712	97 
1713	96 
1714	67 
1715	230 
1716	147 
1717	340 
1718	97 
1719	345 
1720	131 
1721	209 
1722	358 
1723	288 
1724	94 
1725	76 
1726	155 
1727	249 
1728	222 
1729	32 
1730	13 
1731	51 
1732	117 
1733	309 
1734	307 
1735	382 
1736	354 
1737	149 
1738	172 
1739	150 
1740	362 
1741	23 
1742	364 
1743	280 
1744	8 
1745	202 
1746	351 
1747	111 
1748	377 
1749	44 
1750	146 
1751	310 
1752	73 
1753	278 
1754	346 
1755	182 
1756	7 
1757	356 
1758	337 
1759	21 
1760	325 
1761	379 
1762	148 
1763	184 
1764	107 
1765	162 
1766	138 
1767	375 
1768	356 
1769	21 
1770	336 
1771	290 
1772	363 
1773	334 
1774	128 
1775	122 
1776	299 
1777	35 
1778	52 
1779	282 
1780	388 
1781	205 
1782	4 
1783	320 
1784	8 
1785	328 
1786	85 
1787	40 
1788	199 
1789	284 
1790	241 
1791	364 
1792	111 
1793	198 
1794	266 
1795	113 
1796	198 
1797	366 
1798	31 
1799	225 
1800	77 
1801	165 
1802	255 
1803	83 
1804	264 
1805	193 
1806	91 
1807	2 
1808	61 
1809	326 
1810	203 
1811	9 
1812	233 
1813	31 
1814	33 
1815	141 
1816	98 
1817	62 
1818	76 
1819	159 
1820	210 
1821	69 
1822	340 
1823	327 
1824	363 
1825	306 
1826	102 
1827	145 
1828	158 
1829	69 
1830	211 
1831	256 
1832	235 
1833	122 
1834	227 
1835	78 
1836	18 
1837	307 
1838	21 
1839	186 
1840	200 
1841	149 
1842	48 
1843	190 
1844	148 
1845	316 
1846	244 
1847	325 
1848	214 
1849	252 
1850	146 
1851	63 
1852	196 
1853	287 
1854	134 
1855	336 
1856	39 
1857	375 
1858	87 
1859	215 
1860	2 
1861	2 
1862	185 
1863	78 
1864	337 
1865	175 
1866	33 
1867	57 
1868	320 
1869	214 
1870	296 
1871	50 
1872	77 
1873	265 
1874	347 
1875	200 
1876	51 
1877	309 
1878	129 
1879	97 
1880	157 
1881	330 
1882	72 
1883	33 
1884	22 
1885	35 
1886	1 
1887	4 
1888	245 
1889	167 
1890	302 
1891	341 
1892	392 
1893	216 
1894	226 
1895	70 
1896	77 
1897	395 
1898	50 
1899	182 
1900	153 
1901	93 
1902	368 
1903	345 
1904	172 
1905	183 
1906	369 
1907	114 
1908	52 
1909	359 
1910	142 
1911	385 
1912	112 
1913	20 
1914	140 
1915	176 
1916	83 
1917	310 
1918	14 
1919	361 
1920	52 
1921	231 
1922	261 
1923	140 
1924	184 
1925	200 
1926	258 
1927	119 
1928	190 
1929	78 
1930	351 
1931	77 
1932	341 
1933	75 
1934	26 
1935	24 
1936	299 
1937	86 
1938	138 
1939	54 
1940	264 
1941	138 
1942	66 
1943	31 
1944	378 
1945	328 
1946	162 
1947	225 
1948	293 
1949	135 
1950	47 
1951	305 
1952	355 
1953	54 
1954	28 
1955	279 
1956	369 
1957	356 
1958	384 
1959	66 
1960	7 
1961	351 
1962	204 
1963	192 
1964	11 
1965	346 
1966	361 
1967	55 
1968	360 
1969	111 
1970	84 
1971	142 
1972	159 
1973	23 
1974	48 
1975	44 
1976	179 
1977	245 
1978	287 
1979	273 
1980	194 
1981	299 
1982	306 
1983	318 
1984	313 
1985	308 
1986	282 
1987	60 
1988	264 
1989	46 
1990	289 
1991	392 
1992	153 
1993	312 
1994	182 
1995	21 
1996	358 
1997	131 
1998	158 
1999	125 
2000	311 
2001	306 
2002	48 
2003	256 
2004	172 
2005	356 
2006	95 
2007	289 
2008	136 
2009	61 
2010	393 
2011	180 
2012	33 
2013	139 
2014	98 
2015	141 
2016	148 
2017	278 
2018	182 
2019	353 
2020	52 
2021	210 
2022	333 
2023	360 
2024	31 
2025	348 
2026	262 
2027	194 
2028	73 
2029	386 
2030	1 
2031	140 
2032	89 
2033	26 
2034	172 
2035	69 
2036	138 
2037	162 
2038	178 
2039	179 
2040	249 
2041	61 
2042	170 
2043	225 
2044	21 
2045	72 
2046	66 
2047	356 
2048	343 
2049	341 
2050	363 
2051	338 
2052	106 
2053	61 
2054	164 
2055	183 
2056	151 
2057	180 
2058	232 
2059	183 
2060	151 
2061	201 
2062	255 
2063	167 
2064	271 
2065	359 
2066	181 
2067	210 
2068	135 
2069	150 
2070	113 
2071	249 
2072	292 
2073	52 
2074	236 
2075	153 
2076	81 
2077	220 
2078	373 
2079	42 
2080	327 
2081	86 
2082	157 
2083	350 
2084	64 
2085	371 
2086	368 
2087	94 
2088	28 
2089	385 
2090	146 
2091	132 
2092	321 
2093	221 
2094	94 
2095	253 
2096	13 
2097	60 
2098	207 
2099	380 
2100	48 
2101	308 
2102	227 
2103	259 
2104	201 
2105	96 
2106	381 
2107	310 
2108	171 
2109	258 
2110	48 
2111	216 
2112	89 
2113	27 
2114	42 
2115	263 
2116	275 
2117	80 
2118	133 
2119	50 
2120	156 
2121	164 
2122	134 
2123	140 
2124	244 
2125	60 
2126	102 
2127	219 
2128	1 
2129	45 
2130	172 
2131	26 
2132	255 
2133	35 
2134	354 
2135	250 
2136	131 
2137	116 
2138	372 
2139	64 
2140	165 
2141	143 
2142	262 
2143	177 
2144	314 
2145	248 
2146	157 
2147	318 
2148	89 
2149	188 
2150	81 
2151	43 
2152	109 
2153	299 
2154	30 
2155	118 
2156	223 
2157	119 
2158	115 
2159	370 
2160	336 
2161	160 
2162	40 
2163	195 
2164	352 
2165	392 
2166	250 
2167	350 
2168	385 
2169	134 
2170	10 
2171	242 
2172	347 
2173	259 
2174	274 
2175	190 
2176	376 
2177	110 
2178	271 
2179	282 
2180	261 
2181	203 
2182	296 
2183	111 
2184	303 
2185	205 
2186	265 
2187	245 
2188	261 
2189	301 
2190	343 
2191	310 
2192	191 
2193	110 
2194	39 
2195	180 
2196	30 
2197	96 
2198	152 
2199	338 
2200	59 
2201	82 
2202	188 
2203	131 
2204	155 
2205	185 
2206	133 
2207	31 
2208	77 
2209	315 
2210	17 
2211	374 
2212	318 
2213	285 
2214	338 
2215	120 
2216	117 
2217	174 
2218	382 
2219	34 
2220	76 
2221	235 
2222	269 
2223	47 
2224	5 
2225	201 
2226	241 
2227	186 
2228	213 
2229	14 
2230	378 
2231	40 
2232	16 
2233	60 
2234	365 
2235	347 
2236	197 
2237	124 
2238	17 
2239	222 
2240	180 
2241	17 
2242	130 
2243	147 
2244	46 
2245	69 
2246	49 
2247	341 
2248	375 
2249	223 
2250	318 
2251	190 
2252	84 
2253	228 
2254	376 
2255	113 
2256	26 
2257	239 
2258	148 
2259	193 
2260	48 
2261	218 
2262	289 
2263	24 
2264	133 
2265	322 
2266	361 
2267	197 
2268	210 
2269	40 
2270	8 
2271	131 
2272	139 
2273	78 
2274	278 
2275	31 
2276	51 
2277	132 
2278	21 
2279	276 
2280	330 
2281	303 
2282	108 
2283	274 
2284	353 
2285	239 
2286	37 
2287	365 
2288	124 
2289	14 
2290	244 
2291	26 
2292	203 
2293	164 
2294	118 
2295	288 
2296	19 
2297	276 
2298	299 
2299	39 
2300	94 
2301	217 
2302	331 
2303	296 
2304	112 
2305	255 
2306	375 
2307	83 
2308	20 
2309	96 
2310	272 
2311	130 
2312	207 
2313	63 
2314	102 
2315	380 
2316	354 
2317	27 
2318	124 
2319	285 
2320	6 
2321	271 
2322	199 
2323	119 
2324	301 
2325	308 
2326	199 
2327	91 
2328	21 
2329	90 
2330	30 
2331	369 
2332	112 
2333	91 
2334	141 
2335	136 
2336	359 
2337	372 
2338	245 
2339	210 
2340	325 
2341	68 
2342	354 
2343	181 
2344	214 
2345	102 
2346	164 
2347	2 
2348	51 
2349	345 
2350	209 
2351	385 
2352	339 
2353	99 
2354	12 
2355	50 
2356	151 
2357	266 
2358	209 
2359	299 
2360	92 
2361	200 
2362	249 
2363	345 
2364	153 
2365	343 
2366	126 
2367	190 
2368	158 
2369	195 
2370	359 
2371	95 
2372	140 
2373	61 
2374	257 
2375	48 
2376	378 
2377	378 
2378	148 
2379	93 
2380	52 
2381	89 
2382	288 
2383	347 
2384	138 
2385	389 
2386	26 
2387	260 
2388	264 
2389	309 
2390	393 
2391	134 
2392	381 
2393	391 
2394	230 
2395	313 
2396	171 
2397	22 
2398	345 
2399	186 
2400	125 
2401	238 
2402	220 
2403	175 
2404	212 
2405	171 
2406	346 
2407	79 
2408	109 
2409	149 
2410	304 
2411	303 
2412	349 
2413	72 
2414	139 
2415	251 
2416	129 
2417	59 
2418	176 
2419	374 
2420	300 
2421	379 
2422	28 
2423	359 
2424	295 
2425	302 
2426	341 
2427	55 
2428	181 
2429	222 
2430	225 
2431	172 
2432	209 
2433	190 
2434	273 
2435	36 
2436	319 
2437	2 
2438	9 
2439	100 
2440	277 
2441	309 
2442	13 
2443	240 
2444	393 
2445	200 
2446	54 
2447	88 
2448	207 
2449	48 
2450	225 
2451	275 
2452	339 
2453	323 
2454	52 
2455	267 
2456	184 
2457	40 
2458	247 
2459	390 
2460	351 
2461	242 
2462	216 
2463	52 
2464	322 
2465	237 
2466	326 
2467	109 
2468	178 
2469	226 
2470	111 
2471	208 
2472	332 
2473	151 
2474	197 
2475	354 
2476	323 
2477	77 
2478	127 
2479	182 
2480	313 
2481	208 
2482	81 
2483	45 
2484	214 
2485	75 
2486	165 
2487	89 
2488	86 
2489	128 
2490	74 
2491	75 
2492	215 
2493	267 
2494	227 
2495	274 
2496	231 
2497	21 
2498	389 
2499	329 
2500	7 
2501	13 
2502	340 
2503	377 
2504	111 
2505	288 
2506	194 
2507	173 
2508	116 
2509	123 
2510	356 
2511	58 
2512	77 
2513	10 
2514	375 
2515	163 
2516	313 
2517	164 
2518	327 
2519	228 
2520	259 
2521	334 
2522	236 
2523	58 
2524	353 
2525	361 
2526	316 
2527	372 
2528	6 
2529	142 
2530	56 
2531	331 
2532	3 
2533	6 
2534	356 
2535	258 
2536	309 
2537	259 
2538	344 
2539	140 
2540	257 
2541	293 
2542	23 
2543	187 
2544	33 
2545	59 
2546	166 
2547	310 
2548	342 
2549	299 
2550	304 
2551	79 
2552	151 
2553	309 
2554	184 
2555	211 
2556	99 
2557	15 
2558	6 
2559	9 
2560	104 
2561	75 
2562	38 
2563	143 
2564	189 
2565	161 
2566	91 
2567	72 
2568	32 
2569	87 
2570	190 
2571	301 
2572	23 
2573	292 
2574	343 
2575	186 
2576	80 
2577	80 
2578	292 
2579	173 
2580	211 
2581	377 
2582	220 
2583	131 
2584	8 
2585	182 
2586	376 
2587	65 
2588	318 
2589	214 
2590	379 
2591	51 
2592	140 
2593	172 
2594	78 
2595	165 
2596	339 
2597	71 
2598	302 
2599	280 
2600	204 
2601	195 
2602	389 
2603	128 
2604	254 
2605	265 
2606	202 
2607	215 
2608	296 
2609	50 
2610	6 
2611	243 
2612	208 
2613	108 
2614	285 
2615	233 
2616	275 
2617	336 
2618	31 
2619	341 
2620	321 
2621	228 
2622	39 
2623	220 
2624	378 
2625	328 
2626	101 
2627	77 
2628	276 
2629	395 
2630	63 
2631	91 
2632	179 
2633	116 
2634	309 
2635	71 
2636	33 
2637	13 
2638	369 
2639	362 
2640	54 
2641	105 
2642	155 
2643	89 
2644	333 
2645	317 
2646	215 
2647	346 
2648	138 
2649	165 
2650	354 
2651	184 
2652	92 
2653	223 
2654	30 
2655	141 
2656	175 
2657	114 
2658	168 
2659	104 
2660	80 
2661	157 
2662	164 
2663	323 
2664	312 
2665	354 
2666	305 
2667	252 
2668	300 
2669	13 
2670	117 
2671	61 
2672	324 
2673	70 
2674	195 
2675	178 
2676	128 
2677	50 
2678	178 
2679	327 
2680	228 
2681	220 
2682	276 
2683	96 
2684	173 
2685	201 
2686	359 
2687	354 
2688	357 
2689	67 
2690	183 
2691	183 
2692	378 
2693	77 
2694	96 
2695	301 
2696	389 
2697	345 
2698	324 
2699	393 
2700	220 
2701	45 
2702	93 
2703	55 
2704	253 
2705	335 
2706	357 
2707	160 
2708	45 
2709	18 
2710	167 
2711	378 
2712	176 
2713	76 
2714	60 
2715	244 
2716	224 
2717	164 
2718	254 
2719	196 
2720	156 
2721	157 
2722	367 
2723	62 
2724	46 
2725	333 
2726	103 
2727	75 
2728	329 
2729	90 
2730	230 
2731	40 
2732	123 
2733	285 
2734	111 
2735	357 
2736	124 
2737	155 
2738	315 
2739	132 
2740	276 
2741	328 
2742	276 
2743	333 
2744	210 
2745	309 
2746	210 
2747	77 
2748	226 
2749	55 
2750	227 
2751	334 
2752	108 
2753	142 
2754	21 
2755	163 
2756	187 
2757	45 
2758	276 
2759	286 
2760	247 
2761	371 
2762	267 
2763	319 
2764	380 
2765	395 
2766	102 
2767	222 
2768	8 
2769	225 
2770	122 
2771	322 
2772	2 
2773	240 
2774	166 
2775	361 
2776	316 
2777	214 
2778	345 
2779	87 
2780	39 
2781	331 
2782	181 
2783	93 
2784	144 
2785	23 
2786	26 
2787	147 
2788	158 
2789	328 
2790	233 
2791	142 
2792	246 
2793	195 
2794	226 
2795	281 
2796	221 
2797	259 
2798	190 
2799	159 
2800	172 
2801	329 
2802	121 
2803	30 
2804	175 
2805	322 
2806	367 
2807	253 
2808	317 
2809	388 
2810	255 
2811	254 
2812	305 
2813	64 
2814	200 
2815	379 
2816	277 
2817	31 
2818	319 
2819	120 
2820	165 
2821	47 
2822	169 
2823	199 
2824	87 
2825	27 
2826	375 
2827	308 
2828	312 
2829	222 
2830	309 
2831	32 
2832	2 
2833	335 
2834	126 
2835	52 
2836	232 
2837	68 
2838	170 
2839	317 
2840	281 
2841	98 
2842	364 
2843	376 
2844	88 
2845	344 
2846	104 
2847	229 
2848	271 
2849	309 
2850	271 
2851	41 
2852	145 
2853	119 
2854	360 
2855	201 
2856	24 
2857	261 
2858	106 
2859	222 
2860	153 
2861	115 
2862	209 
2863	67 
2864	2 
2865	108 
2866	104 
2867	74 
2868	118 
2869	302 
2870	148 
2871	156 
2872	6 
2873	89 
2874	314 
2875	361 
2876	389 
2877	220 
2878	378 
2879	66 
2880	214 
2881	106 
2882	385 
2883	107 
2884	277 
2885	156 
2886	44 
2887	45 
2888	260 
2889	296 
2890	170 
2891	316 
2892	135 
2893	269 
2894	172 
2895	49 
2896	172 
2897	97 
2898	135 
2899	332 
2900	184 
2901	339 
2902	261 
2903	13 
2904	393 
2905	116 
2906	88 
2907	129 
2908	189 
2909	153 
2910	210 
2911	16 
2912	210 
2913	292 
2914	349 
2915	296 
2916	141 
2917	207 
2918	312 
2919	343 
2920	28 
2921	144 
2922	340 
2923	281 
2924	222 
2925	357 
2926	238 
2927	188 
2928	231 
2929	110 
2930	373 
2931	302 
2932	339 
2933	149 
2934	302 
2935	336 
2936	167 
2937	284 
2938	388 
2939	153 
2940	233 
2941	214 
2942	224 
2943	207 
2944	202 
2945	121 
2946	305 
2947	150 
2948	167 
2949	228 
2950	16 
2951	114 
2952	63 
2953	162 
2954	161 
2955	135 
2956	163 
2957	248 
2958	78 
2959	279 
2960	94 
2961	136 
2962	17 
2963	247 
2964	259 
2965	386 
2966	159 
2967	348 
2968	251 
2969	287 
2970	171 
2971	297 
2972	235 
2973	8 
2974	173 
2975	373 
2976	14 
2977	371 
2978	303 
2979	189 
2980	332 
2981	395 
2982	327 
2983	264 
2984	90 
2985	147 
2986	371 
2987	296 
2988	112 
2989	80 
2990	336 
2991	362 
2992	138 
2993	10 
2994	93 
2995	279 
2996	313 
2997	294 
2998	210 
2999	156 
3000	89 
3001	80 
3002	370 
3003	304 
3004	215 
3005	84 
3006	282 
3007	43 
3008	2 
3009	46 
3010	113 
3011	215 
3012	89 
3013	343 
3014	233 
3015	126 
3016	43 
3017	128 
3018	190 
3019	167 
3020	336 
3021	116 
3022	258 
3023	34 
3024	245 
3025	96 
3026	173 
3027	178 
3028	41 
3029	103 
3030	259 
3031	119 
3032	172 
3033	90 
3034	217 
3035	371 
3036	321 
3037	375 
3038	312 
3039	285 
3040	4 
3041	211 
3042	186 
3043	279 
3044	94 
3045	273 
3046	330 
3047	307 
3048	273 
3049	182 
3050	371 
3051	137 
3052	375 
3053	194 
3054	282 
3055	156 
3056	281 
3057	169 
3058	374 
3059	31 
3060	192 
3061	190 
3062	147 
3063	262 
3064	346 
3065	126 
3066	146 
3067	150 
3068	153 
3069	229 
3070	13 
3071	239 
3072	259 
3073	180 
3074	202 
3075	29 
3076	137 
3077	59 
3078	89 
3079	157 
3080	318 
3081	52 
3082	38 
3083	360 
3084	385 
3085	24 
3086	257 
3087	141 
3088	31 
3089	277 
3090	325 
3091	325 
3092	183 
3093	233 
3094	12 
3095	141 
3096	104 
3097	341 
3098	255 
3099	25 
3100	302 
3101	395 
3102	38 
3103	115 
3104	283 
3105	64 
3106	101 
3107	190 
3108	215 
3109	2 
3110	161 
3111	358 
3112	164 
3113	126 
3114	337 
3115	387 
3116	17 
3117	242 
3118	372 
3119	391 
3120	154 
3121	66 
3122	127 
3123	245 
3124	305 
3125	179 
3126	281 
3127	389 
3128	320 
3129	82 
3130	356 
3131	79 
3132	152 
3133	132 
3134	29 
3135	369 
3136	394 
3137	265 
3138	168 
3139	337 
3140	268 
3141	230 
3142	318 
3143	199 
3144	354 
3145	269 
3146	211 
3147	46 
3148	263 
3149	17 
3150	369 
3151	220 
3152	24 
3153	6 
3154	43 
3155	150 
3156	281 
3157	392 
3158	395 
3159	150 
3160	390 
3161	137 
3162	298 
3163	306 
3164	68 
3165	9 
3166	75 
3167	343 
3168	13 
3169	288 
3170	182 
3171	203 
3172	107 
3173	48 
3174	120 
3175	375 
3176	141 
3177	186 
3178	95 
3179	40 
3180	347 
3181	258 
3182	137 
3183	154 
3184	384 
3185	390 
3186	102 
3187	268 
3188	206 
3189	190 
3190	136 
3191	345 
3192	40 
3193	20 
3194	286 
3195	275 
3196	356 
3197	158 
3198	358 
3199	111 
3200	190 
3201	242 
3202	154 
3203	82 
3204	39 
3205	81 
3206	230 
3207	146 
3208	339 
3209	30 
3210	54 
3211	77 
3212	140 
3213	115 
3214	57 
3215	21 
3216	71 
3217	110 
3218	248 
3219	313 
3220	78 
3221	273 
3222	326 
3223	183 
3224	225 
3225	261 
3226	109 
3227	140 
3228	179 
3229	266 
3230	365 
3231	20 
3232	136 
3233	22 
3234	211 
3235	11 
3236	167 
3237	31 
3238	197 
3239	205 
3240	51 
3241	369 
3242	212 
3243	159 
3244	339 
3245	81 
3246	259 
3247	62 
3248	56 
3249	352 
3250	375 
3251	190 
3252	364 
3253	145 
3254	257 
3255	221 
3256	169 
3257	19 
3258	275 
3259	64 
3260	187 
3261	320 
3262	216 
3263	170 
3264	169 
3265	19 
3266	289 
3267	93 
3268	159 
3269	211 
3270	237 
3271	326 
3272	143 
3273	61 
3274	198 
3275	236 
3276	386 
3277	135 
3278	175 
3279	281 
3280	145 
3281	187 
3282	269 
3283	77 
3284	165 
3285	291 
3286	266 
3287	375 
3288	120 
3289	341 
3290	56 
3291	164 
3292	347 
3293	223 
3294	289 
3295	73 
3296	244 
3297	304 
3298	290 
3299	299 
3300	55 
3301	207 
3302	34 
3303	124 
3304	76 
3305	191 
3306	325 
3307	332 
3308	276 
3309	264 
3310	89 
3311	324 
3312	26 
3313	300 
3314	312 
3315	20 
3316	43 
3317	225 
3318	88 
3319	141 
3320	24 
3321	25 
3322	221 
3323	18 
3324	170 
3325	60 
3326	156 
3327	169 
3328	186 
3329	22 
3330	195 
3331	221 
3332	187 
3333	314 
3334	99 
3335	77 
3336	172 
3337	229 
3338	48 
3339	141 
3340	111 
3341	10 
3342	322 
3343	22 
3344	220 
3345	22 
3346	136 
3347	107 
3348	132 
3349	11 
3350	163 
3351	99 
3352	176 
3353	132 
3354	157 
3355	341 
3356	300 
3357	247 
3358	361 
3359	45 
3360	83 
3361	114 
3362	159 
3363	104 
3364	3 
3365	224 
3366	92 
3367	9 
3368	138 
3369	22 
3370	108 
3371	78 
3372	179 
3373	40 
3374	207 
3375	78 
3376	252 
3377	248 
3378	81 
3379	223 
3380	112 
3381	69 
3382	173 
3383	10 
3384	218 
3385	118 
3386	144 
3387	239 
3388	257 
3389	66 
3390	214 
3391	102 
3392	188 
3393	254 
3394	220 
3395	147 
3396	172 
3397	381 
3398	209 
3399	230 
3400	41 
3401	14 
3402	103 
3403	288 
3404	259 
3405	194 
3406	93 
3407	281 
3408	117 
3409	112 
3410	94 
3411	188 
3412	207 
3413	91 
3414	320 
3415	362 
3416	79 
3417	297 
3418	243 
3419	378 
3420	103 
3421	282 
3422	275 
3423	55 
3424	390 
3425	299 
3426	254 
3427	158 
3428	296 
3429	233 
3430	178 
3431	287 
3432	236 
3433	169 
3434	126 
3435	160 
3436	86 
3437	159 
3438	364 
3439	224 
3440	249 
3441	7 
3442	236 
3443	119 
3444	172 
3445	34 
3446	114 
3447	384 
3448	242 
3449	178 
3450	148 
3451	281 
3452	296 
3453	106 
3454	253 
3455	297 
3456	64 
3457	199 
3458	5 
3459	385 
3460	327 
3461	368 
3462	206 
3463	273 
3464	69 
3465	325 
3466	206 
3467	16 
3468	43 
3469	230 
3470	336 
3471	248 
3472	292 
3473	342 
3474	347 
3475	85 
3476	318 
3477	383 
3478	99 
3479	206 
3480	138 
3481	263 
3482	5 
3483	38 
3484	262 
3485	83 
3486	245 
3487	261 
3488	336 
3489	260 
3490	343 
3491	327 
3492	156 
3493	156 
3494	350 
3495	201 
3496	41 
3497	244 
3498	169 
3499	214 
3500	209 
3501	182 
3502	24 
3503	100 
3504	195 
3505	147 
3506	332 
3507	167 
3508	196 
3509	9 
3510	260 
3511	231 
3512	207 
3513	325 
3514	321 
3515	38 
3516	156 
3517	123 
3518	381 
3519	260 
3520	385 
3521	129 
3522	224 
3523	139 
3524	161 
3525	152 
3526	1 
3527	91 
3528	63 
3529	13 
3530	17 
3531	172 
3532	255 
3533	51 
3534	382 
3535	28 
3536	230 
3537	37 
3538	220 
3539	173 
3540	287 
3541	241 
3542	141 
3543	184 
3544	264 
3545	139 
3546	114 
3547	76 
3548	366 
3549	132 
3550	107 
3551	219 
3552	339 
3553	93 
3554	52 
3555	153 
3556	191 
3557	309 
3558	10 
3559	128 
3560	117 
3561	118 
3562	374 
3563	275 
3564	190 
3565	25 
3566	213 
3567	264 
3568	149 
3569	46 
3570	64 
3571	190 
3572	194 
3573	348 
3574	96 
3575	59 
3576	302 
3577	4 
3578	356 
3579	278 
3580	392 
3581	309 
3582	288 
3583	8 
3584	256 
3585	104 
3586	162 
3587	354 
3588	270 
3589	59 
3590	182 
3591	362 
3592	74 
3593	86 
3594	374 
3595	378 
3596	154 
3597	230 
3598	367 
3599	386 
3600	60 
3601	312 
3602	358 
3603	161 
3604	18 
3605	364 
3606	346 
3607	315 
3608	50 
3609	150 
3610	343 
3611	314 
3612	175 
3613	22 
3614	156 
3615	149 
3616	368 
3617	124 
3618	179 
3619	251 
3620	112 
3621	376 
3622	97 
3623	211 
3624	269 
3625	158 
3626	141 
3627	143 
3628	170 
3629	221 
3630	339 
3631	66 
3632	291 
3633	374 
3634	289 
3635	281 
3636	155 
3637	65 
3638	133 
3639	170 
3640	48 
3641	227 
3642	354 
3643	255 
3644	56 
3645	126 
3646	48 
3647	173 
3648	361 
3649	183 
3650	371 
3651	93 
3652	377 
3653	127 
3654	124 
3655	385 
3656	155 
3657	121 
3658	46 
3659	160 
3660	172 
3661	331 
3662	274 
3663	2 
3664	89 
3665	362 
3666	206 
3667	313 
3668	186 
3669	340 
3670	217 
3671	385 
3672	187 
3673	308 
3674	197 
3675	104 
3676	280 
3677	141 
3678	303 
3679	87 
3680	239 
3681	376 
3682	168 
3683	145 
3684	117 
3685	224 
3686	46 
3687	156 
3688	188 
3689	50 
3690	103 
3691	201 
3692	247 
3693	78 
3694	112 
3695	308 
3696	273 
3697	37 
3698	220 
3699	196 
3700	189 
3701	89 
3702	337 
3703	110 
3704	301 
3705	190 
3706	246 
3707	94 
3708	333 
3709	167 
3710	20 
3711	318 
3712	57 
3713	167 
3714	302 
3715	278 
3716	267 
3717	343 
3718	119 
3719	319 
3720	259 
3721	393 
3722	296 
3723	360 
3724	119 
3725	32 
3726	386 
3727	372 
3728	93 
3729	140 
3730	158 
3731	292 
3732	161 
3733	118 
3734	190 
3735	292 
3736	9 
3737	140 
3738	172 
3739	345 
3740	192 
3741	207 
3742	338 
3743	286 
3744	259 
3745	151 
3746	132 
3747	119 
3748	201 
3749	348 
3750	69 
3751	230 
3752	103 
3753	11 
3754	368 
3755	22 
3756	249 
3757	156 
3758	380 
3759	55 
3760	259 
3761	17 
3762	365 
3763	85 
3764	165 
3765	376 
3766	27 
3767	130 
3768	328 
3769	97 
3770	173 
3771	104 
3772	122 
3773	177 
3774	21 
3775	357 
3776	59 
3777	368 
3778	359 
3779	241 
3780	46 
3781	43 
3782	243 
3783	316 
3784	153 
3785	366 
3786	325 
3787	92 
3788	380 
3789	263 
3790	188 
3791	378 
3792	318 
3793	221 
3794	242 
3795	20 
3796	86 
3797	150 
3798	30 
3799	367 
3800	126 
3801	25 
3802	27 
3803	219 
3804	141 
3805	153 
3806	104 
3807	152 
3808	218 
3809	278 
3810	381 
3811	221 
3812	30 
3813	154 
3814	314 
3815	172 
3816	386 
3817	98 
3818	73 
3819	16 
3820	389 
3821	385 
3822	180 
3823	319 
3824	277 
3825	206 
3826	252 
3827	20 
3828	348 
3829	19 
3830	276 
3831	344 
3832	97 
3833	228 
3834	357 
3835	210 
3836	153 
3837	159 
3838	242 
3839	54 
3840	76 
3841	9 
3842	13 
3843	113 
3844	286 
3845	12 
3846	64 
3847	114 
3848	293 
3849	3 
3850	21 
3851	367 
3852	263 
3853	22 
3854	222 
3855	354 
3856	378 
3857	139 
3858	101 
3859	202 
3860	10 
3861	153 
3862	209 
3863	361 
3864	77 
3865	336 
3866	218 
3867	251 
3868	170 
3869	281 
3870	327 
3871	35 
3872	48 
3873	160 
3874	9 
3875	79 
3876	75 
3877	93 
3878	282 
3879	222 
3880	147 
3881	102 
3882	121 
3883	10 
3884	255 
3885	13 
3886	170 
3887	70 
3888	323 
3889	345 
3890	149 
3891	299 
3892	218 
3893	77 
3894	314 
3895	174 
3896	373 
3897	307 
3898	240 
3899	294 
3900	323 
3901	381 
3902	31 
3903	268 
3904	310 
3905	46 
3906	33 
3907	361 
3908	180 
3909	42 
3910	184 
3911	292 
3912	97 
3913	142 
3914	359 
3915	81 
3916	221 
3917	351 
3918	72 
3919	80 
3920	189 
3921	161 
3922	98 
3923	246 
3924	21 
3925	89 
3926	345 
3927	138 
3928	230 
3929	94 
3930	22 
3931	337 
3932	325 
3933	29 
3934	300 
3935	79 
3936	164 
3937	337 
3938	384 
3939	222 
3940	259 
3941	50 
3942	59 
3943	81 
3944	13 
3945	352 
3946	222 
3947	306 
3948	296 
3949	220 
3950	338 
3951	24 
3952	157 
3953	179 
3954	129 
3955	215 
3956	300 
3957	137 
3958	48 
3959	210 
3960	173 
3961	161 
3962	35 
3963	175 
3964	228 
3965	212 
3966	22 
3967	332 
3968	220 
3969	15 
3970	327 
3971	245 
3972	204 
3973	270 
3974	190 
3975	354 
3976	8 
3977	233 
3978	124 
3979	119 
3980	257 
3981	174 
3982	302 
3983	162 
3984	62 
3985	312 
3986	141 
3987	66 
3988	253 
3989	303 
3990	122 
3991	378 
3992	387 
3993	190 
3994	76 
3995	369 
3996	251 
3997	373 
3998	7 
3999	246 
4000	42 
4001	11 
4002	21 
4003	181 
4004	168 
4005	49 
4006	40 
4007	89 
4008	47 
4009	37 
4010	165 
4011	158 
4012	189 
4013	306 
4014	265 
4015	264 
4016	109 
4017	290 
4018	112 
4019	101 
4020	213 
4021	104 
4022	101 
4023	341 
4024	94 
4025	34 
4026	255 
4027	39 
4028	286 
4029	279 
4030	110 
4031	220 
4032	250 
4033	7 
4034	225 
4035	394 
4036	141 
4037	48 
4038	198 
4039	345 
4040	132 
4041	301 
4042	110 
4043	228 
4044	334 
4045	62 
4046	213 
4047	363 
4048	375 
4049	240 
4050	364 
4051	2 
4052	288 
4053	276 
4054	200 
4055	130 
4056	235 
4057	84 
4058	136 
4059	293 
4060	138 
4061	68 
4062	301 
4063	195 
4064	82 
4065	199 
4066	354 
4067	70 
4068	347 
4069	352 
4070	255 
4071	25 
4072	7 
4073	22 
4074	205 
4075	176 
4076	158 
4077	217 
4078	74 
4079	393 
4080	305 
4081	167 
4082	74 
4083	67 
4084	207 
4085	181 
4086	214 
4087	212 
4088	69 
4089	182 
4090	210 
4091	80 
4092	181 
4093	289 
4094	309 
4095	214 
4096	250 
4097	276 
4098	388 
4099	54 
4100	92 
4101	241 
4102	313 
4103	229 
4104	286 
4105	335 
4106	94 
4107	176 
4108	329 
4109	379 
4110	100 
4111	241 
4112	75 
4113	359 
4114	140 
4115	296 
4116	123 
4117	216 
4118	231 
4119	130 
4120	58 
4121	89 
4122	101 
4123	229 
4124	167 
4125	245 
4126	378 
4127	164 
4128	179 
4129	143 
4130	382 
4131	168 
4132	68 
4133	69 
4134	24 
4135	69 
4136	210 
4137	324 
4138	270 
4139	150 
4140	113 
4141	54 
4142	387 
4143	201 
4144	282 
4145	75 
4146	224 
4147	358 
4148	292 
4149	27 
4150	155 
4151	218 
4152	279 
4153	203 
4154	42 
4155	19 
4156	192 
4157	253 
4158	48 
4159	375 
4160	209 
4161	379 
4162	66 
4163	267 
4164	329 
4165	4 
4166	42 
4167	315 
4168	141 
4169	52 
4170	72 
4171	379 
4172	199 
4173	269 
4174	240 
4175	134 
4176	51 
4177	377 
4178	263 
4179	375 
4180	278 
4181	259 
4182	20 
4183	395 
4184	65 
4185	240 
4186	25 
4187	66 
4188	224 
4189	50 
4190	37 
4191	75 
4192	344 
4193	298 
4194	322 
4195	128 
4196	289 
4197	41 
4198	376 
4199	336 
4200	14 
4201	333 
4202	53 
4203	153 
4204	175 
4205	44 
4206	230 
4207	241 
4208	179 
4209	137 
4210	119 
4211	94 
4212	345 
4213	46 
4214	112 
4215	349 
4216	346 
4217	43 
4218	373 
4219	262 
4220	100 
4221	211 
4222	321 
4223	222 
4224	68 
4225	11 
4226	381 
4227	161 
4228	215 
4229	391 
4230	312 
4231	98 
4232	62 
4233	328 
4234	34 
4235	207 
4236	110 
4237	40 
4238	178 
4239	18 
4240	182 
4241	299 
4242	150 
4243	202 
4244	1 
4245	53 
4246	92 
4247	347 
4248	328 
4249	178 
4250	39 
4251	89 
4252	35 
4253	156 
4254	15 
4255	323 
4256	71 
4257	28 
4258	332 
4259	31 
4260	336 
4261	271 
4262	312 
4263	205 
4264	291 
4265	94 
4266	104 
4267	6 
4268	145 
4269	111 
4270	12 
4271	124 
4272	19 
4273	68 
4274	31 
4275	124 
4276	157 
4277	33 
4278	101 
4279	324 
4280	353 
4281	107 
4282	51 
4283	54 
4284	357 
4285	346 
4286	356 
4287	57 
4288	390 
4289	371 
4290	320 
4291	319 
4292	291 
4293	381 
4294	346 
4295	23 
4296	343 
4297	163 
4298	162 
4299	347 
4300	282 
4301	89 
4302	240 
4303	73 
4304	141 
4305	251 
4306	214 
4307	56 
4308	105 
4309	12 
4310	296 
4311	160 
4312	181 
4313	166 
4314	182 
4315	79 
4316	49 
4317	22 
4318	31 
4319	330 
4320	184 
4321	150 
4322	77 
4323	75 
4324	246 
4325	72 
4326	2 
4327	36 
4328	172 
4329	12 
4330	377 
4331	53 
4332	50 
4333	361 
4334	230 
4335	31 
4336	332 
4337	11 
4338	336 
4339	37 
4340	252 
4341	369 
4342	385 
4343	37 
4344	292 
4345	288 
4346	79 
4347	175 
4348	173 
4349	354 
4350	160 
4351	349 
4352	42 
4353	242 
4354	378 
4355	337 
4356	307 
4357	140 
4358	178 
4359	341 
4360	186 
4361	178 
4362	135 
4363	341 
4364	172 
4365	356 
4366	218 
4367	112 
4368	43 
4369	326 
4370	338 
4371	389 
4372	242 
4373	276 
4374	185 
4375	387 
4376	365 
4377	75 
4378	46 
4379	302 
4380	89 
4381	257 
4382	346 
4383	362 
4384	50 
4385	349 
4386	38 
4387	153 
4388	92 
4389	181 
4390	12 
4391	81 
4392	158 
4393	1 
4394	302 
4395	133 
4396	282 
4397	385 
4398	327 
4399	124 
4400	223 
4401	356 
4402	243 
4403	385 
4404	69 
4405	179 
4406	376 
4407	241 
4408	176 
4409	34 
4410	212 
4411	378 
4412	273 
4413	24 
4414	144 
4415	336 
4416	378 
4417	206 
4418	1 
4419	191 
4420	176 
4421	43 
4422	311 
4423	352 
4424	51 
4425	171 
4426	201 
4427	2 
4428	67 
4429	179 
4430	327 
4431	306 
4432	100 
4433	141 
4434	235 
4435	101 
4436	183 
4437	256 
4438	306 
4439	179 
4440	199 
4441	359 
4442	108 
4443	174 
4444	32 
4445	281 
4446	169 
4447	189 
4448	164 
4449	35 
4450	261 
4451	43 
4452	158 
4453	359 
4454	17 
4455	294 
4456	253 
4457	377 
4458	103 
4459	240 
4460	130 
4461	249 
4462	290 
4463	7 
4464	153 
4465	210 
4466	152 
4467	31 
4468	189 
4469	273 
4470	391 
4471	36 
4472	36 
4473	223 
4474	322 
4475	162 
4476	9 
4477	272 
4478	148 
4479	13 
4480	155 
4481	259 
4482	229 
4483	380 
4484	188 
4485	379 
4486	267 
4487	336 
4488	267 
4489	102 
4490	136 
4491	202 
4492	25 
4493	4 
4494	239 
4495	185 
4496	79 
4497	246 
4498	305 
4499	157 
4500	74 
4501	212 
4502	367 
4503	222 
4504	9 
4505	238 
4506	322 
4507	195 
4508	294 
4509	4 
4510	46 
4511	351 
4512	315 
4513	94 
4514	156 
4515	294 
4516	62 
4517	164 
4518	222 
4519	387 
4520	393 
4521	21 
4522	178 
4523	162 
4524	348 
4525	320 
4526	202 
4527	389 
4528	347 
4529	109 
4530	160 
4531	270 
4532	233 
4533	114 
4534	339 
4535	286 
4536	210 
4537	31 
4538	251 
4539	215 
4540	368 
4541	327 
4542	67 
4543	23 
4544	206 
4545	200 
4546	139 
4547	252 
4548	301 
4549	43 
4550	59 
4551	134 
4552	47 
4553	327 
4554	20 
4555	59 
4556	207 
4557	182 
4558	270 
4559	55 
4560	204 
4561	377 
4562	9 
4563	9 
4564	326 
4565	334 
4566	119 
4567	264 
4568	380 
4569	85 
4570	341 
4571	58 
4572	145 
4573	97 
4574	200 
4575	218 
4576	246 
4577	224 
4578	147 
4579	30 
4580	208 
4581	284 
4582	316 
4583	18 
4584	280 
4585	106 
4586	343 
4587	121 
4588	74 
4589	372 
4590	274 
4591	339 
4592	286 
4593	395 
4594	230 
4595	191 
4596	122 
4597	258 
4598	118 
4599	216 
4600	163 
4601	13 
4602	31 
4603	350 
4604	321 
4605	157 
4606	342 
4607	383 
4608	76 
4609	383 
4610	306 
4611	312 
4612	224 
4613	6 
4614	136 
4615	122 
4616	60 
4617	186 
4618	242 
4619	6 
4620	298 
4621	385 
4622	79 
4623	340 
4624	180 
4625	112 
4626	71 
4627	193 
4628	267 
4629	297 
4630	284 
4631	389 
4632	57 
4633	230 
4634	194 
4635	128 
4636	322 
4637	126 
4638	104 
4639	362 
4640	336 
4641	50 
4642	81 
4643	265 
4644	295 
4645	112 
4646	23 
4647	229 
4648	20 
4649	247 
4650	36 
4651	185 
4652	163 
4653	2 
4654	275 
4655	138 
4656	34 
4657	312 
4658	75 
4659	234 
4660	98 
4661	325 
4662	253 
4663	264 
4664	7 
4665	236 
4666	232 
4667	287 
4668	43 
4669	184 
4670	175 
4671	312 
4672	274 
4673	27 
4674	237 
4675	190 
4676	335 
4677	327 
4678	148 
4679	30 
4680	288 
4681	94 
4682	219 
4683	2 
4684	121 
4685	265 
4686	26 
4687	238 
4688	271 
4689	125 
4690	78 
4691	37 
4692	71 
4693	63 
4694	11 
4695	82 
4696	230 
4697	210 
4698	308 
4699	254 
4700	32 
4701	111 
4702	104 
4703	270 
4704	20 
4705	359 
4706	7 
4707	173 
4708	343 
4709	260 
4710	158 
4711	18 
4712	71 
4713	58 
4714	232 
4715	301 
4716	7 
4717	81 
4718	152 
4719	298 
4720	185 
4721	207 
4722	351 
4723	381 
4724	50 
4725	243 
4726	98 
4727	271 
4728	246 
4729	32 
4730	164 
4731	18 
4732	268 
4733	283 
4734	138 
4735	31 
4736	356 
4737	164 
4738	132 
4739	162 
4740	253 
4741	343 
4742	265 
4743	76 
4744	325 
4745	95 
4746	148 
4747	328 
4748	376 
4749	1 
4750	311 
4751	162 
4752	176 
4753	245 
4754	141 
4755	163 
4756	46 
4757	72 
4758	18 
4759	394 
4760	85 
4761	186 
4762	289 
4763	94 
4764	242 
4765	288 
4766	2 
4767	228 
4768	102 
4769	373 
4770	336 
4771	350 
4772	348 
4773	201 
4774	102 
4775	62 
4776	214 
4777	157 
4778	299 
4779	248 
4780	220 
4781	196 
4782	130 
4783	64 
4784	129 
4785	114 
4786	43 
4787	325 
4788	389 
4789	256 
4790	38 
4791	227 
4792	225 
4793	330 
4794	321 
4795	365 
4796	320 
4797	121 
4798	119 
4799	385 
4800	129 
4801	6 
4802	147 
4803	181 
4804	359 
4805	264 
4806	44 
4807	9 
4808	96 
4809	267 
4810	71 
4811	373 
4812	321 
4813	46 
4814	64 
4815	179 
4816	216 
4817	309 
4818	268 
4819	381 
4820	7 
4821	59 
4822	191 
4823	186 
4824	156 
4825	284 
4826	286 
4827	88 
4828	383 
4829	393 
4830	303 
4831	43 
4832	246 
4833	332 
4834	79 
4835	220 
4836	162 
4837	111 
4838	16 
4839	89 
4840	134 
4841	191 
4842	230 
4843	99 
4844	243 
4845	362 
4846	4 
4847	270 
4848	26 
4849	202 
4850	386 
4851	115 
4852	285 
4853	380 
4854	146 
4855	121 
4856	85 
4857	79 
4858	174 
4859	163 
4860	78 
4861	89 
4862	101 
4863	148 
4864	293 
4865	20 
4866	172 
4867	346 
4868	381 
4869	125 
4870	244 
4871	85 
4872	46 
4873	46 
4874	52 
4875	72 
4876	283 
4877	77 
4878	105 
4879	69 
4880	52 
4881	235 
4882	90 
4883	244 
4884	233 
4885	321 
4886	167 
4887	90 
4888	154 
4889	84 
4890	284 
4891	74 
4892	238 
4893	203 
4894	116 
4895	224 
4896	233 
4897	325 
4898	125 
4899	243 
4900	80 
4901	173 
4902	75 
4903	179 
4904	75 
4905	140 
4906	177 
4907	299 
4908	313 
4909	211 
4910	341 
4911	337 
4912	383 
4913	243 
4914	181 
4915	367 
4916	176 
4917	96 
4918	350 
4919	241 
4920	281 
4921	37 
4922	38 
4923	239 
4924	96 
4925	182 
4926	228 
4927	178 
4928	139 
4929	222 
4930	125 
4931	371 
4932	85 
4933	91 
4934	50 
4935	204 
4936	325 
4937	159 
4938	205 
4939	286 
4940	87 
4941	245 
4942	327 
4943	259 
4944	294 
4945	94 
4946	182 
4947	162 
4948	290 
4949	98 
4950	249 
4951	147 
4952	312 
4953	189 
4954	21 
4955	186 
4956	295 
4957	263 
4958	208 
4959	182 
4960	225 
4961	42 
4962	371 
4963	225 
4964	65 
4965	89 
4966	190 
4967	376 
4968	163 
4969	372 
4970	352 
4971	195 
4972	253 
4973	318 
4974	250 
4975	330 
4976	185 
4977	377 
4978	56 
4979	94 
4980	282 
4981	363 
4982	353 
4983	223 
4984	23 
4985	65 
4986	316 
4987	292 
4988	374 
4989	164 
4990	368 
4991	167 
4992	350 
4993	104 
4994	118 
4995	220 
4996	50 
4997	283 
4998	373 
4999	93 
5000	80 
5001	299 
5002	176 
5003	204 
5004	114 
5005	303 
5006	370 
5007	343 
5008	18 
5009	139 
5010	68 
5011	204 
5012	181 
5013	149 
5014	214 
5015	31 
5016	134 
5017	80 
5018	348 
5019	126 
5020	5 
5021	312 
5022	317 
5023	324 
5024	104 
5025	46 
5026	169 
5027	228 
5028	164 
5029	144 
5030	351 
5031	283 
5032	281 
5033	155 
5034	344 
5035	200 
5036	148 
5037	231 
5038	285 
5039	159 
5040	144 
5041	99 
5042	383 
5043	251 
5044	356 
5045	29 
5046	41 
5047	62 
5048	23 
5049	93 
5050	298 
5051	82 
5052	31 
5053	355 
5054	350 
5055	306 
5056	382 
5057	56 
5058	155 
5059	280 
5060	385 
5061	381 
5062	183 
5063	132 
5064	13 
5065	133 
5066	368 
5067	271 
5068	329 
5069	239 
5070	52 
5071	6 
5072	347 
5073	209 
5074	27 
5075	279 
5076	59 
5077	164 
5078	309 
5079	73 
5080	15 
5081	141 
5082	344 
5083	51 
5084	202 
5085	213 
5086	140 
5087	9 
5088	81 
5089	335 
5090	347 
5091	107 
5092	354 
5093	111 
5094	213 
5095	186 
5096	240 
5097	155 
5098	276 
5099	243 
5100	276 
5101	159 
5102	288 
5103	103 
5104	139 
5105	128 
5106	242 
5107	372 
5108	217 
5109	329 
5110	32 
5111	118 
5112	338 
5113	131 
5114	185 
5115	10 
5116	47 
5117	112 
5118	236 
5119	170 
5120	143 
5121	218 
5122	89 
5123	70 
5124	298 
5125	160 
5126	89 
5127	66 
5128	186 
5129	241 
5130	284 
5131	295 
5132	135 
5133	276 
5134	357 
5135	367 
5136	109 
5137	26 
5138	219 
5139	43 
5140	242 
5141	351 
5142	119 
5143	153 
5144	188 
5145	147 
5146	340 
5147	382 
5148	127 
5149	195 
5150	211 
5151	74 
5152	94 
5153	188 
5154	42 
5155	1 
5156	343 
5157	297 
5158	212 
5159	93 
5160	288 
5161	67 
5162	79 
5163	92 
5164	116 
5165	391 
5166	395 
5167	313 
5168	280 
5169	71 
5170	391 
5171	53 
5172	333 
5173	276 
5174	343 
5175	317 
5176	290 
5177	297 
5178	191 
5179	163 
5180	163 
5181	383 
5182	192 
5183	101 
5184	41 
5185	8 
5186	76 
5187	298 
5188	244 
5189	189 
5190	60 
5191	7 
5192	78 
5193	112 
5194	345 
5195	56 
5196	321 
5197	260 
5198	291 
5199	339 
5200	341 
5201	342 
5202	56 
5203	269 
5204	160 
5205	103 
5206	251 
5207	262 
5208	250 
5209	332 
5210	297 
5211	303 
5212	249 
5213	204 
5214	48 
5215	247 
5216	48 
5217	215 
5218	118 
5219	394 
5220	92 
5221	167 
5222	312 
5223	299 
5224	328 
5225	384 
5226	215 
5227	43 
5228	11 
5229	96 
5230	245 
5231	131 
5232	378 
5233	306 
5234	122 
5235	195 
5236	204 
5237	184 
5238	301 
5239	99 
5240	136 
5241	343 
5242	299 
5243	394 
5244	142 
5245	189 
5246	331 
5247	195 
5248	23 
5249	33 
5250	79 
5251	10 
5252	214 
5253	312 
5254	306 
5255	124 
5256	119 
5257	100 
5258	164 
5259	339 
5260	224 
5261	343 
5262	350 
5263	84 
5264	115 
5265	358 
5266	335 
5267	276 
5268	5 
5269	234 
5270	348 
5271	149 
5272	216 
5273	297 
5274	250 
5275	31 
5276	193 
5277	148 
5278	173 
5279	71 
5280	387 
5281	24 
5282	331 
5283	151 
5284	58 
5285	220 
5286	48 
5287	372 
5288	43 
5289	245 
5290	23 
5291	29 
5292	310 
5293	81 
5294	79 
5295	24 
5296	341 
5297	26 
5298	176 
5299	279 
5300	114 
5301	50 
5302	154 
5303	94 
5304	366 
5305	281 
5306	114 
5307	154 
5308	56 
5309	154 
5310	145 
5311	140 
5312	157 
5313	270 
5314	91 
5315	29 
5316	343 
5317	22 
5318	62 
5319	241 
5320	372 
5321	362 
5322	112 
5323	35 
5324	312 
5325	6 
5326	254 
5327	259 
5328	261 
5329	180 
5330	107 
5331	54 
5332	383 
5333	160 
5334	292 
5335	14 
5336	164 
5337	328 
5338	56 
5339	364 
5340	153 
5341	159 
5342	211 
5343	50 
5344	255 
5345	381 
5346	59 
5347	314 
5348	143 
5349	339 
5350	217 
5351	110 
5352	182 
5353	31 
5354	332 
5355	93 
5356	108 
5357	392 
5358	96 
5359	347 
5360	264 
5361	64 
5362	220 
5363	173 
5364	336 
5365	51 
5366	193 
5367	376 
5368	182 
5369	69 
5370	348 
5371	278 
5372	246 
5373	78 
5374	293 
5375	328 
5376	118 
5377	283 
5378	289 
5379	162 
5380	93 
5381	56 
5382	170 
5383	311 
5384	95 
5385	183 
5386	383 
5387	9 
5388	304 
5389	350 
5390	264 
5391	22 
5392	66 
5393	167 
5394	58 
5395	64 
5396	148 
5397	318 
5398	117 
5399	15 
5400	339 
5401	230 
5402	341 
5403	32 
5404	56 
5405	20 
5406	268 
5407	207 
5408	117 
5409	46 
5410	305 
5411	7 
5412	387 
5413	311 
5414	62 
5415	50 
5416	278 
5417	212 
5418	80 
5419	72 
5420	387 
5421	259 
5422	176 
5423	22 
5424	320 
5425	268 
5426	165 
5427	179 
5428	214 
5429	163 
5430	373 
5431	287 
5432	265 
5433	94 
5434	357 
5435	197 
5436	177 
5437	258 
5438	277 
5439	18 
5440	347 
5441	159 
5442	198 
5443	261 
5444	48 
5445	185 
5446	150 
5447	187 
5448	330 
5449	68 
5450	172 
5451	128 
5452	121 
5453	326 
5454	395 
5455	370 
5456	167 
5457	214 
5458	337 
5459	31 
5460	142 
5461	155 
5462	365 
5463	328 
5464	32 
5465	83 
5466	116 
5467	184 
5468	345 
5469	358 
5470	144 
5471	58 
5472	391 
5473	353 
5474	207 
5475	172 
5476	291 
5477	348 
5478	153 
5479	318 
5480	202 
5481	57 
5482	231 
5483	51 
5484	103 
5485	179 
5486	50 
5487	341 
5488	187 
5489	262 
5490	36 
5491	74 
5492	243 
5493	252 
5494	148 
5495	282 
5496	68 
5497	180 
5498	328 
5499	280 
5500	168 
5501	283 
5502	318 
5503	162 
5504	334 
5505	84 
5506	32 
5507	232 
5508	245 
5509	156 
5510	216 
5511	74 
5512	310 
5513	357 
5514	358 
5515	43 
5516	118 
5517	248 
5518	147 
5519	252 
5520	134 
5521	58 
5522	224 
5523	107 
5524	174 
5525	86 
5526	234 
5527	187 
5528	190 
5529	114 
5530	162 
5531	32 
5532	351 
5533	271 
5534	245 
5535	61 
5536	317 
5537	360 
5538	309 
5539	6 
5540	299 
5541	97 
5542	238 
5543	255 
5544	308 
5545	160 
5546	339 
5547	158 
5548	140 
5549	102 
5550	140 
5551	291 
5552	121 
5553	394 
5554	99 
5555	157 
5556	394 
5557	338 
5558	260 
5559	80 
5560	82 
5561	210 
5562	295 
5563	75 
5564	94 
5565	323 
5566	54 
5567	359 
5568	266 
5569	136 
5570	365 
5571	18 
5572	268 
5573	345 
5574	185 
5575	64 
5576	196 
5577	374 
5578	2 
5579	62 
5580	103 
5581	157 
5582	360 
5583	364 
5584	147 
5585	293 
5586	347 
5587	13 
5588	232 
5589	281 
5590	66 
5591	63 
5592	224 
5593	298 
5594	291 
5595	176 
5596	243 
5597	132 
5598	101 
5599	321 
5600	264 
5601	389 
5602	139 
5603	236 
5604	32 
5605	225 
5606	298 
5607	379 
5608	170 
5609	103 
5610	7 
5611	88 
5612	69 
5613	287 
5614	185 
5615	274 
5616	86 
5617	174 
5618	307 
5619	7 
5620	41 
5621	178 
5622	338 
5623	168 
5624	58 
5625	222 
5626	125 
5627	24 
5628	294 
5629	389 
5630	172 
5631	30 
5632	309 
5633	193 
5634	262 
5635	40 
5636	292 
5637	168 
5638	241 
5639	219 
5640	287 
5641	390 
5642	184 
5643	349 
5644	295 
5645	50 
5646	231 
5647	42 
5648	63 
5649	281 
5650	354 
5651	2 
5652	353 
5653	105 
5654	372 
5655	307 
5656	166 
5657	185 
5658	275 
5659	326 
5660	327 
5661	113 
5662	129 
5663	214 
5664	130 
5665	44 
5666	103 
5667	352 
5668	88 
5669	288 
5670	213 
5671	378 
5672	162 
5673	189 
5674	3 
5675	389 
5676	101 
5677	168 
5678	268 
5679	109 
5680	208 
5681	186 
5682	321 
5683	364 
5684	290 
5685	364 
5686	142 
5687	366 
5688	156 
5689	64 
5690	275 
5691	146 
5692	333 
5693	30 
5694	173 
5695	195 
5696	20 
5697	132 
5698	394 
5699	356 
5700	11 
5701	292 
5702	382 
5703	259 
5704	347 
5705	195 
5706	190 
5707	265 
5708	62 
5709	209 
5710	76 
5711	13 
5712	193 
5713	225 
5714	241 
5715	325 
5716	281 
5717	274 
5718	75 
5719	294 
5720	117 
5721	244 
5722	198 
5723	394 
5724	345 
5725	389 
5726	204 
5727	256 
5728	369 
5729	378 
5730	160 
5731	290 
5732	186 
5733	61 
5734	171 
5735	8 
5736	178 
5737	204 
5738	182 
5739	48 
5740	56 
5741	71 
5742	103 
5743	26 
5744	387 
5745	2 
5746	372 
5747	230 
5748	392 
5749	216 
5750	174 
5751	288 
5752	311 
5753	309 
5754	315 
5755	112 
5756	3 
5757	376 
5758	228 
5759	172 
5760	390 
5761	77 
5762	114 
5763	275 
5764	156 
5765	262 
5766	118 
5767	86 
5768	185 
5769	104 
5770	347 
5771	200 
5772	118 
5773	160 
5774	138 
5775	46 
5776	336 
5777	76 
5778	191 
5779	124 
5780	3 
5781	53 
5782	110 
5783	326 
5784	5 
5785	80 
5786	191 
5787	123 
5788	117 
5789	337 
5790	23 
5791	245 
5792	149 
5793	391 
5794	159 
5795	5 
5796	142 
5797	43 
5798	185 
5799	261 
5800	369 
5801	176 
5802	334 
5803	325 
5804	295 
5805	369 
5806	72 
5807	292 
5808	187 
5809	273 
5810	238 
5811	325 
5812	283 
5813	276 
5814	393 
5815	118 
5816	361 
5817	3 
5818	172 
5819	145 
5820	147 
5821	352 
5822	11 
5823	234 
5824	385 
5825	214 
5826	168 
5827	207 
5828	277 
5829	352 
5830	133 
5831	267 
5832	111 
5833	299 
5834	328 
5835	147 
5836	184 
5837	100 
5838	219 
5839	213 
5840	71 
5841	83 
5842	245 
5843	131 
5844	32 
5845	338 
5846	272 
5847	214 
5848	180 
5849	36 
5850	391 
5851	97 
5852	22 
5853	305 
5854	148 
5855	83 
5856	77 
5857	192 
5858	221 
5859	223 
5860	202 
5861	364 
5862	211 
5863	182 
5864	304 
5865	70 
5866	102 
5867	204 
5868	138 
5869	174 
5870	390 
5871	103 
5872	47 
5873	336 
5874	343 
5875	156 
5876	79 
5877	341 
5878	296 
5879	279 
5880	255 
5881	349 
5882	305 
5883	145 
5884	247 
5885	259 
5886	25 
5887	81 
5888	172 
5889	162 
5890	160 
5891	126 
5892	13 
5893	210 
5894	387 
5895	164 
5896	190 
5897	354 
5898	329 
5899	236 
5900	84 
5901	43 
5902	244 
5903	291 
5904	52 
5905	337 
5906	339 
5907	268 
5908	363 
5909	363 
5910	55 
5911	342 
5912	92 
5913	114 
5914	132 
5915	378 
5916	281 
5917	310 
5918	334 
5919	393 
5920	321 
5921	150 
5922	342 
5923	196 
5924	94 
5925	73 
5926	271 
5927	62 
5928	364 
5929	17 
5930	326 
5931	142 
5932	5 
5933	257 
5934	299 
5935	198 
5936	191 
5937	389 
5938	362 
5939	320 
5940	120 
5941	354 
5942	237 
5943	352 
5944	139 
5945	378 
5946	149 
5947	222 
5948	110 
5949	348 
5950	53 
5951	342 
5952	325 
5953	138 
5954	112 
5955	130 
5956	13 
5957	351 
5958	115 
5959	323 
5960	53 
5961	258 
5962	147 
5963	378 
5964	348 
5965	268 
5966	296 
5967	333 
5968	88 
5969	225 
5970	81 
5971	376 
5972	107 
5973	100 
5974	372 
5975	82 
5976	271 
5977	50 
5978	272 
5979	203 
5980	223 
5981	49 
5982	266 
5983	236 
5984	340 
5985	225 
5986	21 
5987	361 
5988	3 
5989	138 
5990	153 
5991	322 
5992	304 
5993	27 
5994	367 
5995	313 
5996	183 
5997	394 
5998	305 
5999	320 
6000	19 
6001	242 
6002	105 
6003	121 
6004	112 
6005	237 
6006	281 
6007	1 
6008	356 
6009	351 
6010	112 
6011	394 
6012	29 
6013	53 
6014	166 
6015	21 
6016	157 
6017	224 
6018	146 
6019	224 
6020	152 
6021	195 
6022	159 
6023	121 
6024	142 
6025	286 
6026	30 
6027	40 
6028	18 
6029	178 
6030	86 
6031	286 
6032	250 
6033	132 
6034	51 
6035	163 
6036	227 
6037	159 
6038	379 
6039	211 
6040	151 
6041	164 
6042	103 
6043	62 
6044	283 
6045	394 
6046	288 
6047	363 
6048	12 
6049	44 
6050	172 
6051	119 
6052	86 
6053	329 
6054	283 
6055	169 
6056	191 
6057	22 
6058	378 
6059	328 
6060	22 
6061	300 
6062	12 
6063	107 
6064	24 
6065	61 
6066	62 
6067	5 
6068	81 
6069	69 
6070	276 
6071	83 
6072	106 
6073	223 
6074	251 
6075	290 
6076	51 
6077	162 
6078	365 
6079	76 
6080	365 
6081	250 
6082	303 
6083	228 
6084	227 
6085	93 
6086	182 
6087	11 
6088	164 
6089	224 
6090	24 
6091	372 
6092	48 
6093	334 
6094	51 
6095	284 
6096	182 
6097	152 
6098	157 
6099	343 
6100	106 
6101	214 
6102	79 
6103	389 
6104	362 
6105	328 
6106	389 
6107	254 
6108	166 
6109	301 
6110	234 
6111	83 
6112	245 
6113	225 
6114	116 
6115	83 
6116	155 
6117	257 
6118	357 
6119	243 
6120	209 
6121	389 
6122	292 
6123	158 
6124	27 
6125	189 
6126	72 
6127	384 
6128	83 
6129	77 
6130	366 
6131	113 
6132	30 
6133	173 
6134	352 
6135	383 
6136	207 
6137	4 
6138	349 
6139	346 
6140	299 
6141	387 
6142	51 
6143	22 
6144	351 
6145	198 
6146	269 
6147	210 
6148	359 
6149	119 
6150	225 
6151	312 
6152	241 
6153	365 
6154	315 
6155	378 
6156	102 
6157	375 
6158	367 
6159	145 
6160	259 
6161	75 
6162	112 
6163	336 
6164	111 
6165	91 
6166	272 
6167	43 
6168	57 
6169	128 
6170	84 
6171	292 
6172	324 
6173	243 
6174	222 
6175	317 
6176	52 
6177	325 
6178	337 
6179	264 
6180	6 
6181	343 
6182	308 
6183	153 
6184	61 
6185	343 
6186	46 
6187	201 
6188	133 
6189	222 
6190	150 
6191	189 
6192	290 
6193	10 
6194	235 
6195	180 
6196	98 
6197	52 
6198	58 
6199	11 
6200	226 
6201	200 
6202	142 
6203	191 
6204	149 
6205	392 
6206	64 
6207	315 
6208	359 
6209	159 
6210	276 
6211	220 
6212	18 
6213	225 
6214	56 
6215	196 
6216	269 
6217	111 
6218	175 
6219	156 
6220	28 
6221	14 
6222	343 
6223	302 
6224	367 
6225	184 
6226	143 
6227	362 
6228	96 
6229	394 
6230	181 
6231	152 
6232	345 
6233	205 
6234	26 
6235	321 
6236	138 
6237	294 
6238	153 
6239	64 
6240	282 
6241	6 
6242	224 
6243	29 
6244	333 
6245	340 
6246	311 
6247	307 
6248	70 
6249	386 
6250	352 
6251	121 
6252	379 
6253	352 
6254	382 
6255	301 
6256	65 
6257	162 
6258	228 
6259	131 
6260	104 
6261	271 
6262	109 
6263	65 
6264	63 
6265	209 
6266	371 
6267	390 
6268	79 
6269	128 
6270	109 
6271	334 
6272	225 
6273	325 
6274	275 
6275	13 
6276	244 
6277	270 
6278	296 
6279	258 
6280	372 
6281	374 
6282	372 
6283	337 
6284	95 
6285	146 
6286	133 
6287	250 
6288	233 
6289	45 
6290	46 
6291	302 
6292	116 
6293	8 
6294	91 
6295	182 
6296	15 
6297	255 
6298	326 
6299	66 
6300	89 
6301	18 
6302	265 
6303	237 
6304	325 
6305	282 
6306	27 
6307	149 
6308	15 
6309	288 
6310	331 
6311	392 
6312	370 
6313	6 
6314	353 
6315	178 
6316	23 
6317	285 
6318	214 
6319	229 
6320	255 
6321	321 
6322	74 
6323	161 
6324	167 
6325	97 
6326	41 
6327	158 
6328	308 
6329	313 
6330	375 
6331	347 
6332	194 
6333	43 
6334	245 
6335	137 
6336	256 
6337	238 
6338	382 
6339	140 
6340	73 
6341	166 
6342	297 
6343	127 
6344	253 
6345	363 
6346	378 
6347	107 
6348	32 
6349	364 
6350	6 
6351	327 
6352	112 
6353	387 
6354	184 
6355	7 
6356	131 
6357	220 
6358	232 
6359	240 
6360	339 
6361	229 
6362	281 
6363	89 
6364	365 
6365	359 
6366	319 
6367	376 
6368	232 
6369	369 
6370	259 
6371	52 
6372	364 
6373	379 
6374	221 
6375	248 
6376	224 
6377	7 
6378	127 
6379	184 
6380	326 
6381	216 
6382	80 
6383	187 
6384	60 
6385	167 
6386	309 
6387	165 
6388	139 
6389	377 
6390	235 
6391	196 
6392	221 
6393	250 
6394	222 
6395	138 
6396	18 
6397	285 
6398	37 
6399	170 
6400	75 
6401	328 
6402	54 
6403	155 
6404	275 
6405	354 
6406	86 
6407	25 
6408	110 
6409	107 
6410	297 
6411	207 
6412	14 
6413	241 
6414	63 
6415	316 
6416	17 
6417	17 
6418	321 
6419	108 
6420	30 
6421	242 
6422	172 
6423	290 
6424	39 
6425	103 
6426	309 
6427	245 
6428	393 
6429	322 
6430	101 
6431	111 
6432	361 
6433	375 
6434	155 
6435	181 
6436	321 
6437	123 
6438	233 
6439	351 
6440	378 
6441	30 
6442	106 
6443	319 
6444	40 
6445	164 
6446	352 
6447	173 
6448	178 
6449	178 
6450	44 
6451	132 
6452	132 
6453	314 
6454	206 
6455	198 
6456	204 
6457	363 
6458	140 
6459	301 
6460	250 
6461	292 
6462	336 
6463	259 
6464	321 
6465	233 
6466	378 
6467	226 
6468	215 
6469	281 
6470	5 
6471	253 
6472	168 
6473	284 
6474	373 
6475	75 
6476	281 
6477	347 
6478	311 
6479	166 
6480	272 
6481	79 
6482	261 
6483	96 
6484	359 
6485	365 
6486	349 
6487	240 
6488	352 
6489	84 
6490	322 
6491	240 
6492	234 
6493	180 
6494	289 
6495	306 
6496	158 
6497	386 
6498	299 
6499	247 
6500	265 
6501	392 
6502	158 
6503	223 
6504	369 
6505	138 
6506	231 
6507	306 
6508	13 
6509	224 
6510	26 
6511	240 
6512	282 
6513	325 
6514	234 
6515	390 
6516	243 
6517	361 
6518	195 
6519	266 
6520	356 
6521	59 
6522	149 
6523	82 
6524	52 
6525	311 
6526	237 
6527	310 
6528	341 
6529	313 
6530	215 
6531	300 
6532	175 
6533	222 
6534	220 
6535	66 
6536	83 
6537	220 
6538	223 
6539	343 
6540	341 
6541	221 
6542	240 
6543	132 
6544	175 
6545	103 
6546	186 
6547	201 
6548	68 
6549	322 
6550	93 
6551	242 
6552	274 
6553	66 
6554	219 
6555	81 
6556	75 
6557	63 
6558	22 
6559	2 
6560	30 
6561	161 
6562	43 
6563	372 
6564	48 
6565	274 
6566	241 
6567	133 
6568	225 
6569	282 
6570	115 
6571	133 
6572	233 
6573	284 
6574	159 
6575	20 
6576	331 
6577	351 
6578	148 
6579	361 
6580	281 
6581	186 
6582	283 
6583	351 
6584	322 
6585	53 
6586	46 
6587	126 
6588	303 
6589	222 
6590	92 
6591	220 
6592	211 
6593	237 
6594	78 
6595	314 
6596	322 
6597	256 
6598	148 
6599	111 
6600	20 
6601	272 
6602	287 
6603	275 
6604	136 
6605	173 
6606	197 
6607	299 
6608	33 
6609	339 
6610	233 
6611	126 
6612	391 
6613	172 
6614	169 
6615	112 
6616	260 
6617	301 
6618	162 
6619	103 
6620	18 
6621	387 
6622	33 
6623	301 
6624	346 
6625	254 
6626	308 
6627	221 
6628	78 
6629	126 
6630	19 
6631	278 
6632	166 
6633	147 
6634	50 
6635	92 
6636	22 
6637	253 
6638	16 
6639	387 
6640	120 
6641	197 
6642	141 
6643	201 
6644	276 
6645	149 
6646	182 
6647	176 
6648	30 
6649	156 
6650	294 
6651	378 
6652	143 
6653	296 
6654	352 
6655	349 
6656	296 
6657	361 
6658	167 
6659	107 
6660	259 
6661	230 
6662	189 
6663	379 
6664	159 
6665	68 
6666	383 
6667	384 
6668	27 
6669	318 
6670	337 
6671	175 
6672	309 
6673	272 
6674	5 
6675	230 
6676	344 
6677	155 
6678	207 
6679	17 
6680	208 
6681	292 
6682	67 
6683	293 
6684	82 
6685	40 
6686	145 
6687	103 
6688	347 
6689	185 
6690	394 
6691	263 
6692	205 
6693	86 
6694	50 
6695	295 
6696	146 
6697	264 
6698	147 
6699	246 
6700	247 
6701	304 
6702	83 
6703	243 
6704	384 
6705	266 
6706	56 
6707	296 
6708	6 
6709	182 
6710	364 
6711	12 
6712	308 
6713	48 
6714	178 
6715	15 
6716	198 
6717	195 
6718	172 
6719	192 
6720	38 
6721	232 
6722	270 
6723	328 
6724	61 
6725	302 
6726	361 
6727	25 
6728	389 
6729	390 
6730	289 
6731	311 
6732	224 
6733	273 
6734	27 
6735	168 
6736	292 
6737	22 
6738	32 
6739	130 
6740	353 
6741	272 
6742	333 
6743	20 
6744	180 
6745	102 
6746	245 
6747	389 
6748	281 
6749	305 
6750	21 
6751	224 
6752	50 
6753	116 
6754	52 
6755	370 
6756	346 
6757	252 
6758	202 
6759	186 
6760	19 
6761	124 
6762	13 
6763	94 
6764	40 
6765	201 
6766	259 
6767	164 
6768	273 
6769	142 
6770	242 
6771	374 
6772	321 
6773	272 
6774	276 
6775	186 
6776	7 
6777	278 
6778	287 
6779	176 
6780	2 
6781	98 
6782	259 
6783	335 
6784	349 
6785	77 
6786	260 
6787	78 
6788	24 
6789	138 
6790	39 
6791	155 
6792	246 
6793	376 
6794	36 
6795	371 
6796	201 
6797	222 
6798	292 
6799	26 
6800	194 
6801	393 
6802	201 
6803	247 
6804	207 
6805	357 
6806	158 
6807	89 
6808	224 
6809	18 
6810	86 
6811	197 
6812	95 
6813	215 
6814	111 
6815	183 
6816	387 
6817	87 
6818	319 
6819	123 
6820	190 
6821	153 
6822	77 
6823	203 
6824	361 
6825	316 
6826	204 
6827	107 
6828	16 
6829	23 
6830	162 
6831	345 
6832	139 
6833	95 
6834	93 
6835	181 
6836	168 
6837	201 
6838	189 
6839	94 
6840	225 
6841	96 
6842	307 
6843	367 
6844	46 
6845	311 
6846	282 
6847	157 
6848	195 
6849	332 
6850	347 
6851	112 
6852	109 
6853	374 
6854	121 
6855	176 
6856	28 
6857	350 
6858	44 
6859	363 
6860	17 
6861	310 
6862	77 
6863	51 
6864	293 
6865	226 
6866	154 
6867	79 
6868	147 
6869	274 
6870	240 
6871	48 
6872	314 
6873	391 
6874	51 
6875	234 
6876	91 
6877	133 
6878	203 
6879	181 
6880	154 
6881	224 
6882	325 
6883	46 
6884	300 
6885	54 
6886	134 
6887	155 
6888	91 
6889	310 
6890	341 
6891	259 
6892	228 
6893	132 
6894	122 
6895	139 
6896	296 
6897	359 
6898	314 
6899	296 
6900	116 
6901	115 
6902	256 
6903	112 
6904	81 
6905	230 
6906	267 
6907	260 
6908	287 
6909	164 
6910	97 
6911	12 
6912	129 
6913	254 
6914	337 
6915	287 
6916	367 
6917	211 
6918	53 
6919	378 
6920	148 
6921	8 
6922	114 
6923	203 
6924	200 
6925	8 
6926	17 
6927	365 
6928	134 
6929	20 
6930	275 
6931	299 
6932	312 
6933	299 
6934	225 
6935	317 
6936	263 
6937	162 
6938	66 
6939	329 
6940	207 
6941	274 
6942	117 
6943	124 
6944	178 
6945	75 
6946	30 
6947	218 
6948	365 
6949	178 
6950	285 
6951	127 
6952	227 
6953	66 
6954	120 
6955	296 
6956	342 
6957	394 
6958	122 
6959	206 
6960	130 
6961	242 
6962	318 
6963	137 
6964	335 
6965	149 
6966	167 
6967	9 
6968	65 
6969	159 
6970	374 
6971	335 
6972	176 
6973	21 
6974	210 
6975	282 
6976	163 
6977	393 
6978	351 
6979	272 
6980	94 
6981	144 
6982	216 
6983	7 
6984	180 
6985	206 
6986	100 
6987	378 
6988	317 
6989	187 
6990	300 
6991	226 
6992	157 
6993	307 
6994	153 
6995	340 
6996	66 
6997	326 
6998	211 
6999	52 
7000	208 
7001	80 
7002	235 
7003	38 
7004	131 
7005	300 
7006	371 
7007	318 
7008	230 
7009	151 
7010	338 
7011	58 
7012	128 
7013	274 
7014	334 
7015	363 
7016	374 
7017	381 
7018	256 
7019	14 
7020	148 
7021	8 
7022	130 
7023	260 
7024	66 
7025	339 
7026	379 
7027	304 
7028	195 
7029	202 
7030	229 
7031	200 
7032	186 
7033	60 
7034	163 
7035	33 
7036	7 
7037	51 
7038	343 
7039	86 
7040	191 
7041	348 
7042	48 
7043	390 
7044	13 
7045	110 
7046	46 
7047	296 
7048	61 
7049	71 
7050	346 
7051	182 
7052	219 
7053	351 
7054	80 
7055	52 
7056	61 
7057	35 
7058	109 
7059	277 
7060	67 
7061	28 
7062	327 
7063	30 
7064	265 
7065	94 
7066	61 
7067	350 
7068	352 
7069	375 
7070	182 
7071	228 
7072	76 
7073	327 
7074	370 
7075	256 
7076	18 
7077	209 
7078	118 
7079	70 
7080	157 
7081	244 
7082	53 
7083	208 
7084	80 
7085	110 
7086	66 
7087	302 
7088	251 
7089	183 
7090	2 
7091	183 
7092	209 
7093	8 
7094	226 
7095	355 
7096	97 
7097	36 
7098	262 
7099	337 
7100	208 
7101	288 
7102	91 
7103	23 
7104	106 
7105	196 
7106	218 
7107	32 
7108	345 
7109	335 
7110	226 
7111	68 
7112	130 
7113	52 
7114	8 
7115	172 
7116	349 
7117	85 
7118	38 
7119	325 
7120	90 
7121	327 
7122	217 
7123	146 
7124	314 
7125	284 
7126	183 
7127	48 
7128	58 
7129	196 
7130	391 
7131	355 
7132	35 
7133	10 
7134	312 
7135	311 
7136	333 
7137	46 
7138	217 
7139	6 
7140	272 
7141	193 
7142	106 
7143	381 
7144	322 
7145	337 
7146	32 
7147	79 
7148	336 
7149	336 
7150	110 
7151	262 
7152	369 
7153	60 
7154	245 
7155	44 
7156	303 
7157	224 
7158	393 
7159	211 
7160	86 
7161	22 
7162	362 
7163	292 
7164	308 
7165	66 
7166	257 
7167	15 
7168	13 
7169	381 
7170	380 
7171	334 
7172	313 
7173	70 
7174	385 
7175	339 
7176	240 
7177	337 
7178	51 
7179	276 
7180	111 
7181	374 
7182	102 
7183	220 
7184	305 
7185	33 
7186	244 
7187	281 
7188	304 
7189	112 
7190	96 
7191	159 
7192	395 
7193	271 
7194	169 
7195	242 
7196	224 
7197	178 
7198	149 
7199	133 
7200	171 
7201	321 
7202	391 
7203	356 
7204	296 
7205	61 
7206	209 
7207	362 
7208	64 
7209	195 
7210	147 
7211	167 
7212	374 
7213	149 
7214	29 
7215	286 
7216	41 
7217	293 
7218	119 
7219	125 
7220	338 
7221	181 
7222	23 
7223	106 
7224	138 
7225	365 
7226	116 
7227	354 
7228	336 
7229	283 
7230	175 
7231	128 
7232	216 
7233	297 
7234	6 
7235	225 
7236	83 
7237	89 
7238	201 
7239	271 
7240	34 
7241	11 
7242	269 
7243	182 
7244	43 
7245	177 
7246	155 
7247	314 
7248	167 
7249	275 
7250	269 
7251	157 
7252	76 
7253	393 
7254	102 
7255	217 
7256	33 
7257	46 
7258	225 
7259	307 
7260	93 
7261	15 
7262	362 
7263	18 
7264	111 
7265	361 
7266	77 
7267	347 
7268	221 
7269	146 
7270	202 
7271	293 
7272	264 
7273	123 
7274	201 
7275	122 
7276	227 
7277	15 
7278	271 
7279	17 
7280	336 
7281	262 
7282	353 
7283	341 
7284	339 
7285	62 
7286	83 
7287	60 
7288	32 
7289	43 
7290	252 
7291	274 
7292	377 
7293	190 
7294	24 
7295	333 
7296	339 
7297	67 
7298	341 
7299	104 
7300	255 
7301	13 
7302	220 
7303	97 
7304	276 
7305	79 
7306	280 
7307	30 
7308	318 
7309	177 
7310	179 
7311	77 
7312	80 
7313	367 
7314	337 
7315	168 
7316	387 
7317	328 
7318	364 
7319	327 
7320	76 
7321	224 
7322	130 
7323	247 
7324	393 
7325	81 
7326	32 
7327	386 
7328	22 
7329	340 
7330	103 
7331	40 
7332	24 
7333	123 
7334	211 
7335	216 
7336	305 
7337	1 
7338	124 
7339	17 
7340	239 
7341	164 
7342	103 
7343	18 
7344	318 
7345	373 
7346	264 
7347	18 
7348	135 
7349	177 
7350	212 
7351	159 
7352	118 
7353	140 
7354	137 
7355	211 
7356	242 
7357	235 
7358	263 
7359	173 
7360	59 
7361	183 
7362	87 
7363	335 
7364	103 
7365	177 
7366	331 
7367	223 
7368	66 
7369	176 
7370	278 
7371	22 
7372	276 
7373	150 
7374	299 
7375	338 
7376	242 
7377	34 
7378	351 
7379	351 
7380	44 
7381	355 
7382	329 
7383	253 
7384	181 
7385	182 
7386	186 
7387	207 
7388	321 
7389	382 
7390	233 
7391	292 
7392	228 
7393	289 
7394	155 
7395	61 
7396	193 
7397	69 
7398	201 
7399	187 
7400	190 
7401	53 
7402	294 
7403	77 
7404	165 
7405	141 
7406	143 
7407	40 
7408	186 
7409	107 
7410	254 
7411	358 
7412	386 
7413	115 
7414	28 
7415	203 
7416	68 
7417	364 
7418	158 
7419	239 
7420	258 
7421	328 
7422	14 
7423	6 
7424	13 
7425	315 
7426	210 
7427	159 
7428	339 
7429	394 
7430	201 
7431	23 
7432	58 
7433	225 
7434	281 
7435	135 
7436	115 
7437	214 
7438	242 
7439	232 
7440	370 
7441	94 
7442	81 
7443	313 
7444	185 
7445	112 
7446	283 
7447	98 
7448	41 
7449	45 
7450	24 
7451	272 
7452	242 
7453	336 
7454	10 
7455	59 
7456	139 
7457	156 
7458	288 
7459	151 
7460	56 
7461	2 
7462	23 
7463	273 
7464	251 
7465	155 
7466	212 
7467	34 
7468	7 
7469	321 
7470	113 
7471	31 
7472	375 
7473	359 
7474	343 
7475	48 
7476	253 
7477	128 
7478	300 
7479	8 
7480	78 
7481	230 
7482	70 
7483	186 
7484	365 
7485	261 
7486	21 
7487	40 
7488	103 
7489	343 
7490	389 
7491	337 
7492	64 
7493	364 
7494	386 
7495	386 
7496	329 
7497	118 
7498	326 
7499	161 
7500	203 
7501	300 
7502	12 
7503	235 
7504	159 
7505	186 
7506	260 
7507	233 
7508	59 
7509	102 
7510	373 
7511	300 
7512	361 
7513	89 
7514	224 
7515	151 
7516	211 
7517	194 
7518	345 
7519	148 
7520	355 
7521	318 
7522	85 
7523	232 
7524	313 
7525	318 
7526	259 
7527	385 
7528	186 
7529	349 
7530	68 
7531	224 
7532	332 
7533	274 
7534	300 
7535	303 
7536	375 
7537	207 
7538	50 
7539	389 
7540	26 
7541	121 
7542	104 
7543	118 
7544	34 
7545	96 
7546	364 
7547	241 
7548	156 
7549	80 
7550	387 
7551	271 
7552	39 
7553	44 
7554	207 
7555	276 
7556	100 
7557	339 
7558	204 
7559	157 
7560	311 
7561	307 
7562	252 
7563	71 
7564	284 
7565	53 
7566	63 
7567	227 
7568	260 
7569	77 
7570	1 
7571	260 
7572	196 
7573	162 
7574	158 
7575	280 
7576	207 
7577	128 
7578	306 
7579	180 
7580	180 
7581	60 
7582	345 
7583	164 
7584	184 
7585	385 
7586	314 
7587	81 
7588	320 
7589	341 
7590	325 
7591	23 
7592	245 
7593	253 
7594	114 
7595	315 
7596	257 
7597	184 
7598	90 
7599	253 
7600	112 
7601	317 
7602	65 
7603	50 
7604	157 
7605	304 
7606	162 
7607	135 
7608	333 
7609	196 
7610	186 
7611	144 
7612	352 
7613	31 
7614	207 
7615	274 
7616	80 
7617	136 
7618	337 
7619	214 
7620	62 
7621	157 
7622	251 
7623	32 
7624	385 
7625	353 
7626	245 
7627	24 
7628	229 
7629	385 
7630	30 
7631	283 
7632	320 
7633	180 
7634	286 
7635	53 
7636	164 
7637	375 
7638	11 
7639	43 
7640	40 
7641	259 
7642	189 
7643	146 
7644	26 
7645	253 
7646	40 
7647	307 
7648	234 
7649	378 
7650	350 
7651	99 
7652	176 
7653	386 
7654	81 
7655	195 
7656	185 
7657	273 
7658	175 
7659	148 
7660	255 
7661	129 
7662	389 
7663	61 
7664	315 
7665	44 
7666	186 
7667	318 
7668	81 
7669	80 
7670	114 
7671	28 
7672	306 
7673	153 
7674	184 
7675	8 
7676	104 
7677	162 
7678	16 
7679	212 
7680	112 
7681	237 
7682	20 
7683	137 
7684	75 
7685	296 
7686	363 
7687	13 
7688	224 
7689	394 
7690	255 
7691	124 
7692	367 
7693	97 
7694	239 
7695	281 
7696	25 
7697	85 
7698	257 
7699	93 
7700	56 
7701	291 
7702	190 
7703	71 
7704	222 
7705	112 
7706	222 
7707	153 
7708	278 
7709	261 
7710	371 
7711	225 
7712	138 
7713	327 
7714	167 
7715	312 
7716	245 
7717	222 
7718	247 
7719	9 
7720	10 
7721	94 
7722	184 
7723	382 
7724	12 
7725	212 
7726	184 
7727	312 
7728	6 
7729	278 
7730	89 
7731	33 
7732	221 
7733	13 
7734	338 
7735	110 
7736	103 
7737	292 
7738	338 
7739	378 
7740	185 
7741	277 
7742	27 
7743	176 
7744	20 
7745	221 
7746	359 
7747	275 
7748	146 
7749	239 
7750	178 
7751	241 
7752	45 
7753	290 
7754	115 
7755	201 
7756	175 
7757	218 
7758	100 
7759	362 
7760	156 
7761	304 
7762	161 
7763	114 
7764	358 
7765	217 
7766	193 
7767	161 
7768	155 
7769	89 
7770	114 
7771	64 
7772	383 
7773	166 
7774	40 
7775	142 
7776	145 
7777	265 
7778	282 
7779	212 
7780	172 
7781	217 
7782	103 
7783	32 
7784	190 
7785	161 
7786	214 
7787	173 
7788	254 
7789	337 
7790	66 
7791	394 
7792	97 
7793	153 
7794	322 
7795	361 
7796	218 
7797	334 
7798	143 
7799	8 
7800	315 
7801	83 
7802	112 
7803	371 
7804	130 
7805	1 
7806	50 
7807	174 
7808	29 
7809	303 
7810	309 
7811	53 
7812	292 
7813	119 
7814	90 
7815	325 
7816	48 
7817	167 
7818	211 
7819	190 
7820	139 
7821	187 
7822	132 
7823	64 
7824	48 
7825	387 
7826	321 
7827	184 
7828	193 
7829	167 
7830	304 
7831	40 
7832	78 
7833	265 
7834	364 
7835	115 
7836	164 
7837	332 
7838	21 
7839	283 
7840	84 
7841	376 
7842	240 
7843	186 
7844	206 
7845	311 
7846	309 
7847	241 
7848	347 
7849	249 
7850	48 
7851	229 
7852	26 
7853	273 
7854	230 
7855	15 
7856	33 
7857	46 
7858	303 
7859	234 
7860	224 
7861	307 
7862	364 
7863	33 
7864	284 
7865	254 
7866	281 
7867	93 
7868	234 
7869	276 
7870	59 
7871	33 
7872	75 
7873	52 
7874	112 
7875	109 
7876	78 
7877	97 
7878	183 
7879	67 
7880	205 
7881	253 
7882	125 
7883	50 
7884	309 
7885	69 
7886	373 
7887	200 
7888	71 
7889	169 
7890	309 
7891	317 
7892	389 
7893	117 
7894	166 
7895	285 
7896	5 
7897	64 
7898	83 
7899	224 
7900	219 
7901	373 
7902	228 
7903	102 
7904	340 
7905	11 
7906	112 
7907	39 
7908	220 
7909	303 
7910	97 
7911	125 
7912	359 
7913	358 
7914	287 
7915	168 
7916	148 
7917	164 
7918	22 
7919	119 
7920	304 
7921	395 
7922	121 
7923	86 
7924	43 
7925	255 
7926	223 
7927	76 
7928	317 
7929	103 
7930	296 
7931	193 
7932	221 
7933	58 
7934	232 
7935	237 
7936	102 
7937	372 
7938	182 
7939	126 
7940	162 
7941	176 
7942	350 
7943	6 
7944	2 
7945	234 
7946	232 
7947	46 
7948	194 
7949	40 
7950	265 
7951	242 
7952	333 
7953	103 
7954	24 
7955	245 
7956	228 
7957	9 
7958	132 
7959	186 
7960	186 
7961	155 
7962	255 
7963	77 
7964	67 
7965	138 
7966	326 
7967	160 
7968	140 
7969	331 
7970	6 
7971	140 
7972	162 
7973	299 
7974	352 
7975	54 
7976	181 
7977	22 
7978	246 
7979	159 
7980	302 
7981	91 
7982	23 
7983	365 
7984	28 
7985	71 
7986	292 
7987	5 
7988	118 
7989	370 
7990	318 
7991	375 
7992	178 
7993	184 
7994	364 
7995	209 
7996	156 
7997	355 
7998	244 
7999	43 
8000	354 
8001	240 
8002	145 
8003	84 
8004	356 
8005	170 
8006	301 
8007	288 
8008	228 
8009	25 
8010	359 
8011	162 
8012	59 
8013	333 
8014	146 
8015	132 
8016	200 
8017	155 
8018	193 
8019	261 
8020	205 
8021	21 
8022	310 
8023	265 
8024	209 
8025	33 
8026	291 
8027	314 
8028	176 
8029	212 
8030	189 
8031	6 
8032	341 
8033	286 
8034	83 
8035	318 
8036	150 
8037	96 
8038	39 
8039	277 
8040	184 
8041	92 
8042	6 
8043	9 
8044	318 
8045	355 
8046	320 
8047	347 
8048	85 
8049	206 
8050	44 
8051	347 
8052	347 
8053	24 
8054	385 
8055	275 
8056	193 
8057	303 
8058	395 
8059	144 
8060	260 
8061	148 
8062	317 
8063	300 
8064	361 
8065	161 
8066	307 
8067	361 
8068	333 
8069	78 
8070	143 
8071	283 
8072	120 
8073	361 
8074	313 
8075	273 
8076	312 
8077	336 
8078	391 
8079	374 
8080	194 
8081	245 
8082	190 
8083	220 
8084	31 
8085	259 
8086	354 
8087	353 
8088	260 
8089	117 
8090	76 
8091	268 
8092	351 
8093	269 
8094	290 
8095	132 
8096	386 
8097	211 
8098	185 
8099	292 
8100	69 
8101	178 
8102	163 
8103	191 
8104	140 
8105	307 
8106	22 
8107	33 
8108	296 
8109	145 
8110	182 
8111	367 
8112	292 
8113	312 
8114	389 
8115	239 
8116	356 
8117	216 
8118	9 
8119	78 
8120	31 
8121	163 
8122	79 
8123	79 
8124	244 
8125	327 
8126	133 
8127	18 
8128	334 
8129	346 
8130	13 
8131	390 
8132	45 
8133	206 
8134	206 
8135	77 
8136	86 
8137	276 
8138	107 
8139	191 
8140	52 
8141	20 
8142	292 
8143	129 
8144	26 
8145	93 
8146	386 
8147	312 
8148	180 
8149	169 
8150	140 
8151	23 
8152	149 
8153	261 
8154	99 
8155	9 
8156	111 
8157	185 
8158	71 
8159	148 
8160	172 
8161	154 
8162	149 
8163	224 
8164	107 
8165	20 
8166	341 
8167	276 
8168	326 
8169	359 
8170	288 
8171	237 
8172	364 
8173	337 
8174	356 
8175	76 
8176	74 
8177	46 
8178	357 
8179	79 
8180	260 
8181	310 
8182	16 
8183	61 
8184	261 
8185	13 
8186	317 
8187	67 
8188	259 
8189	225 
8190	133 
8191	269 
8192	39 
8193	110 
8194	275 
8195	62 
8196	364 
8197	114 
8198	30 
8199	352 
8200	23 
8201	160 
8202	78 
8203	271 
8204	56 
8205	257 
8206	325 
8207	275 
8208	151 
8209	254 
8210	115 
8211	136 
8212	309 
8213	201 
8214	113 
8215	76 
8216	54 
8217	275 
8218	337 
8219	332 
8220	86 
8221	81 
8222	283 
8223	18 
8224	296 
8225	41 
8226	277 
8227	17 
8228	205 
8229	143 
8230	2 
8231	11 
8232	94 
8233	327 
8234	230 
8235	304 
8236	56 
8237	288 
8238	114 
8239	308 
8240	161 
8241	103 
8242	254 
8243	244 
8244	211 
8245	30 
8246	181 
8247	46 
8248	56 
8249	201 
8250	6 
8251	333 
8252	365 
8253	211 
8254	21 
8255	17 
8256	394 
8257	341 
8258	206 
8259	281 
8260	112 
8261	232 
8262	351 
8263	230 
8264	163 
8265	314 
8266	232 
8267	32 
8268	371 
8269	239 
8270	364 
8271	272 
8272	138 
8273	246 
8274	359 
8275	114 
8276	29 
8277	149 
8278	153 
8279	160 
8280	187 
8281	376 
8282	169 
8283	68 
8284	163 
8285	52 
8286	78 
8287	325 
8288	113 
8289	347 
8290	56 
8291	156 
8292	288 
8293	307 
8294	140 
8295	131 
8296	246 
8297	343 
8298	39 
8299	312 
8300	381 
8301	25 
8302	211 
8303	369 
8304	261 
8305	389 
8306	145 
8307	143 
8308	354 
8309	336 
8310	372 
8311	137 
8312	56 
8313	322 
8314	43 
8315	22 
8316	341 
8317	111 
8318	97 
8319	11 
8320	395 
8321	100 
8322	367 
8323	78 
8324	309 
8325	59 
8326	89 
8327	21 
8328	48 
8329	355 
8330	347 
8331	139 
8332	313 
8333	66 
8334	132 
8335	373 
8336	56 
8337	385 
8338	25 
8339	288 
8340	51 
8341	67 
8342	53 
8343	315 
8344	318 
8345	59 
8346	352 
8347	285 
8348	96 
8349	157 
8350	179 
8351	43 
8352	345 
8353	277 
8354	9 
8355	67 
8356	61 
8357	81 
8358	341 
8359	337 
8360	310 
8361	112 
8362	140 
8363	32 
8364	265 
8365	345 
8366	242 
8367	367 
8368	60 
8369	353 
8370	138 
8371	239 
8372	176 
8373	31 
8374	104 
8375	48 
8376	118 
8377	20 
8378	212 
8379	358 
8380	22 
8381	173 
8382	128 
8383	54 
8384	69 
8385	225 
8386	336 
8387	92 
8388	225 
8389	102 
8390	168 
8391	337 
8392	318 
8393	173 
8394	140 
8395	253 
8396	230 
8397	341 
8398	255 
8399	186 
8400	296 
8401	148 
8402	137 
8403	209 
8404	288 
8405	332 
8406	130 
8407	328 
8408	100 
8409	206 
8410	237 
8411	311 
8412	103 
8413	113 
8414	60 
8415	339 
8416	111 
8417	2 
8418	201 
8419	201 
8420	183 
8421	373 
8422	182 
8423	269 
8424	133 
8425	149 
8426	125 
8427	215 
8428	306 
8429	78 
8430	300 
8431	78 
8432	154 
8433	76 
8434	245 
8435	372 
8436	191 
8437	207 
8438	2 
8439	129 
8440	102 
8441	302 
8442	288 
8443	257 
8444	26 
8445	50 
8446	275 
8447	33 
8448	83 
8449	257 
8450	255 
8451	237 
8452	114 
8453	361 
8454	140 
8455	137 
8456	251 
8457	149 
8458	269 
8459	250 
8460	190 
8461	346 
8462	245 
8463	139 
8464	202 
8465	210 
8466	195 
8467	162 
8468	129 
8469	296 
8470	343 
8471	8 
8472	246 
8473	341 
8474	143 
8475	40 
8476	393 
8477	116 
8478	186 
8479	210 
8480	60 
8481	371 
8482	158 
8483	383 
8484	337 
8485	394 
8486	387 
8487	119 
8488	245 
8489	60 
8490	345 
8491	54 
8492	375 
8493	345 
8494	102 
8495	18 
8496	162 
8497	126 
8498	190 
8499	351 
8500	24 
8501	201 
8502	259 
8503	41 
8504	205 
8505	46 
8506	331 
8507	56 
8508	347 
8509	244 
8510	142 
8511	242 
8512	358 
8513	299 
8514	358 
8515	325 
8516	132 
8517	375 
8518	237 
8519	288 
8520	274 
8521	96 
8522	306 
8523	215 
8524	9 
8525	341 
8526	158 
8527	216 
8528	306 
8529	275 
8530	115 
8531	2 
8532	62 
8533	5 
8534	224 
8535	153 
8536	153 
8537	76 
8538	345 
8539	372 
8540	359 
8541	225 
8542	13 
8543	308 
8544	332 
8545	335 
8546	85 
8547	191 
8548	259 
8549	56 
8550	214 
8551	378 
8552	269 
8553	352 
8554	71 
8555	141 
8556	51 
8557	327 
8558	253 
8559	116 
8560	326 
8561	182 
8562	369 
8563	128 
8564	149 
8565	85 
8566	345 
8567	133 
8568	146 
8569	234 
8570	201 
8571	282 
8572	59 
8573	77 
8574	54 
8575	110 
8576	276 
8577	154 
8578	381 
8579	91 
8580	153 
8581	145 
8582	133 
8583	89 
8584	2 
8585	346 
8586	20 
8587	102 
8588	22 
8589	221 
8590	155 
8591	358 
8592	1 
8593	62 
8594	69 
8595	80 
8596	173 
8597	2 
8598	254 
8599	312 
8600	80 
8601	385 
8602	67 
8603	362 
8604	191 
8605	93 
8606	385 
8607	53 
8608	312 
8609	148 
8610	148 
8611	305 
8612	185 
8613	50 
8614	1 
8615	381 
8616	86 
8617	300 
8618	362 
8619	178 
8620	32 
8621	211 
8622	207 
8623	112 
8624	291 
8625	112 
8626	97 
8627	304 
8628	385 
8629	275 
8630	230 
8631	77 
8632	175 
8633	211 
8634	162 
8635	241 
8636	89 
8637	328 
8638	315 
8639	126 
8640	22 
8641	6 
8642	278 
8643	149 
8644	244 
8645	389 
8646	183 
8647	361 
8648	62 
8649	89 
8650	96 
8651	345 
8652	376 
8653	50 
8654	322 
8655	354 
8656	8 
8657	141 
8658	99 
8659	306 
8660	265 
8661	374 
8662	313 
8663	191 
8664	17 
8665	204 
8666	185 
8667	312 
8668	335 
8669	125 
8670	84 
8671	386 
8672	273 
8673	212 
8674	237 
8675	194 
8676	64 
8677	133 
8678	78 
8679	389 
8680	103 
8681	109 
8682	52 
8683	301 
8684	48 
8685	139 
8686	361 
8687	382 
8688	207 
8689	155 
8690	158 
8691	172 
8692	386 
8693	216 
8694	260 
8695	104 
8696	89 
8697	328 
8698	76 
8699	184 
8700	345 
8701	138 
8702	176 
8703	311 
8704	132 
8705	61 
8706	331 
8707	62 
8708	321 
8709	24 
8710	132 
8711	126 
8712	156 
8713	40 
8714	337 
8715	97 
8716	347 
8717	169 
8718	240 
8719	336 
8720	52 
8721	92 
8722	389 
8723	75 
8724	393 
8725	121 
8726	164 
8727	339 
8728	172 
8729	201 
8730	308 
8731	166 
8732	186 
8733	214 
8734	244 
8735	291 
8736	291 
8737	260 
8738	347 
8739	220 
8740	6 
8741	64 
8742	359 
8743	288 
8744	156 
8745	13 
8746	356 
8747	83 
8748	180 
8749	146 
8750	117 
8751	97 
8752	374 
8753	203 
8754	31 
8755	193 
8756	148 
8757	33 
8758	2 
8759	158 
8760	302 
8761	190 
8762	299 
8763	180 
8764	291 
8765	276 
8766	299 
8767	273 
8768	64 
8769	311 
8770	139 
8771	338 
8772	110 
8773	326 
8774	166 
8775	194 
8776	2 
8777	9 
8778	259 
8779	130 
8780	176 
8781	164 
8782	296 
8783	10 
8784	307 
8785	276 
8786	162 
8787	51 
8788	254 
8789	155 
8790	117 
8791	103 
8792	40 
8793	230 
8794	273 
8795	22 
8796	24 
8797	240 
8798	46 
8799	253 
8800	184 
8801	136 
8802	304 
8803	133 
8804	96 
8805	259 
8806	99 
8807	207 
8808	44 
8809	210 
8810	225 
8811	301 
8812	205 
8813	94 
8814	138 
8815	21 
8816	180 
8817	183 
8818	114 
8819	228 
8820	102 
8821	169 
8822	224 
8823	41 
8824	185 
8825	23 
8826	230 
8827	288 
8828	210 
8829	222 
8830	139 
8831	84 
8832	314 
8833	44 
8834	158 
8835	84 
8836	115 
8837	214 
8838	245 
8839	32 
8840	313 
8841	20 
8842	312 
8843	7 
8844	54 
8845	313 
8846	154 
8847	52 
8848	254 
8849	335 
8850	41 
8851	352 
8852	257 
8853	66 
8854	372 
8855	391 
8856	145 
8857	85 
8858	24 
8859	66 
8860	325 
8861	149 
8862	75 
8863	204 
8864	186 
8865	129 
8866	147 
8867	389 
8868	2 
8869	374 
8870	183 
8871	309 
8872	24 
8873	51 
8874	75 
8875	232 
8876	110 
8877	260 
8878	328 
8879	146 
8880	89 
8881	164 
8882	159 
8883	375 
8884	273 
8885	103 
8886	336 
8887	110 
8888	296 
8889	185 
8890	365 
8891	337 
8892	228 
8893	331 
8894	346 
8895	277 
8896	69 
8897	181 
8898	364 
8899	110 
8900	162 
8901	162 
8902	66 
8903	362 
8904	207 
8905	302 
8906	117 
8907	20 
8908	292 
8909	10 
8910	176 
8911	78 
8912	210 
8913	191 
8914	114 
8915	191 
8916	352 
8917	240 
8918	200 
8919	20 
8920	374 
8921	172 
8922	76 
8923	132 
8924	158 
8925	18 
8926	77 
8927	318 
8928	354 
8929	172 
8930	255 
8931	291 
8932	31 
8933	143 
8934	164 
8935	182 
8936	170 
8937	77 
8938	187 
8939	147 
8940	273 
8941	265 
8942	30 
8943	84 
8944	1 
8945	220 
8946	313 
8947	153 
8948	59 
8949	271 
8950	21 
8951	221 
8952	130 
8953	77 
8954	121 
8955	395 
8956	56 
8957	230 
8958	68 
8959	291 
8960	157 
8961	129 
8962	300 
8963	277 
8964	332 
8965	335 
8966	77 
8967	358 
8968	114 
8969	381 
8970	138 
8971	162 
8972	52 
8973	182 
8974	339 
8975	78 
8976	72 
8977	254 
8978	395 
8979	352 
8980	328 
8981	321 
8982	228 
8983	67 
8984	300 
8985	201 
8986	153 
8987	265 
8988	141 
8989	359 
8990	158 
8991	193 
8992	242 
8993	130 
8994	195 
8995	168 
8996	69 
8997	111 
8998	338 
8999	85 
9000	375 
9001	97 
9002	244 
9003	148 
9004	385 
9005	269 
9006	352 
9007	364 
9008	314 
9009	221 
9010	176 
9011	315 
9012	121 
9013	322 
9014	245 
9015	158 
9016	66 
9017	166 
9018	296 
9019	111 
9020	216 
9021	391 
9022	359 
9023	167 
9024	310 
9025	378 
9026	147 
9027	391 
9028	140 
9029	276 
9030	193 
9031	180 
9032	378 
9033	89 
9034	288 
9035	112 
9036	26 
9037	335 
9038	149 
9039	8 
9040	51 
9041	318 
9042	381 
9043	182 
9044	148 
9045	9 
9046	265 
9047	166 
9048	159 
9049	50 
9050	8 
9051	259 
9052	253 
9053	265 
9054	228 
9055	173 
9056	385 
9057	286 
9058	76 
9059	375 
9060	207 
9061	7 
9062	225 
9063	52 
9064	43 
9065	309 
9066	365 
9067	395 
9068	56 
9069	361 
9070	132 
9071	286 
9072	78 
9073	352 
9074	97 
9075	259 
9076	296 
9077	214 
9078	281 
9079	118 
9080	296 
9081	225 
9082	2 
9083	148 
9084	7 
9085	191 
9086	389 
9087	271 
9088	148 
9089	299 
9090	30 
9091	242 
9092	345 
9093	6 
9094	30 
9095	130 
9096	215 
9097	21 
9098	163 
9099	114 
9100	69 
9101	243 
9102	395 
9103	128 
9104	292 
9105	292 
9106	132 
9107	281 
9108	283 
9109	374 
9110	96 
9111	253 
9112	166 
9113	172 
9114	50 
9115	27 
9116	325 
9117	224 
9118	10 
9119	385 
9120	67 
9121	326 
9122	362 
9123	333 
9124	168 
9125	299 
9126	172 
9127	161 
9128	77 
9129	99 
9130	375 
9131	149 
9132	306 
9133	148 
9134	394 
9135	352 
9136	216 
9137	242 
9138	306 
9139	13 
9140	318 
9141	79 
9142	67 
9143	104 
9144	385 
9145	354 
9146	85 
9147	9 
9148	102 
9149	371 
9150	129 
9151	378 
9152	78 
9153	7 
9154	307 
9155	361 
9156	215 
9157	395 
9158	97 
9159	203 
9160	23 
9161	68 
9162	338 
9163	83 
9164	132 
9165	318 
9166	139 
9167	138 
9168	99 
9169	376 
9170	328 
9171	321 
9172	334 
9173	215 
9174	148 
9175	347 
9176	207 
9177	78 
9178	81 
9179	71 
9180	62 
9181	202 
9182	299 
9183	77 
9184	336 
9185	190 
9186	178 
9187	24 
9188	274 
9189	282 
9190	312 
9191	80 
9192	54 
9193	201 
9194	246 
9195	183 
9196	24 
9197	141 
9198	341 
9199	6 
9200	109 
9201	176 
9202	187 
9203	321 
9204	343 
9205	99 
9206	129 
9207	190 
9208	341 
9209	128 
9210	253 
9211	23 
9212	321 
9213	214 
9214	136 
9215	364 
9216	220 
9217	183 
9218	193 
9219	210 
9220	67 
9221	111 
9222	112 
9223	214 
9224	62 
9225	139 
9226	220 
9227	158 
9228	89 
9229	72 
9230	26 
9231	311 
9232	66 
9233	85 
9234	352 
9235	222 
9236	321 
9237	159 
9238	97 
9239	242 
9240	314 
9241	375 
9242	214 
9243	347 
9244	196 
9245	292 
9246	354 
9247	173 
9248	201 
9249	385 
9250	182 
9251	102 
9252	115 
9253	230 
9254	376 
9255	302 
9256	260 
9257	336 
9258	339 
9259	291 
9260	310 
9261	191 
9262	170 
9263	381 
9264	228 
9265	361 
9266	140 
9267	190 
9268	156 
9269	322 
9270	61 
9271	189 
9272	265 
9273	347 
9274	162 
9275	166 
9276	356 
9277	51 
9278	302 
9279	332 
9280	222 
9281	337 
9282	23 
9283	167 
9284	160 
9285	222 
9286	2 
9287	286 
9288	68 
9289	133 
9290	282 
9291	356 
9292	328 
9293	321 
9294	196 
9295	211 
9296	86 
9297	347 
9298	302 
9299	281 
9300	325 
9301	291 
9302	214 
9303	78 
9304	8 
9305	67 
9306	240 
9307	136 
9308	153 
9309	20 
9310	346 
9311	224 
9312	264 
9313	43 
9314	1 
9315	394 
9316	241 
9317	225 
9318	326 
9319	277 
9320	48 
9321	46 
9322	376 
9323	178 
9324	312 
9325	158 
9326	77 
9327	265 
9328	150 
9329	154 
9330	168 
9331	271 
9332	338 
9333	155 
9334	394 
9335	56 
9336	150 
9337	203 
9338	201 
9339	201 
9340	60 
9341	109 
9342	301 
9343	385 
9344	66 
9345	167 
9346	354 
9347	326 
9348	351 
9349	147 
9350	255 
9351	354 
9352	221 
9353	345 
9354	32 
9355	183 
9356	216 
9357	206 
9358	99 
9359	207 
9360	381 
9361	230 
9362	345 
9363	385 
9364	241 
9365	104 
9366	182 
9367	33 
9368	64 
9369	52 
9370	30 
9371	159 
9372	159 
9373	166 
9374	225 
9375	322 
9376	112 
9377	85 
9378	389 
9379	59 
9380	76 
9381	184 
9382	9 
9383	22 
9384	387 
9385	182 
9386	153 
9387	241 
9388	292 
9389	201 
9390	107 
9391	72 
9392	104 
9393	133 
9394	40 
9395	196 
9396	186 
9397	395 
9398	85 
9399	299 
9400	9 
9401	162 
9402	10 
9403	67 
9404	326 
9405	99 
9406	307 
9407	378 
9408	183 
9409	310 
9410	61 
9411	43 
9412	22 
9413	86 
9414	7 
9415	139 
9416	99 
9417	381 
9418	159 
9419	343 
9420	259 
9421	240 
9422	191 
9423	375 
9424	351 
9425	23 
9426	185 
9427	140 
9428	271 
9429	322 
9430	22 
9431	264 
9432	136 
9433	341 
9434	32 
9435	225 
9436	110 
9437	132 
9438	211 
9439	51 
9440	60 
9441	67 
9442	104 
9443	301 
9444	386 
9445	186 
9446	10 
9447	210 
9448	212 
9449	86 
9450	369 
9451	193 
9452	79 
9453	44 
9454	61 
9455	46 
9456	362 
9457	7 
9458	228 
9459	153 
9460	61 
9461	50 
9462	201 
9463	176 
9464	160 
9465	114 
9466	148 
9467	381 
9468	76 
9469	296 
9470	264 
9471	138 
9472	172 
9473	18 
9474	201 
9475	354 
9476	269 
9477	242 
9478	1 
9479	312 
9480	296 
9481	81 
9482	114 
9483	310 
9484	40 
9485	195 
9486	186 
9487	210 
9488	364 
9489	79 
9490	175 
9491	112 
9492	371 
9493	193 
9494	273 
9495	337 
9496	23 
9497	214 
9498	81 
9499	343 
9500	283 
9501	321 
9502	156 
9503	168 
9504	193 
9505	243 
9506	22 
9507	321 
9508	220 
9509	68 
9510	195 
9511	97 
9512	71 
9513	242 
9514	191 
9515	182 
9516	13 
9517	66 
9518	338 
9519	11 
9520	394 
9521	147 
9522	318 
9523	75 
9524	299 
9525	326 
9526	203 
9527	190 
9528	246 
9529	139 
9530	362 
9531	2 
9532	119 
9533	52 
9534	26 
9535	212 
9536	385 
9537	103 
9538	281 
9539	341 
9540	246 
9541	59 
9542	183 
9543	291 
9544	337 
9545	64 
9546	303 
9547	191 
9548	301 
9549	48 
9550	322 
9551	393 
9552	182 
9553	128 
9554	309 
9555	8 
9556	281 
9557	173 
9558	99 
9559	78 
9560	80 
9561	64 
9562	224 
9563	361 
9564	269 
9565	196 
9566	367 
9567	283 
9568	240 
9569	260 
9570	243 
9571	292 
9572	51 
9573	43 
9574	211 
9575	111 
9576	207 
9577	81 
9578	281 
9579	161 
9580	86 
9581	337 
9582	343 
9583	274 
9584	141 
9585	67 
9586	274 
9587	318 
9588	13 
9589	292 
9590	176 
9591	162 
9592	182 
9593	389 
9594	159 
9595	211 
9596	339 
9597	93 
9598	361 
9599	361 
9600	159 
9601	27 
9602	327 
9603	129 
9604	191 
9605	173 
9606	283 
9607	299 
9608	322 
9609	325 
9610	139 
9611	246 
9612	110 
9613	291 
9614	181 
9615	52 
9616	50 
9617	97 
9618	299 
9619	33 
9620	62 
9621	77 
9622	71 
9623	159 
9624	175 
9625	381 
9626	182 
9627	160 
9628	191 
9629	18 
9630	361 
9631	244 
9632	326 
9633	111 
9634	292 
9635	50 
9636	110 
9637	138 
9638	389 
9639	1 
9640	201 
9641	274 
9642	48 
9643	173 
9644	40 
9645	133 
9646	276 
9647	162 
9648	94 
9649	94 
9650	103 
9651	43 
9652	214 
9653	190 
9654	1 
9655	312 
9656	48 
9657	351 
9658	76 
9659	107 
9660	94 
9661	159 
9662	230 
9663	114 
9664	191 
9665	51 
9666	202 
9667	230 
9668	21 
9669	206 
9670	116 
9671	259 
9672	179 
9673	103 
9674	20 
9675	395 
9676	336 
9677	8 
9678	253 
9679	86 
9680	306 
9681	282 
9682	56 
9683	96 
9684	338 
9685	228 
9686	312 
9687	362 
9688	395 
9689	33 
9690	185 
9691	387 
9692	374 
9693	210 
9694	228 
9695	386 
9696	299 
9697	225 
9698	18 
9699	186 
9700	202 
9701	352 
9702	76 
9703	259 
9704	260 
9705	291 
9706	373 
9707	356 
9708	9 
9709	254 
9710	303 
9711	60 
9712	264 
9713	114 
9714	364 
9715	374 
9716	118 
9717	52 
9718	146 
9719	215 
9720	179 
9721	155 
9722	387 
9723	33 
9724	395 
9725	322 
9726	146 
9727	341 
9728	265 
9729	185 
9730	160 
9731	146 
9732	327 
9733	66 
9734	185 
9735	75 
9736	50 
9737	351 
9738	230 
9739	163 
9740	276 
9741	395 
9742	376 
9743	327 
9744	116 
9745	75 
9746	288 
9747	153 
9748	111 
9749	56 
9750	224 
9751	130 
9752	56 
9753	138 
9754	339 
9755	341 
9756	254 
9757	214 
9758	185 
9759	283 
9760	97 
9761	265 
9762	364 
9763	381 
9764	309 
9765	190 
9766	31 
9767	292 
9768	103 
9769	50 
9770	79 
9771	341 
9772	114 
9773	107 
9774	148 
9775	245 
9776	352 
9777	364 
9778	381 
9779	138 
9780	373 
9781	255 
9782	255 
9783	167 
9784	69 
9785	158 
9786	67 
9787	322 
9788	303 
9789	387 
9790	40 
9791	52 
9792	81 
9793	162 
9794	328 
9795	9 
9796	180 
9797	132 
9798	56 
9799	48 
9800	132 
9801	296 
9802	193 
9803	255 
9804	365 
9805	190 
9806	255 
9807	296 
9808	18 
9809	141 
9810	178 
9811	112 
9812	118 
9813	182 
9814	375 
9815	61 
9816	225 
9817	94 
9818	314 
9819	46 
9820	80 
9821	301 
9822	313 
9823	372 
9824	343 
9825	254 
9826	336 
9827	156 
9828	183 
9829	121 
9830	191 
9831	196 
9832	147 
9833	220 
9834	96 
9835	31 
9836	156 
9837	354 
9838	141 
9839	52 
9840	94 
9841	386 
9842	139 
9843	75 
9844	356 
9845	78 
9846	140 
9847	26 
9848	288 
9849	139 
9850	265 
9851	347 
9852	67 
9853	153 
9854	291 
9855	322 
9856	69 
9857	225 
9858	40 
9859	186 
9860	259 
9861	365 
9862	214 
9863	64 
9864	156 
9865	327 
9866	394 
9867	139 
9868	338 
9869	378 
9870	159 
9871	339 
9872	352 
9873	97 
9874	326 
9875	395 
9876	9 
9877	61 
9878	9 
9879	181 
9880	111 
9881	89 
9882	83 
9883	62 
9884	352 
9885	118 
9886	276 
9887	273 
9888	132 
9889	83 
9890	153 
9891	30 
9892	155 
9893	259 
9894	2 
9895	40 
9896	76 
9897	97 
9898	76 
9899	158 
9900	40 
9901	110 
9902	318 
9903	195 
9904	253 
9905	149 
9906	61 
9907	378 
9908	51 
9909	9 
9910	299 
9911	103 
9912	180 
9913	207 
9914	314 
9915	50 
9916	309 
9917	282 
9918	132 
9919	281 
9920	62 
9921	381 
9922	6 
9923	50 
9924	157 
9925	71 
9926	254 
9927	389 
9928	2 
9929	26 
9930	86 
9931	149 
9932	393 
9933	18 
9934	381 
9935	378 
9936	104 
9937	195 
9938	372 
9939	273 
9940	354 
9941	337 
9942	378 
9943	64 
9944	6 
9945	172 
9946	201 
9947	112 
9948	80 
9949	221 
9950	141 
9951	202 
9952	195 
9953	77 
9954	118 
9955	365 
9956	132 
9957	26 
9958	255 
9959	56 
9960	32 
9961	362 
9962	104 
9963	356 
9964	222 
9965	51 
9966	341 
9967	89 
9968	51 
9969	22 
9970	288 
9971	336 
9972	23 
9973	185 
9974	313 
9975	79 
9976	211 
9977	64 
9978	343 
9979	8 
9980	303 
9981	76 
9982	359 
9983	341 
9984	22 
9985	288 
9986	190 
9987	68 
9988	32 
9989	202 
9990	265 
9991	155 
9992	312 
9993	24 
9994	220 
9995	225 
9996	345 
9997	133 
9998	20 
9999	132 
10000	110 
