1	63 
2	51 
3	38 
4	83 
5	84 
6	65 
7	84 
8	81 
9	73 
10	4 
11	10 
12	83 
13	1 
14	72 
15	8 
16	44 
17	86 
18	73 
19	82 
20	88 
21	58 
22	66 
23	47 
24	14 
25	78 
26	68 
27	27 
28	43 
29	19 
30	64 
31	4 
32	65 
33	4 
34	13 
35	70 
36	22 
37	61 
38	78 
39	39 
40	1 
41	76 
42	60 
43	45 
44	66 
45	75 
46	60 
47	6 
48	34 
49	16 
50	2 
51	22 
52	55 
53	24 
54	4 
55	58 
56	60 
57	40 
58	21 
59	72 
60	31 
61	34 
62	68 
63	58 
64	38 
65	17 
66	80 
67	84 
68	8 
69	26 
70	72 
71	85 
72	15 
73	42 
74	49 
75	19 
76	58 
77	77 
78	73 
79	30 
80	83 
81	5 
82	77 
83	85 
84	47 
85	47 
86	25 
87	61 
88	74 
89	2 
90	74 
91	64 
92	31 
93	26 
94	13 
95	45 
96	75 
97	67 
98	9 
99	86 
100	73 
101	79 
102	45 
103	48 
104	46 
105	28 
106	51 
107	36 
108	46 
109	53 
110	8 
111	38 
112	71 
113	41 
114	29 
115	8 
116	42 
117	68 
118	63 
119	12 
120	79 
121	34 
122	29 
123	46 
124	28 
125	38 
126	25 
127	54 
128	59 
129	63 
130	22 
131	52 
132	19 
133	59 
134	10 
135	84 
136	74 
137	33 
138	85 
139	55 
140	21 
141	31 
142	77 
143	31 
144	22 
145	4 
146	37 
147	59 
148	34 
149	10 
150	22 
151	34 
152	14 
153	72 
154	19 
155	27 
156	66 
157	40 
158	8 
159	63 
160	83 
161	19 
162	5 
163	10 
164	49 
165	48 
166	4 
167	3 
168	51 
169	18 
170	21 
171	4 
172	21 
173	58 
174	49 
175	16 
176	18 
177	50 
178	15 
179	84 
180	21 
181	39 
182	4 
183	14 
184	14 
185	78 
186	37 
187	51 
188	89 
189	46 
190	50 
191	47 
192	34 
193	13 
194	27 
195	42 
196	39 
197	75 
198	24 
199	85 
200	78 
201	72 
202	80 
203	72 
204	84 
205	33 
206	79 
207	72 
208	75 
209	78 
210	79 
211	61 
212	47 
213	34 
214	58 
215	75 
216	89 
217	85 
218	68 
219	26 
220	3 
221	86 
222	82 
223	56 
224	89 
225	54 
226	12 
227	37 
228	40 
229	74 
230	83 
231	26 
232	22 
233	66 
234	42 
235	50 
236	16 
237	4 
238	82 
239	81 
240	76 
241	26 
242	16 
243	60 
244	48 
245	81 
246	85 
247	70 
248	58 
249	82 
250	74 
251	10 
252	27 
253	19 
254	29 
255	10 
256	12 
257	5 
258	46 
259	28 
260	13 
261	18 
262	80 
263	79 
264	21 
265	79 
266	18 
267	62 
268	49 
269	34 
270	19 
271	34 
272	65 
273	39 
274	70 
275	51 
276	26 
277	42 
278	56 
279	33 
280	80 
281	83 
282	63 
283	89 
284	59 
285	69 
286	59 
287	32 
288	85 
289	56 
290	81 
291	25 
292	62 
293	40 
294	76 
295	57 
296	75 
297	59 
298	7 
299	76 
300	19 
301	86 
302	76 
303	72 
304	87 
305	53 
306	27 
307	86 
308	60 
309	22 
310	36 
311	84 
312	48 
313	67 
314	22 
315	27 
316	1 
317	68 
318	10 
319	62 
320	57 
321	34 
322	79 
323	59 
324	47 
325	89 
326	80 
327	85 
328	17 
329	32 
330	31 
331	19 
332	47 
333	85 
334	44 
335	67 
336	4 
337	57 
338	20 
339	15 
340	9 
341	35 
342	47 
343	10 
344	82 
345	39 
346	38 
347	16 
348	28 
349	13 
350	11 
351	72 
352	70 
353	62 
354	6 
355	4 
356	5 
357	15 
358	47 
359	67 
360	4 
361	63 
362	75 
363	38 
364	6 
365	55 
366	86 
367	16 
368	79 
369	61 
370	67 
371	11 
372	57 
373	79 
374	61 
375	82 
376	59 
377	29 
378	15 
379	38 
380	1 
381	49 
382	32 
383	29 
384	47 
385	1 
386	50 
387	43 
388	16 
389	63 
390	58 
391	60 
392	62 
393	12 
394	14 
395	50 
396	38 
397	14 
398	82 
399	61 
400	41 
401	37 
402	52 
403	37 
404	19 
405	71 
406	57 
407	54 
408	53 
409	71 
410	49 
411	75 
412	19 
413	65 
414	33 
415	40 
416	71 
417	89 
418	65 
419	80 
420	70 
421	35 
422	1 
423	42 
424	15 
425	78 
426	14 
427	28 
428	71 
429	54 
430	45 
431	79 
432	35 
433	1 
434	3 
435	7 
436	66 
437	9 
438	82 
439	13 
440	48 
441	45 
442	70 
443	49 
444	36 
445	86 
446	61 
447	9 
448	89 
449	25 
450	43 
451	64 
452	51 
453	5 
454	59 
455	4 
456	53 
457	19 
458	65 
459	82 
460	77 
461	71 
462	21 
463	78 
464	49 
465	23 
466	35 
467	19 
468	19 
469	35 
470	61 
471	42 
472	18 
473	39 
474	60 
475	5 
476	32 
477	66 
478	65 
479	87 
480	34 
481	87 
482	60 
483	66 
484	36 
485	6 
486	21 
487	74 
488	77 
489	12 
490	83 
491	29 
492	61 
493	41 
494	11 
495	42 
496	74 
497	53 
498	39 
499	1 
500	51 
501	36 
502	20 
503	46 
504	1 
505	19 
506	20 
507	78 
508	52 
509	28 
510	87 
511	1 
512	85 
513	34 
514	37 
515	2 
516	25 
517	36 
518	11 
519	25 
520	19 
521	82 
522	73 
523	6 
524	17 
525	78 
526	62 
527	27 
528	4 
529	51 
530	1 
531	53 
532	45 
533	8 
534	4 
535	10 
536	73 
537	84 
538	56 
539	38 
540	71 
541	37 
542	22 
543	62 
544	26 
545	16 
546	55 
547	39 
548	34 
549	53 
550	42 
551	37 
552	52 
553	85 
554	36 
555	46 
556	76 
557	2 
558	47 
559	21 
560	63 
561	36 
562	27 
563	14 
564	37 
565	29 
566	36 
567	9 
568	64 
569	59 
570	37 
571	87 
572	16 
573	23 
574	26 
575	39 
576	34 
577	82 
578	64 
579	77 
580	17 
581	40 
582	64 
583	75 
584	36 
585	78 
586	55 
587	60 
588	36 
589	58 
590	54 
591	61 
592	61 
593	24 
594	63 
595	49 
596	15 
597	62 
598	89 
599	20 
600	84 
601	70 
602	80 
603	4 
604	59 
605	89 
606	25 
607	39 
608	87 
609	27 
610	55 
611	42 
612	35 
613	78 
614	36 
615	88 
616	29 
617	37 
618	56 
619	2 
620	54 
621	86 
622	48 
623	21 
624	29 
625	29 
626	65 
627	8 
628	59 
629	46 
630	44 
631	85 
632	68 
633	88 
634	31 
635	24 
636	27 
637	49 
638	21 
639	35 
640	42 
641	65 
642	42 
643	72 
644	15 
645	62 
646	77 
647	73 
648	82 
649	21 
650	19 
651	64 
652	12 
653	55 
654	61 
655	36 
656	66 
657	10 
658	26 
659	42 
660	54 
661	50 
662	6 
663	59 
664	7 
665	80 
666	27 
667	5 
668	40 
669	84 
670	24 
671	57 
672	8 
673	84 
674	52 
675	36 
676	11 
677	35 
678	61 
679	18 
680	5 
681	23 
682	89 
683	25 
684	15 
685	54 
686	40 
687	4 
688	17 
689	50 
690	78 
691	28 
692	57 
693	32 
694	85 
695	80 
696	9 
697	50 
698	10 
699	10 
700	24 
701	3 
702	33 
703	58 
704	70 
705	7 
706	65 
707	59 
708	40 
709	39 
710	80 
711	1 
712	80 
713	37 
714	48 
715	59 
716	89 
717	46 
718	73 
719	73 
720	72 
721	7 
722	34 
723	14 
724	42 
725	31 
726	71 
727	79 
728	55 
729	73 
730	67 
731	26 
732	72 
733	27 
734	15 
735	73 
736	47 
737	35 
738	45 
739	11 
740	32 
741	66 
742	46 
743	76 
744	70 
745	42 
746	75 
747	30 
748	2 
749	24 
750	12 
751	11 
752	53 
753	23 
754	52 
755	23 
756	22 
757	87 
758	68 
759	34 
760	58 
761	39 
762	56 
763	38 
764	2 
765	45 
766	67 
767	53 
768	74 
769	37 
770	64 
771	87 
772	78 
773	74 
774	56 
775	82 
776	57 
777	46 
778	9 
779	30 
780	77 
781	43 
782	59 
783	26 
784	22 
785	42 
786	49 
787	69 
788	77 
789	56 
790	39 
791	31 
792	80 
793	86 
794	82 
795	38 
796	47 
797	80 
798	13 
799	89 
800	69 
801	7 
802	35 
803	43 
804	61 
805	26 
806	1 
807	76 
808	50 
809	56 
810	82 
811	57 
812	9 
813	28 
814	38 
815	19 
816	31 
817	22 
818	66 
819	43 
820	71 
821	74 
822	34 
823	57 
824	68 
825	2 
826	80 
827	27 
828	50 
829	37 
830	57 
831	12 
832	15 
833	74 
834	63 
835	15 
836	84 
837	58 
838	70 
839	32 
840	73 
841	50 
842	59 
843	5 
844	64 
845	29 
846	23 
847	18 
848	27 
849	42 
850	3 
851	7 
852	70 
853	3 
854	12 
855	38 
856	10 
857	66 
858	78 
859	63 
860	31 
861	38 
862	23 
863	86 
864	43 
865	15 
866	78 
867	77 
868	85 
869	36 
870	71 
871	76 
872	15 
873	29 
874	47 
875	88 
876	26 
877	65 
878	55 
879	60 
880	59 
881	88 
882	29 
883	26 
884	83 
885	37 
886	2 
887	68 
888	56 
889	81 
890	57 
891	49 
892	58 
893	19 
894	11 
895	14 
896	58 
897	79 
898	72 
899	86 
900	48 
901	73 
902	45 
903	37 
904	72 
905	78 
906	47 
907	65 
908	64 
909	72 
910	50 
911	14 
912	31 
913	12 
914	55 
915	71 
916	39 
917	1 
918	51 
919	26 
920	58 
921	82 
922	5 
923	1 
924	63 
925	61 
926	6 
927	1 
928	79 
929	81 
930	14 
931	50 
932	38 
933	85 
934	26 
935	29 
936	66 
937	8 
938	15 
939	5 
940	83 
941	8 
942	88 
943	22 
944	87 
945	35 
946	82 
947	45 
948	22 
949	61 
950	76 
951	47 
952	59 
953	51 
954	77 
955	16 
956	23 
957	71 
958	80 
959	37 
960	14 
961	41 
962	42 
963	29 
964	52 
965	73 
966	85 
967	40 
968	23 
969	41 
970	10 
971	28 
972	12 
973	21 
974	80 
975	70 
976	46 
977	50 
978	48 
979	30 
980	71 
981	9 
982	78 
983	48 
984	15 
985	89 
986	56 
987	70 
988	23 
989	16 
990	24 
991	75 
992	44 
993	44 
994	54 
995	34 
996	20 
997	45 
998	61 
999	27 
1000	17 
1001	73 
1002	55 
1003	12 
1004	55 
1005	56 
1006	43 
1007	63 
1008	36 
1009	73 
1010	38 
1011	62 
1012	24 
1013	45 
1014	32 
1015	54 
1016	70 
1017	25 
1018	10 
1019	72 
1020	65 
1021	50 
1022	38 
1023	86 
1024	19 
1025	63 
1026	11 
1027	6 
1028	33 
1029	18 
1030	12 
1031	61 
1032	79 
1033	46 
1034	34 
1035	22 
1036	9 
1037	32 
1038	24 
1039	3 
1040	21 
1041	74 
1042	63 
1043	12 
1044	38 
1045	55 
1046	31 
1047	13 
1048	60 
1049	84 
1050	37 
1051	89 
1052	40 
1053	56 
1054	65 
1055	18 
1056	52 
1057	32 
1058	80 
1059	16 
1060	87 
1061	52 
1062	23 
1063	57 
1064	81 
1065	10 
1066	3 
1067	18 
1068	46 
1069	31 
1070	18 
1071	38 
1072	70 
1073	26 
1074	88 
1075	57 
1076	21 
1077	54 
1078	39 
1079	60 
1080	78 
1081	68 
1082	65 
1083	66 
1084	45 
1085	56 
1086	36 
1087	24 
1088	40 
1089	43 
1090	43 
1091	2 
1092	84 
1093	6 
1094	9 
1095	39 
1096	87 
1097	39 
1098	83 
1099	17 
1100	43 
1101	72 
1102	82 
1103	82 
1104	76 
1105	32 
1106	76 
1107	84 
1108	37 
1109	27 
1110	14 
1111	72 
1112	8 
1113	8 
1114	64 
1115	56 
1116	24 
1117	22 
1118	33 
1119	68 
1120	49 
1121	37 
1122	7 
1123	36 
1124	14 
1125	63 
1126	72 
1127	23 
1128	11 
1129	52 
1130	29 
1131	45 
1132	42 
1133	82 
1134	39 
1135	83 
1136	65 
1137	27 
1138	45 
1139	66 
1140	75 
1141	88 
1142	49 
1143	58 
1144	48 
1145	13 
1146	3 
1147	87 
1148	53 
1149	68 
1150	29 
1151	1 
1152	60 
1153	32 
1154	88 
1155	75 
1156	52 
1157	36 
1158	69 
1159	53 
1160	4 
1161	40 
1162	75 
1163	26 
1164	17 
1165	59 
1166	21 
1167	66 
1168	51 
1169	89 
1170	58 
1171	27 
1172	4 
1173	73 
1174	7 
1175	70 
1176	84 
1177	8 
1178	53 
1179	89 
1180	76 
1181	59 
1182	42 
1183	26 
1184	57 
1185	63 
1186	16 
1187	51 
1188	57 
1189	77 
1190	66 
1191	61 
1192	4 
1193	26 
1194	50 
1195	64 
1196	9 
1197	27 
1198	19 
1199	17 
1200	65 
1201	41 
1202	34 
1203	26 
1204	10 
1205	14 
1206	51 
1207	39 
1208	58 
1209	78 
1210	26 
1211	85 
1212	34 
1213	6 
1214	27 
1215	86 
1216	21 
1217	17 
1218	58 
1219	54 
1220	19 
1221	70 
1222	51 
1223	76 
1224	43 
1225	61 
1226	53 
1227	80 
1228	11 
1229	59 
1230	6 
1231	18 
1232	52 
1233	10 
1234	1 
1235	36 
1236	70 
1237	37 
1238	77 
1239	3 
1240	71 
1241	31 
1242	59 
1243	69 
1244	33 
1245	50 
1246	83 
1247	19 
1248	87 
1249	44 
1250	77 
1251	70 
1252	27 
1253	51 
1254	29 
1255	59 
1256	24 
1257	81 
1258	57 
1259	66 
1260	37 
1261	87 
1262	81 
1263	56 
1264	87 
1265	1 
1266	29 
1267	50 
1268	30 
1269	30 
1270	65 
1271	24 
1272	87 
1273	6 
1274	38 
1275	48 
1276	68 
1277	16 
1278	40 
1279	6 
1280	58 
1281	16 
1282	35 
1283	52 
1284	32 
1285	82 
1286	38 
1287	87 
1288	56 
1289	41 
1290	87 
1291	37 
1292	80 
1293	73 
1294	71 
1295	57 
1296	63 
1297	25 
1298	50 
1299	55 
1300	24 
1301	44 
1302	34 
1303	77 
1304	56 
1305	58 
1306	14 
1307	58 
1308	46 
1309	72 
1310	62 
1311	72 
1312	20 
1313	59 
1314	43 
1315	88 
1316	9 
1317	44 
1318	47 
1319	81 
1320	56 
1321	38 
1322	50 
1323	82 
1324	81 
1325	46 
1326	18 
1327	14 
1328	73 
1329	76 
1330	44 
1331	2 
1332	53 
1333	56 
1334	67 
1335	61 
1336	56 
1337	74 
1338	60 
1339	51 
1340	62 
1341	15 
1342	2 
1343	11 
1344	41 
1345	6 
1346	10 
1347	68 
1348	35 
1349	69 
1350	61 
1351	16 
1352	67 
1353	27 
1354	30 
1355	81 
1356	49 
1357	11 
1358	21 
1359	45 
1360	80 
1361	47 
1362	18 
1363	4 
1364	51 
1365	66 
1366	30 
1367	52 
1368	10 
1369	20 
1370	82 
1371	40 
1372	42 
1373	11 
1374	41 
1375	68 
1376	29 
1377	58 
1378	55 
1379	72 
1380	4 
1381	46 
1382	49 
1383	37 
1384	77 
1385	16 
1386	87 
1387	18 
1388	22 
1389	78 
1390	37 
1391	70 
1392	72 
1393	84 
1394	46 
1395	57 
1396	57 
1397	73 
1398	62 
1399	75 
1400	65 
1401	14 
1402	79 
1403	59 
1404	15 
1405	7 
1406	69 
1407	75 
1408	9 
1409	64 
1410	26 
1411	53 
1412	30 
1413	87 
1414	53 
1415	33 
1416	19 
1417	38 
1418	45 
1419	57 
1420	51 
1421	37 
1422	39 
1423	11 
1424	63 
1425	11 
1426	50 
1427	43 
1428	24 
1429	10 
1430	63 
1431	63 
1432	42 
1433	78 
1434	11 
1435	30 
1436	4 
1437	27 
1438	34 
1439	31 
1440	50 
1441	74 
1442	44 
1443	44 
1444	44 
1445	39 
1446	28 
1447	41 
1448	29 
1449	84 
1450	87 
1451	34 
1452	86 
1453	86 
1454	64 
1455	72 
1456	82 
1457	32 
1458	24 
1459	50 
1460	9 
1461	41 
1462	78 
1463	6 
1464	77 
1465	87 
1466	76 
1467	75 
1468	39 
1469	84 
1470	65 
1471	74 
1472	51 
1473	31 
1474	75 
1475	54 
1476	24 
1477	65 
1478	65 
1479	73 
1480	38 
1481	83 
1482	27 
1483	56 
1484	30 
1485	43 
1486	76 
1487	67 
1488	68 
1489	29 
1490	71 
1491	35 
1492	75 
1493	12 
1494	6 
1495	28 
1496	42 
1497	34 
1498	31 
1499	46 
1500	50 
1501	18 
1502	74 
1503	40 
1504	42 
1505	86 
1506	82 
1507	46 
1508	46 
1509	20 
1510	46 
1511	37 
1512	50 
1513	77 
1514	57 
1515	4 
1516	4 
1517	34 
1518	37 
1519	24 
1520	23 
1521	24 
1522	49 
1523	87 
1524	72 
1525	4 
1526	80 
1527	17 
1528	66 
1529	30 
1530	47 
1531	52 
1532	48 
1533	88 
1534	77 
1535	71 
1536	3 
1537	16 
1538	9 
1539	2 
1540	46 
1541	48 
1542	4 
1543	77 
1544	20 
1545	61 
1546	3 
1547	78 
1548	34 
1549	85 
1550	6 
1551	64 
1552	22 
1553	20 
1554	86 
1555	29 
1556	42 
1557	61 
1558	23 
1559	31 
1560	37 
1561	34 
1562	78 
1563	82 
1564	35 
1565	19 
1566	46 
1567	1 
1568	39 
1569	27 
1570	15 
1571	74 
1572	44 
1573	21 
1574	15 
1575	34 
1576	89 
1577	42 
1578	56 
1579	60 
1580	27 
1581	43 
1582	43 
1583	67 
1584	67 
1585	6 
1586	38 
1587	39 
1588	87 
1589	70 
1590	9 
1591	36 
1592	77 
1593	19 
1594	3 
1595	61 
1596	82 
1597	33 
1598	65 
1599	12 
1600	20 
1601	68 
1602	66 
1603	71 
1604	24 
1605	76 
1606	87 
1607	5 
1608	34 
1609	52 
1610	9 
1611	27 
1612	71 
1613	83 
1614	3 
1615	14 
1616	61 
1617	60 
1618	51 
1619	59 
1620	18 
1621	29 
1622	5 
1623	89 
1624	34 
1625	46 
1626	12 
1627	53 
1628	60 
1629	60 
1630	71 
1631	78 
1632	55 
1633	21 
1634	33 
1635	34 
1636	39 
1637	37 
1638	58 
1639	37 
1640	1 
1641	67 
1642	79 
1643	78 
1644	79 
1645	34 
1646	71 
1647	50 
1648	88 
1649	42 
1650	28 
1651	60 
1652	55 
1653	34 
1654	46 
1655	10 
1656	3 
1657	16 
1658	41 
1659	10 
1660	54 
1661	76 
1662	10 
1663	86 
1664	21 
1665	80 
1666	85 
1667	27 
1668	30 
1669	15 
1670	43 
1671	24 
1672	6 
1673	55 
1674	71 
1675	54 
1676	73 
1677	74 
1678	77 
1679	74 
1680	63 
1681	77 
1682	23 
1683	80 
1684	66 
1685	14 
1686	59 
1687	79 
1688	6 
1689	38 
1690	17 
1691	81 
1692	16 
1693	30 
1694	57 
1695	68 
1696	59 
1697	43 
1698	80 
1699	27 
1700	18 
1701	49 
1702	26 
1703	25 
1704	57 
1705	10 
1706	80 
1707	63 
1708	48 
1709	77 
1710	25 
1711	48 
1712	56 
1713	55 
1714	72 
1715	27 
1716	73 
1717	37 
1718	15 
1719	80 
1720	4 
1721	52 
1722	6 
1723	65 
1724	13 
1725	35 
1726	53 
1727	11 
1728	81 
1729	48 
1730	12 
1731	1 
1732	9 
1733	77 
1734	86 
1735	71 
1736	89 
1737	36 
1738	82 
1739	59 
1740	35 
1741	22 
1742	62 
1743	37 
1744	4 
1745	31 
1746	54 
1747	24 
1748	23 
1749	22 
1750	34 
1751	70 
1752	55 
1753	16 
1754	49 
1755	55 
1756	81 
1757	77 
1758	12 
1759	20 
1760	9 
1761	44 
1762	56 
1763	11 
1764	22 
1765	8 
1766	30 
1767	14 
1768	19 
1769	53 
1770	22 
1771	44 
1772	52 
1773	73 
1774	49 
1775	5 
1776	59 
1777	32 
1778	80 
1779	40 
1780	76 
1781	77 
1782	42 
1783	74 
1784	13 
1785	8 
1786	42 
1787	9 
1788	35 
1789	7 
1790	25 
1791	70 
1792	65 
1793	22 
1794	32 
1795	34 
1796	36 
1797	84 
1798	3 
1799	67 
1800	6 
1801	48 
1802	67 
1803	17 
1804	9 
1805	31 
1806	35 
1807	81 
1808	25 
1809	32 
1810	29 
1811	83 
1812	11 
1813	72 
1814	59 
1815	66 
1816	12 
1817	68 
1818	41 
1819	58 
1820	50 
1821	16 
1822	85 
1823	15 
1824	53 
1825	46 
1826	59 
1827	75 
1828	55 
1829	71 
1830	64 
1831	35 
1832	5 
1833	22 
1834	14 
1835	78 
1836	30 
1837	77 
1838	62 
1839	2 
1840	89 
1841	12 
1842	58 
1843	73 
1844	5 
1845	31 
1846	52 
1847	62 
1848	46 
1849	49 
1850	89 
1851	13 
1852	26 
1853	5 
1854	23 
1855	29 
1856	47 
1857	86 
1858	55 
1859	76 
1860	11 
1861	53 
1862	52 
1863	20 
1864	37 
1865	55 
1866	37 
1867	30 
1868	67 
1869	2 
1870	46 
1871	30 
1872	9 
1873	61 
1874	70 
1875	3 
1876	10 
1877	65 
1878	28 
1879	70 
1880	39 
1881	57 
1882	75 
1883	88 
1884	60 
1885	8 
1886	41 
1887	59 
1888	4 
1889	86 
1890	89 
1891	27 
1892	17 
1893	72 
1894	40 
1895	1 
1896	80 
1897	18 
1898	76 
1899	65 
1900	30 
1901	24 
1902	67 
1903	26 
1904	77 
1905	2 
1906	17 
1907	50 
1908	26 
1909	68 
1910	62 
1911	36 
1912	36 
1913	43 
1914	80 
1915	60 
1916	28 
1917	17 
1918	14 
1919	62 
1920	71 
1921	36 
1922	51 
1923	64 
1924	83 
1925	86 
1926	32 
1927	38 
1928	16 
1929	21 
1930	34 
1931	55 
1932	40 
1933	12 
1934	37 
1935	63 
1936	64 
1937	78 
1938	9 
1939	4 
1940	57 
1941	59 
1942	52 
1943	89 
1944	56 
1945	77 
1946	38 
1947	13 
1948	53 
1949	14 
1950	50 
1951	59 
1952	53 
1953	88 
1954	60 
1955	32 
1956	74 
1957	58 
1958	36 
1959	57 
1960	61 
1961	31 
1962	55 
1963	76 
1964	72 
1965	8 
1966	4 
1967	84 
1968	34 
1969	83 
1970	40 
1971	24 
1972	18 
1973	79 
1974	39 
1975	52 
1976	80 
1977	2 
1978	2 
1979	65 
1980	23 
1981	42 
1982	43 
1983	2 
1984	58 
1985	77 
1986	31 
1987	11 
1988	28 
1989	20 
1990	64 
1991	51 
1992	89 
1993	13 
1994	69 
1995	77 
1996	54 
1997	32 
1998	87 
1999	77 
2000	50 
2001	83 
2002	73 
2003	51 
2004	64 
2005	57 
2006	88 
2007	40 
2008	7 
2009	22 
2010	86 
2011	64 
2012	46 
2013	89 
2014	13 
2015	43 
2016	28 
2017	50 
2018	84 
2019	38 
2020	78 
2021	18 
2022	36 
2023	47 
2024	37 
2025	71 
2026	10 
2027	65 
2028	48 
2029	7 
2030	4 
2031	56 
2032	1 
2033	37 
2034	57 
2035	62 
2036	81 
2037	37 
2038	17 
2039	31 
2040	70 
2041	65 
2042	3 
2043	35 
2044	80 
2045	56 
2046	1 
2047	28 
2048	70 
2049	6 
2050	67 
2051	86 
2052	83 
2053	82 
2054	33 
2055	46 
2056	33 
2057	47 
2058	82 
2059	60 
2060	87 
2061	80 
2062	31 
2063	12 
2064	25 
2065	27 
2066	33 
2067	31 
2068	78 
2069	4 
2070	86 
2071	55 
2072	35 
2073	77 
2074	6 
2075	66 
2076	78 
2077	14 
2078	38 
2079	9 
2080	76 
2081	86 
2082	84 
2083	46 
2084	39 
2085	45 
2086	21 
2087	22 
2088	77 
2089	80 
2090	88 
2091	12 
2092	32 
2093	45 
2094	30 
2095	28 
2096	19 
2097	81 
2098	29 
2099	31 
2100	75 
2101	60 
2102	77 
2103	43 
2104	73 
2105	1 
2106	55 
2107	87 
2108	25 
2109	23 
2110	31 
2111	22 
2112	35 
2113	6 
2114	4 
2115	4 
2116	35 
2117	30 
2118	8 
2119	89 
2120	57 
2121	12 
2122	74 
2123	66 
2124	54 
2125	6 
2126	29 
2127	25 
2128	87 
2129	12 
2130	80 
2131	34 
2132	74 
2133	67 
2134	9 
2135	54 
2136	54 
2137	27 
2138	61 
2139	8 
2140	30 
2141	52 
2142	72 
2143	75 
2144	39 
2145	61 
2146	59 
2147	47 
2148	64 
2149	58 
2150	44 
2151	67 
2152	27 
2153	55 
2154	53 
2155	29 
2156	28 
2157	74 
2158	39 
2159	72 
2160	71 
2161	17 
2162	2 
2163	21 
2164	85 
2165	1 
2166	27 
2167	55 
2168	35 
2169	58 
2170	78 
2171	70 
2172	51 
2173	74 
2174	24 
2175	8 
2176	26 
2177	49 
2178	37 
2179	38 
2180	77 
2181	43 
2182	25 
2183	34 
2184	53 
2185	32 
2186	17 
2187	18 
2188	20 
2189	60 
2190	38 
2191	28 
2192	75 
2193	24 
2194	46 
2195	53 
2196	1 
2197	50 
2198	8 
2199	36 
2200	14 
2201	13 
2202	52 
2203	81 
2204	22 
2205	30 
2206	78 
2207	34 
2208	76 
2209	42 
2210	8 
2211	29 
2212	86 
2213	56 
2214	8 
2215	65 
2216	67 
2217	12 
2218	62 
2219	76 
2220	49 
2221	9 
2222	45 
2223	6 
2224	70 
2225	49 
2226	86 
2227	77 
2228	20 
2229	37 
2230	67 
2231	40 
2232	76 
2233	13 
2234	65 
2235	71 
2236	63 
2237	10 
2238	31 
2239	27 
2240	69 
2241	23 
2242	62 
2243	10 
2244	43 
2245	3 
2246	41 
2247	77 
2248	22 
2249	69 
2250	87 
2251	70 
2252	9 
2253	37 
2254	8 
2255	27 
2256	37 
2257	8 
2258	20 
2259	44 
2260	4 
2261	12 
2262	29 
2263	51 
2264	81 
2265	12 
2266	49 
2267	88 
2268	50 
2269	86 
2270	1 
2271	74 
2272	47 
2273	88 
2274	17 
2275	66 
2276	50 
2277	63 
2278	78 
2279	65 
2280	63 
2281	38 
2282	72 
2283	71 
2284	70 
2285	24 
2286	56 
2287	78 
2288	68 
2289	32 
2290	80 
2291	77 
2292	36 
2293	82 
2294	58 
2295	1 
2296	60 
2297	15 
2298	41 
2299	42 
2300	9 
2301	10 
2302	14 
2303	4 
2304	1 
2305	41 
2306	50 
2307	35 
2308	64 
2309	54 
2310	55 
2311	77 
2312	23 
2313	78 
2314	7 
2315	48 
2316	64 
2317	65 
2318	17 
2319	68 
2320	52 
2321	84 
2322	35 
2323	50 
2324	75 
2325	40 
2326	11 
2327	75 
2328	31 
2329	11 
2330	25 
2331	73 
2332	12 
2333	16 
2334	58 
2335	8 
2336	65 
2337	34 
2338	63 
2339	45 
2340	62 
2341	36 
2342	55 
2343	8 
2344	80 
2345	39 
2346	32 
2347	23 
2348	65 
2349	13 
2350	6 
2351	27 
2352	89 
2353	6 
2354	83 
2355	15 
2356	2 
2357	23 
2358	41 
2359	24 
2360	73 
2361	17 
2362	8 
2363	84 
2364	32 
2365	69 
2366	76 
2367	21 
2368	21 
2369	25 
2370	6 
2371	7 
2372	54 
2373	43 
2374	38 
2375	33 
2376	86 
2377	56 
2378	13 
2379	80 
2380	87 
2381	4 
2382	55 
2383	19 
2384	31 
2385	39 
2386	78 
2387	51 
2388	3 
2389	36 
2390	40 
2391	58 
2392	57 
2393	65 
2394	39 
2395	47 
2396	6 
2397	37 
2398	4 
2399	19 
2400	34 
2401	18 
2402	50 
2403	67 
2404	58 
2405	11 
2406	27 
2407	46 
2408	74 
2409	35 
2410	42 
2411	8 
2412	69 
2413	84 
2414	25 
2415	38 
2416	50 
2417	58 
2418	18 
2419	55 
2420	85 
2421	45 
2422	5 
2423	56 
2424	70 
2425	1 
2426	9 
2427	19 
2428	39 
2429	25 
2430	27 
2431	6 
2432	64 
2433	37 
2434	12 
2435	82 
2436	63 
2437	11 
2438	6 
2439	75 
2440	66 
2441	84 
2442	52 
2443	30 
2444	6 
2445	20 
2446	56 
2447	22 
2448	44 
2449	59 
2450	60 
2451	38 
2452	53 
2453	26 
2454	20 
2455	8 
2456	64 
2457	74 
2458	70 
2459	8 
2460	8 
2461	2 
2462	54 
2463	57 
2464	83 
2465	69 
2466	7 
2467	32 
2468	37 
2469	57 
2470	89 
2471	59 
2472	6 
2473	79 
2474	66 
2475	58 
2476	42 
2477	63 
2478	29 
2479	56 
2480	65 
2481	32 
2482	33 
2483	79 
2484	69 
2485	12 
2486	34 
2487	17 
2488	24 
2489	56 
2490	33 
2491	72 
2492	44 
2493	68 
2494	60 
2495	75 
2496	4 
2497	36 
2498	73 
2499	8 
2500	66 
2501	50 
2502	20 
2503	56 
2504	43 
2505	88 
2506	27 
2507	18 
2508	2 
2509	55 
2510	85 
2511	70 
2512	31 
2513	26 
2514	45 
2515	37 
2516	47 
2517	34 
2518	5 
2519	89 
2520	50 
2521	27 
2522	13 
2523	68 
2524	25 
2525	53 
2526	38 
2527	19 
2528	23 
2529	37 
2530	44 
2531	8 
2532	10 
2533	3 
2534	24 
2535	71 
2536	76 
2537	54 
2538	66 
2539	73 
2540	72 
2541	22 
2542	3 
2543	11 
2544	33 
2545	64 
2546	14 
2547	60 
2548	33 
2549	26 
2550	32 
2551	87 
2552	32 
2553	34 
2554	8 
2555	49 
2556	26 
2557	31 
2558	26 
2559	35 
2560	49 
2561	18 
2562	52 
2563	81 
2564	76 
2565	36 
2566	2 
2567	16 
2568	19 
2569	45 
2570	78 
2571	85 
2572	49 
2573	62 
2574	87 
2575	21 
2576	39 
2577	6 
2578	89 
2579	75 
2580	37 
2581	71 
2582	30 
2583	55 
2584	26 
2585	4 
2586	86 
2587	13 
2588	78 
2589	17 
2590	23 
2591	59 
2592	75 
2593	9 
2594	78 
2595	17 
2596	40 
2597	62 
2598	4 
2599	43 
2600	23 
2601	43 
2602	68 
2603	56 
2604	86 
2605	30 
2606	29 
2607	71 
2608	86 
2609	60 
2610	84 
2611	17 
2612	45 
2613	34 
2614	15 
2615	84 
2616	45 
2617	47 
2618	62 
2619	67 
2620	27 
2621	80 
2622	20 
2623	61 
2624	12 
2625	30 
2626	21 
2627	52 
2628	12 
2629	43 
2630	74 
2631	77 
2632	60 
2633	63 
2634	81 
2635	3 
2636	54 
2637	73 
2638	27 
2639	3 
2640	76 
2641	86 
2642	41 
2643	25 
2644	21 
2645	45 
2646	8 
2647	20 
2648	34 
2649	46 
2650	40 
2651	22 
2652	22 
2653	57 
2654	86 
2655	83 
2656	64 
2657	53 
2658	74 
2659	73 
2660	47 
2661	29 
2662	84 
2663	81 
2664	33 
2665	3 
2666	83 
2667	59 
2668	85 
2669	45 
2670	9 
2671	75 
2672	1 
2673	28 
2674	62 
2675	58 
2676	6 
2677	14 
2678	23 
2679	23 
2680	60 
2681	22 
2682	34 
2683	30 
2684	47 
2685	4 
2686	39 
2687	72 
2688	6 
2689	57 
2690	36 
2691	3 
2692	9 
2693	12 
2694	41 
2695	83 
2696	13 
2697	57 
2698	84 
2699	29 
2700	55 
2701	6 
2702	5 
2703	5 
2704	49 
2705	56 
2706	56 
2707	47 
2708	41 
2709	28 
2710	10 
2711	63 
2712	45 
2713	10 
2714	42 
2715	3 
2716	44 
2717	15 
2718	61 
2719	27 
2720	4 
2721	53 
2722	73 
2723	80 
2724	65 
2725	49 
2726	35 
2727	70 
2728	29 
2729	48 
2730	1 
2731	82 
2732	37 
2733	54 
2734	81 
2735	23 
2736	82 
2737	65 
2738	59 
2739	53 
2740	56 
2741	7 
2742	5 
2743	10 
2744	70 
2745	75 
2746	18 
2747	79 
2748	87 
2749	68 
2750	68 
2751	63 
2752	61 
2753	61 
2754	64 
2755	72 
2756	29 
2757	61 
2758	44 
2759	23 
2760	10 
2761	78 
2762	81 
2763	87 
2764	51 
2765	59 
2766	80 
2767	72 
2768	84 
2769	48 
2770	82 
2771	75 
2772	29 
2773	27 
2774	29 
2775	23 
2776	72 
2777	56 
2778	33 
2779	72 
2780	28 
2781	8 
2782	34 
2783	54 
2784	2 
2785	9 
2786	9 
2787	88 
2788	22 
2789	9 
2790	13 
2791	6 
2792	82 
2793	25 
2794	3 
2795	14 
2796	16 
2797	46 
2798	76 
2799	31 
2800	59 
2801	37 
2802	75 
2803	19 
2804	57 
2805	73 
2806	40 
2807	58 
2808	80 
2809	34 
2810	32 
2811	9 
2812	49 
2813	88 
2814	6 
2815	77 
2816	71 
2817	79 
2818	26 
2819	42 
2820	20 
2821	18 
2822	46 
2823	34 
2824	27 
2825	56 
2826	30 
2827	64 
2828	21 
2829	84 
2830	71 
2831	48 
2832	83 
2833	2 
2834	22 
2835	21 
2836	46 
2837	8 
2838	62 
2839	50 
2840	64 
2841	67 
2842	51 
2843	50 
2844	85 
2845	68 
2846	2 
2847	68 
2848	87 
2849	67 
2850	79 
2851	74 
2852	28 
2853	29 
2854	81 
2855	35 
2856	86 
2857	55 
2858	72 
2859	86 
2860	32 
2861	45 
2862	4 
2863	30 
2864	20 
2865	55 
2866	2 
2867	44 
2868	22 
2869	35 
2870	73 
2871	60 
2872	88 
2873	72 
2874	19 
2875	70 
2876	67 
2877	88 
2878	49 
2879	42 
2880	77 
2881	47 
2882	66 
2883	76 
2884	30 
2885	44 
2886	6 
2887	6 
2888	14 
2889	80 
2890	16 
2891	47 
2892	50 
2893	44 
2894	46 
2895	81 
2896	6 
2897	16 
2898	23 
2899	63 
2900	28 
2901	89 
2902	25 
2903	89 
2904	29 
2905	11 
2906	67 
2907	7 
2908	25 
2909	60 
2910	32 
2911	19 
2912	86 
2913	18 
2914	46 
2915	60 
2916	10 
2917	69 
2918	83 
2919	52 
2920	49 
2921	39 
2922	77 
2923	69 
2924	74 
2925	5 
2926	10 
2927	3 
2928	81 
2929	4 
2930	48 
2931	53 
2932	32 
2933	76 
2934	79 
2935	42 
2936	25 
2937	40 
2938	20 
2939	51 
2940	70 
2941	81 
2942	55 
2943	14 
2944	1 
2945	6 
2946	28 
2947	43 
2948	32 
2949	51 
2950	79 
2951	85 
2952	59 
2953	59 
2954	1 
2955	75 
2956	37 
2957	64 
2958	82 
2959	7 
2960	66 
2961	37 
2962	21 
2963	25 
2964	12 
2965	73 
2966	87 
2967	41 
2968	8 
2969	38 
2970	34 
2971	69 
2972	76 
2973	25 
2974	32 
2975	67 
2976	84 
2977	20 
2978	49 
2979	29 
2980	19 
2981	61 
2982	78 
2983	13 
2984	25 
2985	34 
2986	36 
2987	76 
2988	14 
2989	74 
2990	51 
2991	36 
2992	61 
2993	47 
2994	14 
2995	54 
2996	31 
2997	75 
2998	84 
2999	29 
3000	40 
3001	55 
3002	28 
3003	72 
3004	12 
3005	1 
3006	74 
3007	35 
3008	5 
3009	24 
3010	36 
3011	46 
3012	34 
3013	80 
3014	31 
3015	54 
3016	62 
3017	20 
3018	16 
3019	67 
3020	82 
3021	55 
3022	71 
3023	82 
3024	38 
3025	11 
3026	58 
3027	19 
3028	85 
3029	12 
3030	58 
3031	70 
3032	61 
3033	73 
3034	55 
3035	8 
3036	61 
3037	46 
3038	13 
3039	19 
3040	74 
3041	21 
3042	78 
3043	9 
3044	13 
3045	50 
3046	4 
3047	63 
3048	5 
3049	80 
3050	49 
3051	64 
3052	34 
3053	19 
3054	70 
3055	59 
3056	78 
3057	48 
3058	51 
3059	74 
3060	49 
3061	37 
3062	5 
3063	11 
3064	8 
3065	78 
3066	72 
3067	49 
3068	69 
3069	25 
3070	22 
3071	58 
3072	53 
3073	51 
3074	80 
3075	86 
3076	11 
3077	16 
3078	7 
3079	56 
3080	6 
3081	12 
3082	51 
3083	5 
3084	75 
3085	46 
3086	22 
3087	17 
3088	54 
3089	80 
3090	71 
3091	62 
3092	29 
3093	79 
3094	16 
3095	85 
3096	18 
3097	20 
3098	83 
3099	37 
3100	32 
3101	1 
3102	53 
3103	81 
3104	62 
3105	88 
3106	39 
3107	49 
3108	44 
3109	46 
3110	39 
3111	24 
3112	49 
3113	67 
3114	7 
3115	21 
3116	65 
3117	35 
3118	37 
3119	29 
3120	25 
3121	34 
3122	69 
3123	47 
3124	27 
3125	7 
3126	87 
3127	33 
3128	53 
3129	4 
3130	84 
3131	55 
3132	62 
3133	33 
3134	3 
3135	3 
3136	20 
3137	88 
3138	1 
3139	46 
3140	55 
3141	85 
3142	6 
3143	12 
3144	47 
3145	80 
3146	35 
3147	86 
3148	1 
3149	87 
3150	24 
3151	74 
3152	54 
3153	56 
3154	72 
3155	65 
3156	16 
3157	84 
3158	60 
3159	8 
3160	87 
3161	19 
3162	66 
3163	34 
3164	46 
3165	42 
3166	8 
3167	68 
3168	5 
3169	68 
3170	82 
3171	22 
3172	85 
3173	20 
3174	58 
3175	58 
3176	3 
3177	75 
3178	16 
3179	85 
3180	36 
3181	13 
3182	74 
3183	22 
3184	70 
3185	16 
3186	4 
3187	24 
3188	6 
3189	21 
3190	56 
3191	52 
3192	35 
3193	79 
3194	78 
3195	81 
3196	17 
3197	42 
3198	50 
3199	64 
3200	8 
3201	61 
3202	88 
3203	29 
3204	40 
3205	39 
3206	70 
3207	86 
3208	10 
3209	46 
3210	38 
3211	19 
3212	29 
3213	81 
3214	45 
3215	28 
3216	67 
3217	65 
3218	54 
3219	26 
3220	78 
3221	32 
3222	31 
3223	8 
3224	16 
3225	15 
3226	9 
3227	19 
3228	20 
3229	4 
3230	82 
3231	12 
3232	55 
3233	83 
3234	55 
3235	14 
3236	85 
3237	52 
3238	19 
3239	32 
3240	48 
3241	57 
3242	76 
3243	8 
3244	47 
3245	23 
3246	51 
3247	34 
3248	28 
3249	59 
3250	83 
3251	68 
3252	56 
3253	84 
3254	71 
3255	3 
3256	37 
3257	6 
3258	45 
3259	72 
3260	56 
3261	76 
3262	57 
3263	62 
3264	52 
3265	67 
3266	55 
3267	33 
3268	86 
3269	53 
3270	71 
3271	65 
3272	15 
3273	74 
3274	56 
3275	28 
3276	72 
3277	19 
3278	79 
3279	83 
3280	31 
3281	39 
3282	47 
3283	14 
3284	33 
3285	37 
3286	20 
3287	78 
3288	21 
3289	49 
3290	19 
3291	22 
3292	71 
3293	58 
3294	85 
3295	70 
3296	71 
3297	19 
3298	23 
3299	42 
3300	58 
3301	42 
3302	56 
3303	59 
3304	63 
3305	69 
3306	47 
3307	57 
3308	49 
3309	42 
3310	76 
3311	78 
3312	5 
3313	19 
3314	59 
3315	53 
3316	39 
3317	50 
3318	29 
3319	65 
3320	47 
3321	27 
3322	82 
3323	73 
3324	5 
3325	46 
3326	33 
3327	46 
3328	10 
3329	49 
3330	76 
3331	85 
3332	66 
3333	70 
3334	58 
3335	30 
3336	52 
3337	59 
3338	27 
3339	58 
3340	2 
3341	82 
3342	82 
3343	54 
3344	70 
3345	14 
3346	84 
3347	78 
3348	46 
3349	31 
3350	76 
3351	76 
3352	22 
3353	71 
3354	27 
3355	51 
3356	39 
3357	4 
3358	89 
3359	86 
3360	14 
3361	87 
3362	71 
3363	37 
3364	36 
3365	67 
3366	14 
3367	70 
3368	84 
3369	43 
3370	72 
3371	21 
3372	43 
3373	23 
3374	29 
3375	5 
3376	36 
3377	18 
3378	88 
3379	83 
3380	38 
3381	69 
3382	16 
3383	20 
3384	39 
3385	28 
3386	76 
3387	49 
3388	36 
3389	56 
3390	33 
3391	34 
3392	65 
3393	29 
3394	72 
3395	22 
3396	80 
3397	69 
3398	85 
3399	28 
3400	39 
3401	14 
3402	17 
3403	18 
3404	71 
3405	46 
3406	14 
3407	57 
3408	83 
3409	73 
3410	23 
3411	61 
3412	19 
3413	12 
3414	41 
3415	17 
3416	88 
3417	44 
3418	7 
3419	30 
3420	89 
3421	24 
3422	54 
3423	57 
3424	5 
3425	1 
3426	34 
3427	64 
3428	53 
3429	53 
3430	75 
3431	28 
3432	73 
3433	75 
3434	37 
3435	71 
3436	51 
3437	66 
3438	52 
3439	82 
3440	8 
3441	32 
3442	58 
3443	68 
3444	25 
3445	6 
3446	65 
3447	28 
3448	27 
3449	41 
3450	71 
3451	59 
3452	65 
3453	20 
3454	74 
3455	3 
3456	2 
3457	34 
3458	23 
3459	77 
3460	41 
3461	69 
3462	45 
3463	71 
3464	63 
3465	82 
3466	57 
3467	79 
3468	89 
3469	36 
3470	29 
3471	84 
3472	81 
3473	29 
3474	36 
3475	31 
3476	70 
3477	83 
3478	52 
3479	28 
3480	40 
3481	29 
3482	69 
3483	46 
3484	12 
3485	51 
3486	76 
3487	13 
3488	79 
3489	10 
3490	36 
3491	76 
3492	77 
3493	55 
3494	18 
3495	8 
3496	24 
3497	52 
3498	56 
3499	42 
3500	54 
3501	66 
3502	66 
3503	81 
3504	67 
3505	64 
3506	44 
3507	7 
3508	81 
3509	41 
3510	39 
3511	62 
3512	51 
3513	19 
3514	71 
3515	25 
3516	88 
3517	75 
3518	53 
3519	5 
3520	7 
3521	11 
3522	39 
3523	72 
3524	39 
3525	66 
3526	52 
3527	7 
3528	57 
3529	86 
3530	59 
3531	84 
3532	71 
3533	23 
3534	24 
3535	80 
3536	61 
3537	76 
3538	42 
3539	6 
3540	80 
3541	70 
3542	75 
3543	83 
3544	74 
3545	20 
3546	27 
3547	35 
3548	30 
3549	28 
3550	72 
3551	52 
3552	53 
3553	39 
3554	5 
3555	10 
3556	24 
3557	29 
3558	32 
3559	8 
3560	31 
3561	8 
3562	4 
3563	62 
3564	25 
3565	25 
3566	83 
3567	36 
3568	50 
3569	43 
3570	16 
3571	68 
3572	24 
3573	40 
3574	84 
3575	43 
3576	50 
3577	30 
3578	31 
3579	73 
3580	1 
3581	42 
3582	80 
3583	34 
3584	4 
3585	76 
3586	56 
3587	86 
3588	25 
3589	42 
3590	14 
3591	46 
3592	25 
3593	46 
3594	87 
3595	4 
3596	10 
3597	5 
3598	86 
3599	28 
3600	12 
3601	6 
3602	31 
3603	16 
3604	2 
3605	76 
3606	10 
3607	14 
3608	16 
3609	40 
3610	32 
3611	83 
3612	2 
3613	53 
3614	34 
3615	32 
3616	37 
3617	78 
3618	60 
3619	79 
3620	66 
3621	68 
3622	72 
3623	27 
3624	81 
3625	81 
3626	81 
3627	68 
3628	65 
3629	76 
3630	66 
3631	28 
3632	14 
3633	27 
3634	58 
3635	42 
3636	55 
3637	12 
3638	66 
3639	84 
3640	67 
3641	64 
3642	18 
3643	20 
3644	57 
3645	9 
3646	38 
3647	27 
3648	38 
3649	55 
3650	1 
3651	62 
3652	35 
3653	42 
3654	28 
3655	13 
3656	12 
3657	72 
3658	10 
3659	30 
3660	15 
3661	70 
3662	27 
3663	52 
3664	49 
3665	42 
3666	55 
3667	42 
3668	82 
3669	85 
3670	86 
3671	17 
3672	8 
3673	5 
3674	77 
3675	30 
3676	42 
3677	86 
3678	29 
3679	47 
3680	89 
3681	29 
3682	53 
3683	73 
3684	64 
3685	29 
3686	9 
3687	80 
3688	36 
3689	6 
3690	79 
3691	25 
3692	41 
3693	19 
3694	15 
3695	16 
3696	6 
3697	75 
3698	87 
3699	40 
3700	48 
3701	34 
3702	39 
3703	45 
3704	6 
3705	34 
3706	2 
3707	45 
3708	56 
3709	7 
3710	17 
3711	17 
3712	24 
3713	71 
3714	63 
3715	65 
3716	24 
3717	12 
3718	2 
3719	46 
3720	87 
3721	76 
3722	86 
3723	1 
3724	34 
3725	42 
3726	65 
3727	62 
3728	13 
3729	27 
3730	4 
3731	27 
3732	18 
3733	65 
3734	43 
3735	39 
3736	22 
3737	7 
3738	60 
3739	85 
3740	15 
3741	62 
3742	64 
3743	87 
3744	55 
3745	36 
3746	72 
3747	53 
3748	84 
3749	12 
3750	70 
3751	7 
3752	21 
3753	38 
3754	59 
3755	86 
3756	75 
3757	27 
3758	2 
3759	80 
3760	76 
3761	60 
3762	50 
3763	76 
3764	73 
3765	14 
3766	36 
3767	14 
3768	81 
3769	67 
3770	7 
3771	74 
3772	85 
3773	83 
3774	73 
3775	49 
3776	68 
3777	31 
3778	36 
3779	4 
3780	21 
3781	43 
3782	32 
3783	33 
3784	6 
3785	40 
3786	35 
3787	29 
3788	6 
3789	32 
3790	78 
3791	35 
3792	2 
3793	54 
3794	33 
3795	86 
3796	20 
3797	31 
3798	75 
3799	67 
3800	42 
3801	34 
3802	44 
3803	22 
3804	46 
3805	74 
3806	36 
3807	70 
3808	19 
3809	60 
3810	38 
3811	56 
3812	25 
3813	52 
3814	70 
3815	83 
3816	29 
3817	56 
3818	83 
3819	36 
3820	82 
3821	78 
3822	51 
3823	5 
3824	61 
3825	61 
3826	62 
3827	26 
3828	64 
3829	72 
3830	49 
3831	28 
3832	57 
3833	85 
3834	72 
3835	6 
3836	35 
3837	57 
3838	24 
3839	24 
3840	10 
3841	21 
3842	61 
3843	82 
3844	30 
3845	28 
3846	65 
3847	64 
3848	61 
3849	43 
3850	86 
3851	39 
3852	73 
3853	70 
3854	79 
3855	62 
3856	13 
3857	79 
3858	32 
3859	45 
3860	73 
3861	75 
3862	44 
3863	24 
3864	65 
3865	11 
3866	86 
3867	84 
3868	59 
3869	29 
3870	34 
3871	82 
3872	59 
3873	41 
3874	64 
3875	70 
3876	20 
3877	79 
3878	43 
3879	54 
3880	18 
3881	18 
3882	6 
3883	29 
3884	59 
3885	77 
3886	81 
3887	59 
3888	56 
3889	15 
3890	42 
3891	55 
3892	16 
3893	83 
3894	77 
3895	27 
3896	26 
3897	45 
3898	16 
3899	11 
3900	12 
3901	88 
3902	32 
3903	33 
3904	19 
3905	14 
3906	73 
3907	68 
3908	84 
3909	77 
3910	25 
3911	84 
3912	44 
3913	11 
3914	80 
3915	42 
3916	11 
3917	77 
3918	79 
3919	77 
3920	23 
3921	8 
3922	55 
3923	78 
3924	35 
3925	65 
3926	39 
3927	24 
3928	85 
3929	30 
3930	20 
3931	41 
3932	37 
3933	67 
3934	46 
3935	60 
3936	89 
3937	39 
3938	84 
3939	25 
3940	40 
3941	62 
3942	59 
3943	80 
3944	83 
3945	30 
3946	34 
3947	71 
3948	20 
3949	84 
3950	24 
3951	57 
3952	88 
3953	71 
3954	23 
3955	34 
3956	71 
3957	82 
3958	70 
3959	42 
3960	1 
3961	60 
3962	55 
3963	55 
3964	5 
3965	33 
3966	55 
3967	4 
3968	57 
3969	33 
3970	65 
3971	41 
3972	66 
3973	74 
3974	80 
3975	76 
3976	17 
3977	15 
3978	64 
3979	60 
3980	89 
3981	85 
3982	26 
3983	66 
3984	50 
3985	19 
3986	37 
3987	63 
3988	66 
3989	17 
3990	23 
3991	34 
3992	36 
3993	55 
3994	79 
3995	75 
3996	73 
3997	58 
3998	89 
3999	45 
4000	11 
4001	21 
4002	23 
4003	55 
4004	67 
4005	59 
4006	59 
4007	43 
4008	28 
4009	32 
4010	70 
4011	88 
4012	76 
4013	43 
4014	12 
4015	17 
4016	78 
4017	65 
4018	16 
4019	15 
4020	56 
4021	51 
4022	44 
4023	65 
4024	70 
4025	29 
4026	38 
4027	37 
4028	88 
4029	48 
4030	15 
4031	40 
4032	48 
4033	63 
4034	61 
4035	22 
4036	5 
4037	26 
4038	16 
4039	22 
4040	85 
4041	13 
4042	55 
4043	64 
4044	69 
4045	46 
4046	18 
4047	44 
4048	1 
4049	75 
4050	22 
4051	53 
4052	41 
4053	52 
4054	47 
4055	76 
4056	39 
4057	84 
4058	64 
4059	81 
4060	13 
4061	47 
4062	18 
4063	12 
4064	72 
4065	49 
4066	38 
4067	58 
4068	55 
4069	21 
4070	23 
4071	36 
4072	8 
4073	57 
4074	22 
4075	34 
4076	42 
4077	41 
4078	19 
4079	39 
4080	1 
4081	60 
4082	29 
4083	21 
4084	73 
4085	52 
4086	80 
4087	69 
4088	57 
4089	45 
4090	85 
4091	71 
4092	73 
4093	59 
4094	18 
4095	69 
4096	46 
4097	71 
4098	38 
4099	84 
4100	69 
4101	37 
4102	66 
4103	62 
4104	57 
4105	13 
4106	69 
4107	1 
4108	46 
4109	45 
4110	19 
4111	32 
4112	47 
4113	71 
4114	21 
4115	77 
4116	29 
4117	76 
4118	57 
4119	43 
4120	59 
4121	33 
4122	29 
4123	2 
4124	72 
4125	83 
4126	54 
4127	35 
4128	45 
4129	70 
4130	15 
4131	35 
4132	76 
4133	39 
4134	14 
4135	82 
4136	40 
4137	1 
4138	36 
4139	64 
4140	21 
4141	50 
4142	14 
4143	71 
4144	76 
4145	22 
4146	33 
4147	8 
4148	42 
4149	25 
4150	33 
4151	45 
4152	21 
4153	13 
4154	80 
4155	55 
4156	8 
4157	30 
4158	84 
4159	21 
4160	25 
4161	46 
4162	78 
4163	70 
4164	31 
4165	84 
4166	59 
4167	55 
4168	51 
4169	66 
4170	59 
4171	54 
4172	49 
4173	49 
4174	30 
4175	78 
4176	27 
4177	48 
4178	15 
4179	54 
4180	1 
4181	74 
4182	7 
4183	60 
4184	10 
4185	75 
4186	6 
4187	13 
4188	28 
4189	45 
4190	67 
4191	36 
4192	55 
4193	14 
4194	82 
4195	77 
4196	39 
4197	76 
4198	32 
4199	22 
4200	44 
4201	37 
4202	75 
4203	81 
4204	51 
4205	15 
4206	53 
4207	73 
4208	37 
4209	63 
4210	36 
4211	55 
4212	20 
4213	67 
4214	85 
4215	71 
4216	50 
4217	82 
4218	13 
4219	68 
4220	50 
4221	79 
4222	79 
4223	84 
4224	65 
4225	77 
4226	72 
4227	38 
4228	31 
4229	80 
4230	24 
4231	29 
4232	5 
4233	13 
4234	42 
4235	25 
4236	56 
4237	19 
4238	80 
4239	16 
4240	7 
4241	55 
4242	3 
4243	34 
4244	46 
4245	6 
4246	68 
4247	51 
4248	48 
4249	12 
4250	69 
4251	32 
4252	39 
4253	4 
4254	47 
4255	50 
4256	53 
4257	85 
4258	58 
4259	72 
4260	78 
4261	14 
4262	6 
4263	64 
4264	51 
4265	41 
4266	73 
4267	85 
4268	43 
4269	12 
4270	49 
4271	31 
4272	50 
4273	22 
4274	47 
4275	24 
4276	7 
4277	72 
4278	26 
4279	79 
4280	14 
4281	8 
4282	28 
4283	84 
4284	72 
4285	2 
4286	84 
4287	73 
4288	62 
4289	25 
4290	29 
4291	88 
4292	27 
4293	65 
4294	28 
4295	25 
4296	8 
4297	14 
4298	22 
4299	31 
4300	52 
4301	54 
4302	61 
4303	59 
4304	69 
4305	9 
4306	27 
4307	82 
4308	22 
4309	42 
4310	88 
4311	24 
4312	86 
4313	40 
4314	46 
4315	22 
4316	8 
4317	52 
4318	46 
4319	44 
4320	7 
4321	2 
4322	38 
4323	23 
4324	25 
4325	29 
4326	79 
4327	39 
4328	76 
4329	57 
4330	65 
4331	59 
4332	78 
4333	36 
4334	16 
4335	29 
4336	89 
4337	28 
4338	44 
4339	10 
4340	78 
4341	27 
4342	23 
4343	36 
4344	76 
4345	36 
4346	69 
4347	57 
4348	47 
4349	57 
4350	80 
4351	12 
4352	53 
4353	14 
4354	82 
4355	88 
4356	41 
4357	60 
4358	35 
4359	80 
4360	29 
4361	80 
4362	75 
4363	48 
4364	77 
4365	4 
4366	81 
4367	81 
4368	77 
4369	50 
4370	71 
4371	80 
4372	55 
4373	23 
4374	58 
4375	27 
4376	66 
4377	8 
4378	58 
4379	48 
4380	2 
4381	4 
4382	68 
4383	84 
4384	87 
4385	63 
4386	66 
4387	24 
4388	63 
4389	80 
4390	63 
4391	4 
4392	61 
4393	71 
4394	48 
4395	72 
4396	4 
4397	85 
4398	42 
4399	36 
4400	83 
4401	71 
4402	87 
4403	32 
4404	15 
4405	18 
4406	82 
4407	58 
4408	72 
4409	6 
4410	39 
4411	29 
4412	51 
4413	76 
4414	63 
4415	62 
4416	25 
4417	52 
4418	4 
4419	68 
4420	51 
4421	9 
4422	30 
4423	4 
4424	29 
4425	48 
4426	87 
4427	72 
4428	38 
4429	61 
4430	72 
4431	10 
4432	18 
4433	18 
4434	22 
4435	41 
4436	13 
4437	47 
4438	74 
4439	76 
4440	37 
4441	73 
4442	55 
4443	65 
4444	43 
4445	49 
4446	58 
4447	22 
4448	53 
4449	35 
4450	75 
4451	3 
4452	89 
4453	83 
4454	38 
4455	77 
4456	32 
4457	5 
4458	48 
4459	41 
4460	66 
4461	26 
4462	17 
4463	40 
4464	70 
4465	68 
4466	69 
4467	49 
4468	57 
4469	52 
4470	70 
4471	37 
4472	2 
4473	77 
4474	46 
4475	13 
4476	72 
4477	71 
4478	19 
4479	41 
4480	54 
4481	58 
4482	71 
4483	30 
4484	74 
4485	12 
4486	6 
4487	34 
4488	57 
4489	63 
4490	21 
4491	82 
4492	37 
4493	67 
4494	17 
4495	82 
4496	26 
4497	24 
4498	42 
4499	51 
4500	30 
4501	64 
4502	71 
4503	45 
4504	27 
4505	55 
4506	24 
4507	47 
4508	58 
4509	4 
4510	27 
4511	53 
4512	30 
4513	16 
4514	28 
4515	32 
4516	86 
4517	61 
4518	74 
4519	54 
4520	89 
4521	4 
4522	44 
4523	57 
4524	69 
4525	81 
4526	39 
4527	46 
4528	32 
4529	21 
4530	9 
4531	87 
4532	27 
4533	13 
4534	70 
4535	38 
4536	41 
4537	10 
4538	23 
4539	32 
4540	79 
4541	85 
4542	80 
4543	60 
4544	5 
4545	87 
4546	66 
4547	37 
4548	3 
4549	41 
4550	50 
4551	3 
4552	24 
4553	1 
4554	8 
4555	77 
4556	64 
4557	85 
4558	25 
4559	11 
4560	4 
4561	82 
4562	70 
4563	14 
4564	81 
4565	28 
4566	53 
4567	42 
4568	48 
4569	71 
4570	2 
4571	20 
4572	31 
4573	45 
4574	9 
4575	43 
4576	20 
4577	11 
4578	54 
4579	70 
4580	18 
4581	77 
4582	50 
4583	35 
4584	34 
4585	82 
4586	6 
4587	47 
4588	70 
4589	46 
4590	83 
4591	79 
4592	78 
4593	11 
4594	35 
4595	8 
4596	59 
4597	75 
4598	25 
4599	78 
4600	69 
4601	35 
4602	64 
4603	54 
4604	47 
4605	4 
4606	31 
4607	21 
4608	70 
4609	36 
4610	87 
4611	9 
4612	20 
4613	57 
4614	82 
4615	36 
4616	50 
4617	16 
4618	29 
4619	85 
4620	32 
4621	44 
4622	33 
4623	47 
4624	67 
4625	55 
4626	4 
4627	81 
4628	64 
4629	28 
4630	11 
4631	35 
4632	53 
4633	15 
4634	42 
4635	11 
4636	84 
4637	23 
4638	40 
4639	29 
4640	22 
4641	64 
4642	4 
4643	69 
4644	70 
4645	80 
4646	78 
4647	29 
4648	71 
4649	74 
4650	44 
4651	38 
4652	15 
4653	85 
4654	10 
4655	21 
4656	12 
4657	33 
4658	44 
4659	8 
4660	5 
4661	42 
4662	41 
4663	47 
4664	11 
4665	84 
4666	29 
4667	42 
4668	25 
4669	80 
4670	29 
4671	24 
4672	24 
4673	14 
4674	85 
4675	27 
4676	49 
4677	31 
4678	79 
4679	71 
4680	42 
4681	66 
4682	85 
4683	10 
4684	79 
4685	50 
4686	86 
4687	1 
4688	29 
4689	34 
4690	27 
4691	79 
4692	32 
4693	24 
4694	26 
4695	84 
4696	24 
4697	77 
4698	4 
4699	23 
4700	9 
4701	44 
4702	43 
4703	34 
4704	65 
4705	54 
4706	40 
4707	56 
4708	37 
4709	46 
4710	68 
4711	80 
4712	35 
4713	8 
4714	79 
4715	56 
4716	12 
4717	51 
4718	47 
4719	5 
4720	4 
4721	22 
4722	62 
4723	4 
4724	45 
4725	65 
4726	50 
4727	29 
4728	14 
4729	1 
4730	23 
4731	79 
4732	82 
4733	76 
4734	36 
4735	19 
4736	29 
4737	74 
4738	43 
4739	24 
4740	34 
4741	1 
4742	67 
4743	15 
4744	72 
4745	35 
4746	65 
4747	68 
4748	71 
4749	77 
4750	67 
4751	80 
4752	46 
4753	26 
4754	77 
4755	49 
4756	53 
4757	74 
4758	26 
4759	34 
4760	63 
4761	12 
4762	5 
4763	6 
4764	78 
4765	71 
4766	5 
4767	69 
4768	68 
4769	41 
4770	50 
4771	25 
4772	45 
4773	34 
4774	36 
4775	10 
4776	25 
4777	68 
4778	77 
4779	42 
4780	57 
4781	55 
4782	6 
4783	23 
4784	37 
4785	62 
4786	16 
4787	81 
4788	37 
4789	27 
4790	15 
4791	8 
4792	86 
4793	39 
4794	45 
4795	81 
4796	65 
4797	66 
4798	80 
4799	35 
4800	37 
4801	31 
4802	10 
4803	53 
4804	34 
4805	61 
4806	17 
4807	80 
4808	24 
4809	72 
4810	82 
4811	51 
4812	52 
4813	22 
4814	22 
4815	78 
4816	58 
4817	44 
4818	28 
4819	85 
4820	79 
4821	1 
4822	77 
4823	67 
4824	38 
4825	10 
4826	81 
4827	56 
4828	8 
4829	7 
4830	11 
4831	76 
4832	50 
4833	74 
4834	46 
4835	15 
4836	13 
4837	6 
4838	39 
4839	38 
4840	8 
4841	86 
4842	38 
4843	72 
4844	29 
4845	4 
4846	34 
4847	78 
4848	42 
4849	49 
4850	17 
4851	44 
4852	55 
4853	80 
4854	80 
4855	88 
4856	37 
4857	50 
4858	22 
4859	81 
4860	12 
4861	58 
4862	26 
4863	41 
4864	15 
4865	43 
4866	78 
4867	13 
4868	37 
4869	24 
4870	53 
4871	37 
4872	74 
4873	38 
4874	70 
4875	58 
4876	51 
4877	80 
4878	66 
4879	46 
4880	65 
4881	63 
4882	47 
4883	81 
4884	15 
4885	23 
4886	62 
4887	76 
4888	57 
4889	15 
4890	20 
4891	8 
4892	25 
4893	74 
4894	63 
4895	26 
4896	83 
4897	25 
4898	86 
4899	2 
4900	11 
4901	76 
4902	16 
4903	82 
4904	6 
4905	25 
4906	8 
4907	9 
4908	56 
4909	32 
4910	21 
4911	47 
4912	55 
4913	59 
4914	50 
4915	74 
4916	19 
4917	63 
4918	72 
4919	45 
4920	89 
4921	64 
4922	9 
4923	31 
4924	14 
4925	82 
4926	77 
4927	20 
4928	80 
4929	22 
4930	22 
4931	15 
4932	36 
4933	20 
4934	60 
4935	67 
4936	76 
4937	57 
4938	59 
4939	48 
4940	83 
4941	72 
4942	22 
4943	82 
4944	58 
4945	79 
4946	36 
4947	11 
4948	59 
4949	37 
4950	82 
4951	73 
4952	3 
4953	36 
4954	23 
4955	30 
4956	77 
4957	52 
4958	37 
4959	68 
4960	14 
4961	69 
4962	65 
4963	1 
4964	76 
4965	32 
4966	28 
4967	48 
4968	27 
4969	63 
4970	67 
4971	20 
4972	17 
4973	16 
4974	86 
4975	50 
4976	69 
4977	20 
4978	10 
4979	86 
4980	50 
4981	20 
4982	73 
4983	15 
4984	20 
4985	59 
4986	2 
4987	79 
4988	34 
4989	73 
4990	81 
4991	20 
4992	49 
4993	87 
4994	68 
4995	29 
4996	39 
4997	1 
4998	25 
4999	70 
5000	2 
5001	86 
5002	16 
5003	71 
5004	65 
5005	78 
5006	76 
5007	51 
5008	25 
5009	35 
5010	14 
5011	76 
5012	6 
5013	65 
5014	10 
5015	77 
5016	65 
5017	31 
5018	26 
5019	13 
5020	53 
5021	47 
5022	41 
5023	75 
5024	4 
5025	65 
5026	6 
5027	76 
5028	25 
5029	68 
5030	86 
5031	16 
5032	1 
5033	23 
5034	30 
5035	11 
5036	87 
5037	51 
5038	55 
5039	42 
5040	58 
5041	20 
5042	45 
5043	80 
5044	14 
5045	79 
5046	48 
5047	57 
5048	49 
5049	31 
5050	13 
5051	52 
5052	66 
5053	39 
5054	87 
5055	42 
5056	55 
5057	20 
5058	86 
5059	45 
5060	49 
5061	58 
5062	49 
5063	89 
5064	27 
5065	57 
5066	8 
5067	21 
5068	81 
5069	59 
5070	70 
5071	63 
5072	84 
5073	58 
5074	37 
5075	89 
5076	46 
5077	70 
5078	76 
5079	53 
5080	18 
5081	40 
5082	70 
5083	22 
5084	4 
5085	55 
5086	70 
5087	43 
5088	64 
5089	67 
5090	87 
5091	33 
5092	13 
5093	79 
5094	82 
5095	72 
5096	65 
5097	46 
5098	5 
5099	22 
5100	80 
5101	75 
5102	32 
5103	58 
5104	34 
5105	19 
5106	80 
5107	39 
5108	72 
5109	28 
5110	36 
5111	20 
5112	88 
5113	59 
5114	87 
5115	14 
5116	66 
5117	18 
5118	18 
5119	39 
5120	65 
5121	86 
5122	14 
5123	82 
5124	58 
5125	85 
5126	9 
5127	34 
5128	60 
5129	9 
5130	60 
5131	67 
5132	58 
5133	44 
5134	84 
5135	49 
5136	19 
5137	45 
5138	41 
5139	70 
5140	37 
5141	87 
5142	87 
5143	45 
5144	45 
5145	31 
5146	70 
5147	40 
5148	14 
5149	68 
5150	42 
5151	10 
5152	49 
5153	19 
5154	31 
5155	60 
5156	59 
5157	20 
5158	11 
5159	38 
5160	78 
5161	52 
5162	37 
5163	10 
5164	11 
5165	3 
5166	26 
5167	80 
5168	21 
5169	6 
5170	50 
5171	30 
5172	32 
5173	67 
5174	12 
5175	52 
5176	43 
5177	64 
5178	4 
5179	78 
5180	85 
5181	38 
5182	78 
5183	45 
5184	7 
5185	88 
5186	82 
5187	30 
5188	15 
5189	35 
5190	88 
5191	60 
5192	75 
5193	81 
5194	63 
5195	56 
5196	81 
5197	77 
5198	19 
5199	80 
5200	30 
5201	12 
5202	27 
5203	79 
5204	7 
5205	67 
5206	47 
5207	1 
5208	78 
5209	10 
5210	70 
5211	38 
5212	80 
5213	42 
5214	12 
5215	27 
5216	84 
5217	68 
5218	23 
5219	6 
5220	71 
5221	38 
5222	1 
5223	77 
5224	13 
5225	26 
5226	83 
5227	37 
5228	34 
5229	27 
5230	76 
5231	14 
5232	51 
5233	38 
5234	51 
5235	67 
5236	71 
5237	76 
5238	52 
5239	39 
5240	26 
5241	29 
5242	32 
5243	55 
5244	73 
5245	72 
5246	43 
5247	66 
5248	26 
5249	5 
5250	60 
5251	37 
5252	82 
5253	3 
5254	8 
5255	15 
5256	39 
5257	67 
5258	81 
5259	81 
5260	54 
5261	29 
5262	10 
5263	66 
5264	82 
5265	63 
5266	76 
5267	36 
5268	58 
5269	57 
5270	50 
5271	58 
5272	30 
5273	29 
5274	48 
5275	73 
5276	73 
5277	46 
5278	77 
5279	70 
5280	13 
5281	69 
5282	25 
5283	6 
5284	32 
5285	59 
5286	21 
5287	80 
5288	76 
5289	5 
5290	2 
5291	2 
5292	27 
5293	52 
5294	66 
5295	17 
5296	85 
5297	54 
5298	7 
5299	32 
5300	83 
5301	43 
5302	56 
5303	85 
5304	16 
5305	22 
5306	89 
5307	56 
5308	85 
5309	66 
5310	71 
5311	75 
5312	82 
5313	39 
5314	58 
5315	83 
5316	56 
5317	15 
5318	51 
5319	35 
5320	73 
5321	72 
5322	4 
5323	5 
5324	73 
5325	6 
5326	30 
5327	65 
5328	22 
5329	49 
5330	25 
5331	72 
5332	21 
5333	43 
5334	16 
5335	23 
5336	72 
5337	28 
5338	10 
5339	85 
5340	85 
5341	4 
5342	16 
5343	41 
5344	70 
5345	38 
5346	65 
5347	40 
5348	45 
5349	34 
5350	23 
5351	37 
5352	42 
5353	74 
5354	49 
5355	38 
5356	59 
5357	72 
5358	54 
5359	22 
5360	60 
5361	83 
5362	85 
5363	16 
5364	20 
5365	7 
5366	6 
5367	14 
5368	78 
5369	56 
5370	2 
5371	56 
5372	20 
5373	65 
5374	34 
5375	39 
5376	18 
5377	61 
5378	3 
5379	30 
5380	18 
5381	35 
5382	55 
5383	50 
5384	81 
5385	10 
5386	10 
5387	23 
5388	44 
5389	47 
5390	34 
5391	37 
5392	71 
5393	8 
5394	36 
5395	27 
5396	77 
5397	31 
5398	45 
5399	3 
5400	46 
5401	65 
5402	67 
5403	36 
5404	27 
5405	33 
5406	70 
5407	36 
5408	22 
5409	67 
5410	12 
5411	50 
5412	82 
5413	65 
5414	28 
5415	4 
5416	58 
5417	77 
5418	77 
5419	33 
5420	4 
5421	16 
5422	28 
5423	19 
5424	73 
5425	5 
5426	26 
5427	87 
5428	70 
5429	83 
5430	72 
5431	12 
5432	41 
5433	62 
5434	5 
5435	84 
5436	55 
5437	68 
5438	83 
5439	55 
5440	58 
5441	76 
5442	72 
5443	36 
5444	66 
5445	45 
5446	41 
5447	35 
5448	79 
5449	28 
5450	88 
5451	71 
5452	10 
5453	52 
5454	25 
5455	33 
5456	38 
5457	71 
5458	44 
5459	23 
5460	5 
5461	2 
5462	32 
5463	86 
5464	18 
5465	13 
5466	49 
5467	8 
5468	33 
5469	50 
5470	73 
5471	32 
5472	37 
5473	61 
5474	66 
5475	10 
5476	69 
5477	37 
5478	14 
5479	28 
5480	20 
5481	61 
5482	80 
5483	40 
5484	37 
5485	17 
5486	4 
5487	75 
5488	43 
5489	8 
5490	56 
5491	68 
5492	2 
5493	62 
5494	6 
5495	5 
5496	34 
5497	15 
5498	12 
5499	53 
5500	5 
5501	54 
5502	17 
5503	41 
5504	57 
5505	40 
5506	49 
5507	18 
5508	40 
5509	82 
5510	28 
5511	47 
5512	19 
5513	67 
5514	59 
5515	32 
5516	36 
5517	89 
5518	13 
5519	15 
5520	10 
5521	58 
5522	49 
5523	66 
5524	17 
5525	42 
5526	11 
5527	49 
5528	83 
5529	39 
5530	54 
5531	16 
5532	52 
5533	5 
5534	84 
5535	81 
5536	46 
5537	3 
5538	84 
5539	83 
5540	16 
5541	34 
5542	73 
5543	16 
5544	36 
5545	12 
5546	75 
5547	45 
5548	78 
5549	9 
5550	20 
5551	89 
5552	66 
5553	55 
5554	43 
5555	1 
5556	44 
5557	34 
5558	80 
5559	34 
5560	82 
5561	35 
5562	42 
5563	83 
5564	22 
5565	65 
5566	83 
5567	32 
5568	44 
5569	28 
5570	8 
5571	47 
5572	38 
5573	20 
5574	70 
5575	83 
5576	26 
5577	1 
5578	57 
5579	80 
5580	19 
5581	88 
5582	61 
5583	83 
5584	86 
5585	36 
5586	86 
5587	56 
5588	64 
5589	3 
5590	29 
5591	15 
5592	17 
5593	30 
5594	18 
5595	24 
5596	25 
5597	20 
5598	65 
5599	47 
5600	70 
5601	77 
5602	29 
5603	7 
5604	50 
5605	38 
5606	66 
5607	57 
5608	25 
5609	56 
5610	74 
5611	28 
5612	59 
5613	73 
5614	14 
5615	31 
5616	51 
5617	82 
5618	8 
5619	77 
5620	47 
5621	20 
5622	31 
5623	28 
5624	53 
5625	7 
5626	68 
5627	57 
5628	28 
5629	50 
5630	8 
5631	6 
5632	23 
5633	35 
5634	43 
5635	88 
5636	67 
5637	40 
5638	77 
5639	18 
5640	12 
5641	21 
5642	65 
5643	42 
5644	6 
5645	79 
5646	12 
5647	50 
5648	15 
5649	54 
5650	33 
5651	78 
5652	20 
5653	2 
5654	86 
5655	84 
5656	46 
5657	3 
5658	10 
5659	42 
5660	55 
5661	89 
5662	1 
5663	89 
5664	85 
5665	73 
5666	12 
5667	46 
5668	18 
5669	18 
5670	53 
5671	34 
5672	75 
5673	81 
5674	23 
5675	28 
5676	63 
5677	50 
5678	20 
5679	69 
5680	86 
5681	49 
5682	89 
5683	3 
5684	85 
5685	29 
5686	28 
5687	6 
5688	15 
5689	85 
5690	30 
5691	24 
5692	41 
5693	55 
5694	72 
5695	56 
5696	24 
5697	86 
5698	24 
5699	65 
5700	5 
5701	81 
5702	21 
5703	17 
5704	55 
5705	36 
5706	87 
5707	37 
5708	43 
5709	74 
5710	33 
5711	73 
5712	66 
5713	58 
5714	48 
5715	12 
5716	55 
5717	38 
5718	5 
5719	4 
5720	3 
5721	61 
5722	17 
5723	32 
5724	36 
5725	14 
5726	37 
5727	29 
5728	47 
5729	21 
5730	35 
5731	22 
5732	56 
5733	89 
5734	65 
5735	83 
5736	79 
5737	40 
5738	54 
5739	76 
5740	68 
5741	50 
5742	43 
5743	64 
5744	16 
5745	15 
5746	30 
5747	14 
5748	47 
5749	66 
5750	64 
5751	67 
5752	66 
5753	33 
5754	17 
5755	53 
5756	18 
5757	69 
5758	48 
5759	81 
5760	6 
5761	85 
5762	5 
5763	17 
5764	87 
5765	34 
5766	69 
5767	64 
5768	26 
5769	3 
5770	42 
5771	27 
5772	72 
5773	54 
5774	15 
5775	8 
5776	38 
5777	28 
5778	59 
5779	73 
5780	39 
5781	10 
5782	81 
5783	62 
5784	15 
5785	29 
5786	42 
5787	25 
5788	85 
5789	83 
5790	76 
5791	34 
5792	87 
5793	52 
5794	19 
5795	71 
5796	86 
5797	84 
5798	76 
5799	22 
5800	81 
5801	13 
5802	22 
5803	5 
5804	20 
5805	49 
5806	63 
5807	4 
5808	53 
5809	82 
5810	66 
5811	3 
5812	5 
5813	51 
5814	32 
5815	77 
5816	71 
5817	76 
5818	74 
5819	12 
5820	89 
5821	59 
5822	68 
5823	51 
5824	6 
5825	11 
5826	76 
5827	62 
5828	58 
5829	19 
5830	41 
5831	41 
5832	31 
5833	50 
5834	82 
5835	6 
5836	29 
5837	46 
5838	5 
5839	34 
5840	34 
5841	3 
5842	77 
5843	25 
5844	12 
5845	16 
5846	11 
5847	25 
5848	53 
5849	77 
5850	73 
5851	22 
5852	62 
5853	61 
5854	88 
5855	34 
5856	82 
5857	28 
5858	45 
5859	18 
5860	52 
5861	69 
5862	70 
5863	32 
5864	67 
5865	6 
5866	76 
5867	50 
5868	12 
5869	49 
5870	70 
5871	43 
5872	12 
5873	57 
5874	10 
5875	41 
5876	37 
5877	22 
5878	79 
5879	82 
5880	1 
5881	44 
5882	65 
5883	1 
5884	68 
5885	65 
5886	36 
5887	63 
5888	50 
5889	80 
5890	34 
5891	10 
5892	21 
5893	66 
5894	1 
5895	24 
5896	89 
5897	42 
5898	39 
5899	73 
5900	75 
5901	46 
5902	58 
5903	37 
5904	45 
5905	82 
5906	61 
5907	29 
5908	74 
5909	3 
5910	42 
5911	73 
5912	78 
5913	7 
5914	24 
5915	62 
5916	86 
5917	63 
5918	27 
5919	2 
5920	67 
5921	29 
5922	77 
5923	21 
5924	56 
5925	32 
5926	12 
5927	9 
5928	46 
5929	38 
5930	51 
5931	13 
5932	34 
5933	48 
5934	70 
5935	83 
5936	2 
5937	29 
5938	70 
5939	27 
5940	3 
5941	83 
5942	29 
5943	83 
5944	65 
5945	70 
5946	39 
5947	65 
5948	78 
5949	85 
5950	29 
5951	86 
5952	22 
5953	50 
5954	61 
5955	84 
5956	12 
5957	38 
5958	86 
5959	70 
5960	51 
5961	55 
5962	80 
5963	30 
5964	55 
5965	64 
5966	3 
5967	41 
5968	7 
5969	55 
5970	49 
5971	6 
5972	64 
5973	58 
5974	71 
5975	8 
5976	41 
5977	17 
5978	16 
5979	35 
5980	55 
5981	70 
5982	27 
5983	69 
5984	81 
5985	76 
5986	74 
5987	57 
5988	89 
5989	17 
5990	45 
5991	85 
5992	64 
5993	9 
5994	75 
5995	19 
5996	18 
5997	19 
5998	75 
5999	21 
6000	72 
6001	71 
6002	38 
6003	71 
6004	87 
6005	35 
6006	46 
6007	84 
6008	12 
6009	49 
6010	50 
6011	86 
6012	18 
6013	28 
6014	6 
6015	8 
6016	69 
6017	27 
6018	6 
6019	72 
6020	78 
6021	79 
6022	10 
6023	38 
6024	45 
6025	13 
6026	45 
6027	77 
6028	77 
6029	29 
6030	23 
6031	53 
6032	44 
6033	27 
6034	7 
6035	6 
6036	54 
6037	84 
6038	33 
6039	41 
6040	54 
6041	75 
6042	80 
6043	78 
6044	68 
6045	40 
6046	66 
6047	68 
6048	26 
6049	21 
6050	72 
6051	82 
6052	25 
6053	48 
6054	51 
6055	82 
6056	85 
6057	88 
6058	51 
6059	83 
6060	72 
6061	74 
6062	76 
6063	12 
6064	88 
6065	68 
6066	78 
6067	9 
6068	33 
6069	5 
6070	87 
6071	56 
6072	55 
6073	28 
6074	69 
6075	21 
6076	54 
6077	71 
6078	52 
6079	12 
6080	33 
6081	47 
6082	76 
6083	50 
6084	35 
6085	81 
6086	8 
6087	84 
6088	43 
6089	51 
6090	19 
6091	80 
6092	67 
6093	28 
6094	42 
6095	81 
6096	54 
6097	53 
6098	3 
6099	66 
6100	55 
6101	51 
6102	59 
6103	53 
6104	14 
6105	27 
6106	46 
6107	34 
6108	81 
6109	60 
6110	11 
6111	65 
6112	81 
6113	60 
6114	37 
6115	19 
6116	71 
6117	45 
6118	34 
6119	24 
6120	62 
6121	76 
6122	13 
6123	86 
6124	30 
6125	66 
6126	14 
6127	62 
6128	48 
6129	75 
6130	5 
6131	45 
6132	27 
6133	66 
6134	8 
6135	81 
6136	41 
6137	29 
6138	66 
6139	37 
6140	75 
6141	73 
6142	16 
6143	71 
6144	28 
6145	80 
6146	84 
6147	60 
6148	68 
6149	54 
6150	69 
6151	46 
6152	75 
6153	10 
6154	16 
6155	53 
6156	35 
6157	39 
6158	34 
6159	13 
6160	40 
6161	6 
6162	2 
6163	4 
6164	75 
6165	70 
6166	50 
6167	76 
6168	17 
6169	54 
6170	86 
6171	5 
6172	5 
6173	70 
6174	5 
6175	84 
6176	68 
6177	46 
6178	68 
6179	73 
6180	40 
6181	13 
6182	57 
6183	67 
6184	44 
6185	66 
6186	30 
6187	57 
6188	10 
6189	21 
6190	79 
6191	73 
6192	17 
6193	16 
6194	78 
6195	77 
6196	67 
6197	64 
6198	36 
6199	61 
6200	44 
6201	21 
6202	59 
6203	29 
6204	14 
6205	83 
6206	84 
6207	81 
6208	29 
6209	30 
6210	20 
6211	16 
6212	7 
6213	72 
6214	72 
6215	79 
6216	7 
6217	48 
6218	77 
6219	63 
6220	77 
6221	20 
6222	15 
6223	30 
6224	59 
6225	23 
6226	70 
6227	40 
6228	47 
6229	68 
6230	38 
6231	70 
6232	86 
6233	89 
6234	13 
6235	86 
6236	89 
6237	53 
6238	51 
6239	32 
6240	79 
6241	68 
6242	35 
6243	4 
6244	55 
6245	75 
6246	47 
6247	38 
6248	22 
6249	2 
6250	34 
6251	18 
6252	66 
6253	84 
6254	46 
6255	47 
6256	60 
6257	1 
6258	72 
6259	64 
6260	14 
6261	1 
6262	64 
6263	77 
6264	74 
6265	87 
6266	73 
6267	30 
6268	77 
6269	19 
6270	7 
6271	72 
6272	51 
6273	60 
6274	27 
6275	80 
6276	79 
6277	78 
6278	89 
6279	46 
6280	80 
6281	53 
6282	15 
6283	24 
6284	78 
6285	52 
6286	58 
6287	26 
6288	10 
6289	62 
6290	47 
6291	48 
6292	45 
6293	57 
6294	4 
6295	14 
6296	83 
6297	87 
6298	86 
6299	46 
6300	21 
6301	25 
6302	12 
6303	41 
6304	31 
6305	79 
6306	22 
6307	46 
6308	71 
6309	26 
6310	87 
6311	6 
6312	54 
6313	36 
6314	41 
6315	31 
6316	87 
6317	14 
6318	28 
6319	60 
6320	46 
6321	41 
6322	20 
6323	3 
6324	76 
6325	25 
6326	28 
6327	72 
6328	73 
6329	82 
6330	37 
6331	13 
6332	5 
6333	5 
6334	27 
6335	87 
6336	29 
6337	9 
6338	11 
6339	53 
6340	44 
6341	67 
6342	40 
6343	58 
6344	78 
6345	35 
6346	78 
6347	1 
6348	28 
6349	2 
6350	34 
6351	72 
6352	58 
6353	31 
6354	5 
6355	11 
6356	56 
6357	82 
6358	42 
6359	86 
6360	15 
6361	54 
6362	49 
6363	27 
6364	31 
6365	27 
6366	69 
6367	19 
6368	51 
6369	16 
6370	44 
6371	10 
6372	49 
6373	43 
6374	85 
6375	65 
6376	59 
6377	63 
6378	46 
6379	72 
6380	49 
6381	5 
6382	85 
6383	50 
6384	85 
6385	21 
6386	9 
6387	65 
6388	49 
6389	4 
6390	3 
6391	43 
6392	55 
6393	18 
6394	51 
6395	10 
6396	87 
6397	14 
6398	85 
6399	28 
6400	38 
6401	55 
6402	6 
6403	68 
6404	6 
6405	46 
6406	16 
6407	43 
6408	29 
6409	87 
6410	29 
6411	51 
6412	1 
6413	62 
6414	58 
6415	25 
6416	62 
6417	41 
6418	27 
6419	59 
6420	76 
6421	31 
6422	46 
6423	71 
6424	83 
6425	82 
6426	42 
6427	42 
6428	42 
6429	48 
6430	5 
6431	19 
6432	27 
6433	75 
6434	57 
6435	45 
6436	75 
6437	77 
6438	89 
6439	22 
6440	9 
6441	53 
6442	61 
6443	3 
6444	37 
6445	33 
6446	6 
6447	51 
6448	23 
6449	89 
6450	54 
6451	18 
6452	3 
6453	5 
6454	54 
6455	47 
6456	42 
6457	55 
6458	50 
6459	76 
6460	48 
6461	47 
6462	84 
6463	65 
6464	42 
6465	57 
6466	8 
6467	11 
6468	56 
6469	63 
6470	31 
6471	32 
6472	78 
6473	25 
6474	70 
6475	32 
6476	85 
6477	27 
6478	79 
6479	32 
6480	32 
6481	3 
6482	8 
6483	74 
6484	73 
6485	57 
6486	56 
6487	24 
6488	77 
6489	37 
6490	84 
6491	60 
6492	8 
6493	22 
6494	14 
6495	44 
6496	45 
6497	37 
6498	60 
6499	38 
6500	46 
6501	42 
6502	53 
6503	46 
6504	86 
6505	31 
6506	87 
6507	55 
6508	52 
6509	73 
6510	6 
6511	42 
6512	44 
6513	44 
6514	78 
6515	41 
6516	57 
6517	62 
6518	1 
6519	33 
6520	77 
6521	83 
6522	33 
6523	72 
6524	54 
6525	35 
6526	87 
6527	14 
6528	37 
6529	24 
6530	15 
6531	62 
6532	27 
6533	19 
6534	80 
6535	23 
6536	84 
6537	30 
6538	1 
6539	50 
6540	27 
6541	51 
6542	28 
6543	19 
6544	21 
6545	44 
6546	21 
6547	40 
6548	26 
6549	18 
6550	89 
6551	40 
6552	5 
6553	55 
6554	68 
6555	83 
6556	45 
6557	57 
6558	81 
6559	7 
6560	87 
6561	58 
6562	68 
6563	25 
6564	63 
6565	32 
6566	68 
6567	78 
6568	2 
6569	85 
6570	85 
6571	46 
6572	3 
6573	66 
6574	33 
6575	1 
6576	51 
6577	65 
6578	87 
6579	76 
6580	44 
6581	32 
6582	2 
6583	8 
6584	77 
6585	81 
6586	86 
6587	27 
6588	6 
6589	49 
6590	18 
6591	69 
6592	74 
6593	85 
6594	56 
6595	30 
6596	6 
6597	31 
6598	5 
6599	63 
6600	6 
6601	69 
6602	10 
6603	2 
6604	33 
6605	84 
6606	8 
6607	40 
6608	66 
6609	67 
6610	85 
6611	64 
6612	45 
6613	39 
6614	22 
6615	56 
6616	71 
6617	68 
6618	76 
6619	6 
6620	36 
6621	83 
6622	81 
6623	58 
6624	59 
6625	12 
6626	85 
6627	38 
6628	37 
6629	3 
6630	13 
6631	30 
6632	63 
6633	66 
6634	53 
6635	85 
6636	46 
6637	17 
6638	49 
6639	37 
6640	77 
6641	85 
6642	29 
6643	57 
6644	4 
6645	10 
6646	75 
6647	37 
6648	86 
6649	38 
6650	85 
6651	54 
6652	85 
6653	9 
6654	49 
6655	86 
6656	42 
6657	15 
6658	77 
6659	80 
6660	10 
6661	14 
6662	35 
6663	89 
6664	33 
6665	3 
6666	77 
6667	36 
6668	67 
6669	85 
6670	81 
6671	23 
6672	63 
6673	33 
6674	24 
6675	34 
6676	81 
6677	84 
6678	8 
6679	52 
6680	48 
6681	80 
6682	73 
6683	22 
6684	12 
6685	7 
6686	23 
6687	73 
6688	18 
6689	85 
6690	56 
6691	77 
6692	50 
6693	43 
6694	6 
6695	37 
6696	87 
6697	88 
6698	88 
6699	48 
6700	31 
6701	43 
6702	40 
6703	34 
6704	45 
6705	12 
6706	27 
6707	83 
6708	26 
6709	69 
6710	6 
6711	40 
6712	67 
6713	86 
6714	3 
6715	80 
6716	25 
6717	80 
6718	32 
6719	53 
6720	15 
6721	7 
6722	22 
6723	1 
6724	12 
6725	27 
6726	48 
6727	34 
6728	22 
6729	86 
6730	80 
6731	46 
6732	57 
6733	21 
6734	49 
6735	53 
6736	36 
6737	9 
6738	76 
6739	60 
6740	52 
6741	7 
6742	54 
6743	65 
6744	49 
6745	40 
6746	19 
6747	51 
6748	68 
6749	65 
6750	64 
6751	34 
6752	74 
6753	18 
6754	21 
6755	48 
6756	70 
6757	15 
6758	80 
6759	55 
6760	50 
6761	23 
6762	67 
6763	55 
6764	36 
6765	12 
6766	15 
6767	62 
6768	52 
6769	65 
6770	40 
6771	32 
6772	18 
6773	48 
6774	42 
6775	53 
6776	59 
6777	71 
6778	32 
6779	77 
6780	45 
6781	47 
6782	2 
6783	64 
6784	4 
6785	72 
6786	12 
6787	74 
6788	40 
6789	21 
6790	45 
6791	82 
6792	58 
6793	44 
6794	24 
6795	31 
6796	85 
6797	45 
6798	53 
6799	68 
6800	9 
6801	87 
6802	69 
6803	86 
6804	89 
6805	58 
6806	76 
6807	79 
6808	17 
6809	66 
6810	38 
6811	63 
6812	39 
6813	67 
6814	76 
6815	55 
6816	1 
6817	63 
6818	70 
6819	80 
6820	82 
6821	51 
6822	55 
6823	63 
6824	36 
6825	86 
6826	42 
6827	66 
6828	43 
6829	86 
6830	14 
6831	1 
6832	23 
6833	55 
6834	76 
6835	37 
6836	27 
6837	17 
6838	50 
6839	83 
6840	81 
6841	14 
6842	69 
6843	22 
6844	8 
6845	58 
6846	59 
6847	88 
6848	61 
6849	78 
6850	1 
6851	89 
6852	2 
6853	60 
6854	44 
6855	88 
6856	41 
6857	43 
6858	27 
6859	53 
6860	14 
6861	88 
6862	13 
6863	15 
6864	76 
6865	24 
6866	34 
6867	89 
6868	67 
6869	18 
6870	87 
6871	62 
6872	48 
6873	46 
6874	40 
6875	23 
6876	46 
6877	33 
6878	74 
6879	26 
6880	50 
6881	32 
6882	8 
6883	79 
6884	82 
6885	74 
6886	24 
6887	37 
6888	2 
6889	61 
6890	65 
6891	63 
6892	51 
6893	9 
6894	55 
6895	10 
6896	15 
6897	80 
6898	69 
6899	31 
6900	42 
6901	77 
6902	35 
6903	7 
6904	39 
6905	7 
6906	53 
6907	85 
6908	75 
6909	6 
6910	3 
6911	10 
6912	73 
6913	19 
6914	80 
6915	70 
6916	60 
6917	16 
6918	80 
6919	16 
6920	18 
6921	25 
6922	9 
6923	51 
6924	28 
6925	40 
6926	1 
6927	27 
6928	5 
6929	52 
6930	76 
6931	41 
6932	45 
6933	65 
6934	20 
6935	59 
6936	42 
6937	82 
6938	49 
6939	52 
6940	14 
6941	66 
6942	77 
6943	85 
6944	1 
6945	32 
6946	37 
6947	73 
6948	58 
6949	71 
6950	84 
6951	32 
6952	68 
6953	34 
6954	20 
6955	32 
6956	87 
6957	40 
6958	41 
6959	38 
6960	81 
6961	41 
6962	63 
6963	15 
6964	81 
6965	38 
6966	26 
6967	65 
6968	47 
6969	3 
6970	42 
6971	15 
6972	23 
6973	1 
6974	44 
6975	20 
6976	56 
6977	10 
6978	11 
6979	27 
6980	74 
6981	30 
6982	17 
6983	47 
6984	29 
6985	26 
6986	71 
6987	38 
6988	79 
6989	15 
6990	39 
6991	6 
6992	10 
6993	19 
6994	83 
6995	22 
6996	68 
6997	56 
6998	9 
6999	22 
7000	27 
7001	63 
7002	75 
7003	1 
7004	46 
7005	47 
7006	70 
7007	46 
7008	88 
7009	66 
7010	42 
7011	84 
7012	88 
7013	75 
7014	24 
7015	43 
7016	73 
7017	17 
7018	77 
7019	27 
7020	43 
7021	57 
7022	7 
7023	9 
7024	70 
7025	79 
7026	67 
7027	57 
7028	43 
7029	1 
7030	15 
7031	58 
7032	28 
7033	62 
7034	21 
7035	65 
7036	66 
7037	85 
7038	19 
7039	57 
7040	61 
7041	66 
7042	56 
7043	65 
7044	36 
7045	75 
7046	21 
7047	48 
7048	82 
7049	78 
7050	16 
7051	72 
7052	33 
7053	13 
7054	24 
7055	65 
7056	55 
7057	25 
7058	37 
7059	73 
7060	63 
7061	58 
7062	80 
7063	82 
7064	28 
7065	75 
7066	76 
7067	73 
7068	50 
7069	43 
7070	55 
7071	32 
7072	80 
7073	9 
7074	88 
7075	68 
7076	66 
7077	66 
7078	26 
7079	13 
7080	67 
7081	16 
7082	32 
7083	6 
7084	24 
7085	15 
7086	79 
7087	83 
7088	24 
7089	54 
7090	9 
7091	3 
7092	85 
7093	77 
7094	41 
7095	2 
7096	71 
7097	17 
7098	15 
7099	71 
7100	57 
7101	80 
7102	80 
7103	20 
7104	23 
7105	10 
7106	56 
7107	6 
7108	26 
7109	10 
7110	72 
7111	13 
7112	69 
7113	33 
7114	79 
7115	65 
7116	38 
7117	60 
7118	15 
7119	88 
7120	29 
7121	66 
7122	3 
7123	14 
7124	16 
7125	7 
7126	56 
7127	84 
7128	82 
7129	69 
7130	23 
7131	55 
7132	67 
7133	7 
7134	49 
7135	32 
7136	67 
7137	84 
7138	4 
7139	74 
7140	58 
7141	74 
7142	42 
7143	10 
7144	46 
7145	10 
7146	39 
7147	53 
7148	86 
7149	40 
7150	17 
7151	55 
7152	49 
7153	53 
7154	26 
7155	66 
7156	46 
7157	60 
7158	84 
7159	49 
7160	22 
7161	67 
7162	45 
7163	76 
7164	84 
7165	88 
7166	64 
7167	32 
7168	14 
7169	7 
7170	55 
7171	45 
7172	38 
7173	15 
7174	12 
7175	64 
7176	50 
7177	73 
7178	14 
7179	30 
7180	57 
7181	17 
7182	64 
7183	18 
7184	73 
7185	8 
7186	27 
7187	80 
7188	33 
7189	69 
7190	46 
7191	46 
7192	81 
7193	46 
7194	24 
7195	51 
7196	51 
7197	72 
7198	9 
7199	2 
7200	82 
7201	39 
7202	7 
7203	76 
7204	57 
7205	42 
7206	88 
7207	48 
7208	19 
7209	19 
7210	71 
7211	20 
7212	88 
7213	86 
7214	12 
7215	5 
7216	40 
7217	61 
7218	42 
7219	33 
7220	3 
7221	11 
7222	80 
7223	70 
7224	62 
7225	71 
7226	50 
7227	16 
7228	22 
7229	26 
7230	34 
7231	49 
7232	59 
7233	46 
7234	85 
7235	30 
7236	33 
7237	27 
7238	4 
7239	70 
7240	39 
7241	16 
7242	73 
7243	79 
7244	74 
7245	77 
7246	11 
7247	83 
7248	73 
7249	84 
7250	29 
7251	3 
7252	56 
7253	10 
7254	12 
7255	10 
7256	78 
7257	7 
7258	37 
7259	42 
7260	73 
7261	65 
7262	32 
7263	78 
7264	80 
7265	49 
7266	50 
7267	82 
7268	83 
7269	57 
7270	58 
7271	63 
7272	11 
7273	50 
7274	58 
7275	10 
7276	21 
7277	67 
7278	60 
7279	66 
7280	63 
7281	70 
7282	72 
7283	54 
7284	80 
7285	60 
7286	22 
7287	71 
7288	55 
7289	78 
7290	78 
7291	49 
7292	12 
7293	49 
7294	16 
7295	86 
7296	68 
7297	53 
7298	13 
7299	6 
7300	79 
7301	75 
7302	38 
7303	43 
7304	31 
7305	45 
7306	83 
7307	61 
7308	82 
7309	77 
7310	9 
7311	33 
7312	54 
7313	29 
7314	50 
7315	61 
7316	35 
7317	18 
7318	74 
7319	38 
7320	56 
7321	34 
7322	78 
7323	23 
7324	49 
7325	75 
7326	28 
7327	15 
7328	32 
7329	64 
7330	85 
7331	55 
7332	17 
7333	26 
7334	73 
7335	57 
7336	15 
7337	79 
7338	64 
7339	25 
7340	3 
7341	34 
7342	88 
7343	26 
7344	36 
7345	13 
7346	4 
7347	47 
7348	45 
7349	54 
7350	85 
7351	9 
7352	23 
7353	12 
7354	29 
7355	68 
7356	37 
7357	68 
7358	85 
7359	78 
7360	21 
7361	23 
7362	53 
7363	88 
7364	21 
7365	71 
7366	28 
7367	72 
7368	62 
7369	70 
7370	15 
7371	3 
7372	9 
7373	73 
7374	61 
7375	76 
7376	30 
7377	73 
7378	29 
7379	85 
7380	20 
7381	7 
7382	29 
7383	82 
7384	56 
7385	73 
7386	3 
7387	25 
7388	37 
7389	28 
7390	34 
7391	41 
7392	72 
7393	24 
7394	75 
7395	14 
7396	53 
7397	14 
7398	37 
7399	85 
7400	81 
7401	54 
7402	50 
7403	27 
7404	15 
7405	58 
7406	30 
7407	23 
7408	76 
7409	5 
7410	54 
7411	51 
7412	36 
7413	11 
7414	60 
7415	81 
7416	15 
7417	56 
7418	13 
7419	48 
7420	32 
7421	33 
7422	68 
7423	16 
7424	50 
7425	10 
7426	57 
7427	40 
7428	82 
7429	48 
7430	53 
7431	50 
7432	8 
7433	39 
7434	65 
7435	56 
7436	67 
7437	89 
7438	41 
7439	83 
7440	15 
7441	66 
7442	44 
7443	59 
7444	57 
7445	74 
7446	15 
7447	16 
7448	63 
7449	57 
7450	64 
7451	57 
7452	20 
7453	55 
7454	72 
7455	62 
7456	29 
7457	17 
7458	49 
7459	66 
7460	2 
7461	77 
7462	25 
7463	56 
7464	81 
7465	69 
7466	29 
7467	14 
7468	42 
7469	10 
7470	78 
7471	63 
7472	89 
7473	39 
7474	31 
7475	9 
7476	9 
7477	38 
7478	50 
7479	56 
7480	36 
7481	51 
7482	31 
7483	16 
7484	77 
7485	34 
7486	48 
7487	27 
7488	26 
7489	73 
7490	82 
7491	70 
7492	24 
7493	81 
7494	82 
7495	3 
7496	60 
7497	10 
7498	26 
7499	23 
7500	75 
7501	82 
7502	45 
7503	23 
7504	32 
7505	73 
7506	41 
7507	55 
7508	72 
7509	66 
7510	12 
7511	37 
7512	80 
7513	89 
7514	10 
7515	73 
7516	57 
7517	30 
7518	53 
7519	2 
7520	78 
7521	67 
7522	58 
7523	76 
7524	79 
7525	47 
7526	11 
7527	82 
7528	31 
7529	73 
7530	31 
7531	62 
7532	48 
7533	59 
7534	57 
7535	89 
7536	1 
7537	15 
7538	72 
7539	59 
7540	12 
7541	11 
7542	33 
7543	27 
7544	15 
7545	85 
7546	80 
7547	70 
7548	84 
7549	47 
7550	33 
7551	80 
7552	75 
7553	20 
7554	81 
7555	3 
7556	36 
7557	12 
7558	59 
7559	61 
7560	5 
7561	32 
7562	38 
7563	43 
7564	33 
7565	35 
7566	84 
7567	17 
7568	43 
7569	53 
7570	64 
7571	53 
7572	46 
7573	57 
7574	41 
7575	57 
7576	38 
7577	73 
7578	45 
7579	44 
7580	32 
7581	84 
7582	17 
7583	50 
7584	5 
7585	58 
7586	75 
7587	30 
7588	80 
7589	84 
7590	81 
7591	10 
7592	79 
7593	77 
7594	33 
7595	11 
7596	12 
7597	5 
7598	67 
7599	57 
7600	9 
7601	65 
7602	85 
7603	82 
7604	1 
7605	23 
7606	34 
7607	65 
7608	34 
7609	47 
7610	28 
7611	78 
7612	25 
7613	14 
7614	86 
7615	55 
7616	25 
7617	30 
7618	58 
7619	79 
7620	77 
7621	50 
7622	79 
7623	38 
7624	78 
7625	50 
7626	28 
7627	82 
7628	72 
7629	78 
7630	39 
7631	88 
7632	54 
7633	34 
7634	2 
7635	19 
7636	28 
7637	83 
7638	12 
7639	28 
7640	24 
7641	43 
7642	62 
7643	39 
7644	27 
7645	46 
7646	5 
7647	60 
7648	6 
7649	83 
7650	27 
7651	30 
7652	3 
7653	32 
7654	80 
7655	51 
7656	79 
7657	46 
7658	29 
7659	46 
7660	15 
7661	19 
7662	50 
7663	51 
7664	26 
7665	1 
7666	70 
7667	52 
7668	79 
7669	39 
7670	23 
7671	55 
7672	18 
7673	61 
7674	55 
7675	76 
7676	56 
7677	69 
7678	30 
7679	76 
7680	37 
7681	83 
7682	21 
7683	5 
7684	34 
7685	58 
7686	50 
7687	27 
7688	71 
7689	23 
7690	65 
7691	58 
7692	30 
7693	34 
7694	32 
7695	77 
7696	62 
7697	29 
7698	53 
7699	65 
7700	3 
7701	82 
7702	29 
7703	61 
7704	58 
7705	80 
7706	9 
7707	2 
7708	6 
7709	26 
7710	45 
7711	3 
7712	38 
7713	74 
7714	21 
7715	32 
7716	28 
7717	82 
7718	62 
7719	73 
7720	78 
7721	18 
7722	77 
7723	85 
7724	60 
7725	52 
7726	55 
7727	30 
7728	48 
7729	73 
7730	83 
7731	35 
7732	2 
7733	24 
7734	76 
7735	1 
7736	74 
7737	51 
7738	60 
7739	88 
7740	55 
7741	74 
7742	5 
7743	77 
7744	19 
7745	10 
7746	14 
7747	56 
7748	46 
7749	21 
7750	87 
7751	60 
7752	75 
7753	76 
7754	2 
7755	59 
7756	41 
7757	35 
7758	71 
7759	65 
7760	1 
7761	48 
7762	14 
7763	52 
7764	12 
7765	56 
7766	33 
7767	2 
7768	29 
7769	83 
7770	79 
7771	5 
7772	82 
7773	15 
7774	62 
7775	80 
7776	46 
7777	15 
7778	87 
7779	15 
7780	17 
7781	36 
7782	63 
7783	41 
7784	38 
7785	5 
7786	53 
7787	77 
7788	85 
7789	49 
7790	74 
7791	22 
7792	12 
7793	83 
7794	86 
7795	74 
7796	53 
7797	5 
7798	15 
7799	40 
7800	40 
7801	80 
7802	54 
7803	10 
7804	64 
7805	42 
7806	84 
7807	79 
7808	4 
7809	45 
7810	2 
7811	16 
7812	30 
7813	11 
7814	50 
7815	45 
7816	2 
7817	69 
7818	77 
7819	9 
7820	7 
7821	3 
7822	59 
7823	31 
7824	6 
7825	21 
7826	35 
7827	36 
7828	39 
7829	18 
7830	65 
7831	68 
7832	32 
7833	79 
7834	23 
7835	28 
7836	2 
7837	58 
7838	37 
7839	44 
7840	58 
7841	10 
7842	80 
7843	79 
7844	39 
7845	73 
7846	77 
7847	31 
7848	73 
7849	26 
7850	53 
7851	45 
7852	67 
7853	15 
7854	85 
7855	71 
7856	77 
7857	17 
7858	49 
7859	42 
7860	73 
7861	88 
7862	59 
7863	8 
7864	44 
7865	38 
7866	89 
7867	56 
7868	19 
7869	64 
7870	37 
7871	44 
7872	51 
7873	76 
7874	41 
7875	14 
7876	57 
7877	14 
7878	39 
7879	12 
7880	32 
7881	65 
7882	89 
7883	59 
7884	13 
7885	7 
7886	63 
7887	45 
7888	64 
7889	22 
7890	26 
7891	44 
7892	23 
7893	85 
7894	25 
7895	59 
7896	60 
7897	45 
7898	41 
7899	29 
7900	47 
7901	45 
7902	47 
7903	46 
7904	1 
7905	73 
7906	79 
7907	67 
7908	55 
7909	39 
7910	71 
7911	74 
7912	33 
7913	52 
7914	8 
7915	67 
7916	61 
7917	49 
7918	82 
7919	70 
7920	85 
7921	52 
7922	18 
7923	29 
7924	60 
7925	39 
7926	76 
7927	23 
7928	6 
7929	9 
7930	47 
7931	88 
7932	86 
7933	26 
7934	6 
7935	42 
7936	4 
7937	6 
7938	89 
7939	76 
7940	49 
7941	48 
7942	23 
7943	16 
7944	32 
7945	31 
7946	83 
7947	10 
7948	69 
7949	47 
7950	57 
7951	39 
7952	46 
7953	18 
7954	71 
7955	83 
7956	81 
7957	71 
7958	51 
7959	88 
7960	16 
7961	40 
7962	53 
7963	75 
7964	75 
7965	30 
7966	36 
7967	51 
7968	82 
7969	74 
7970	57 
7971	36 
7972	50 
7973	20 
7974	38 
7975	4 
7976	85 
7977	30 
7978	36 
7979	60 
7980	15 
7981	49 
7982	39 
7983	80 
7984	15 
7985	84 
7986	16 
7987	22 
7988	85 
7989	1 
7990	37 
7991	69 
7992	9 
7993	22 
7994	89 
7995	6 
7996	10 
7997	3 
7998	85 
7999	65 
8000	40 
8001	59 
8002	36 
8003	19 
8004	43 
8005	2 
8006	57 
8007	13 
8008	81 
8009	77 
8010	29 
8011	77 
8012	47 
8013	86 
8014	23 
8015	46 
8016	64 
8017	55 
8018	87 
8019	17 
8020	15 
8021	9 
8022	29 
8023	28 
8024	4 
8025	6 
8026	68 
8027	8 
8028	29 
8029	46 
8030	49 
8031	79 
8032	3 
8033	73 
8034	39 
8035	81 
8036	52 
8037	22 
8038	56 
8039	25 
8040	75 
8041	18 
8042	4 
8043	73 
8044	58 
8045	9 
8046	18 
8047	26 
8048	36 
8049	41 
8050	22 
8051	46 
8052	85 
8053	60 
8054	63 
8055	77 
8056	42 
8057	8 
8058	22 
8059	88 
8060	80 
8061	79 
8062	19 
8063	66 
8064	52 
8065	51 
8066	53 
8067	50 
8068	9 
8069	17 
8070	47 
8071	40 
8072	85 
8073	45 
8074	50 
8075	85 
8076	58 
8077	49 
8078	37 
8079	77 
8080	46 
8081	28 
8082	80 
8083	64 
8084	4 
8085	59 
8086	1 
8087	82 
8088	68 
8089	1 
8090	34 
8091	15 
8092	26 
8093	71 
8094	55 
8095	37 
8096	69 
8097	84 
8098	3 
8099	50 
8100	75 
8101	74 
8102	69 
8103	82 
8104	43 
8105	76 
8106	48 
8107	80 
8108	89 
8109	60 
8110	55 
8111	86 
8112	35 
8113	59 
8114	71 
8115	59 
8116	10 
8117	27 
8118	73 
8119	20 
8120	73 
8121	10 
8122	88 
8123	29 
8124	78 
8125	12 
8126	40 
8127	85 
8128	38 
8129	24 
8130	82 
8131	72 
8132	5 
8133	5 
8134	63 
8135	20 
8136	71 
8137	56 
8138	49 
8139	66 
8140	75 
8141	56 
8142	8 
8143	30 
8144	10 
8145	60 
8146	31 
8147	22 
8148	87 
8149	27 
8150	33 
8151	17 
8152	42 
8153	15 
8154	56 
8155	37 
8156	8 
8157	34 
8158	66 
8159	53 
8160	88 
8161	20 
8162	74 
8163	84 
8164	1 
8165	67 
8166	39 
8167	88 
8168	71 
8169	1 
8170	72 
8171	89 
8172	10 
8173	13 
8174	21 
8175	57 
8176	84 
8177	19 
8178	87 
8179	70 
8180	71 
8181	60 
8182	36 
8183	42 
8184	5 
8185	59 
8186	75 
8187	67 
8188	72 
8189	45 
8190	84 
8191	7 
8192	40 
8193	73 
8194	79 
8195	9 
8196	86 
8197	14 
8198	82 
8199	55 
8200	59 
8201	78 
8202	48 
8203	43 
8204	73 
8205	54 
8206	42 
8207	39 
8208	25 
8209	19 
8210	35 
8211	37 
8212	77 
8213	72 
8214	34 
8215	42 
8216	57 
8217	67 
8218	57 
8219	58 
8220	25 
8221	39 
8222	50 
8223	85 
8224	47 
8225	33 
8226	40 
8227	86 
8228	15 
8229	51 
8230	85 
8231	46 
8232	72 
8233	78 
8234	7 
8235	19 
8236	35 
8237	68 
8238	45 
8239	27 
8240	86 
8241	12 
8242	33 
8243	62 
8244	8 
8245	79 
8246	49 
8247	74 
8248	84 
8249	37 
8250	55 
8251	50 
8252	12 
8253	52 
8254	13 
8255	51 
8256	77 
8257	36 
8258	20 
8259	36 
8260	5 
8261	63 
8262	16 
8263	58 
8264	55 
8265	41 
8266	42 
8267	72 
8268	77 
8269	60 
8270	44 
8271	67 
8272	17 
8273	76 
8274	8 
8275	55 
8276	38 
8277	50 
8278	28 
8279	16 
8280	30 
8281	37 
8282	22 
8283	84 
8284	27 
8285	28 
8286	39 
8287	21 
8288	63 
8289	9 
8290	8 
8291	47 
8292	34 
8293	4 
8294	18 
8295	5 
8296	37 
8297	27 
8298	9 
8299	55 
8300	61 
8301	76 
8302	27 
8303	26 
8304	82 
8305	75 
8306	12 
8307	54 
8308	60 
8309	23 
8310	72 
8311	44 
8312	15 
8313	54 
8314	11 
8315	70 
8316	84 
8317	64 
8318	52 
8319	20 
8320	60 
8321	65 
8322	23 
8323	52 
8324	23 
8325	78 
8326	87 
8327	28 
8328	77 
8329	76 
8330	58 
8331	3 
8332	19 
8333	22 
8334	14 
8335	1 
8336	39 
8337	54 
8338	84 
8339	77 
8340	79 
8341	8 
8342	42 
8343	44 
8344	11 
8345	88 
8346	28 
8347	35 
8348	66 
8349	80 
8350	7 
8351	64 
8352	20 
8353	66 
8354	86 
8355	72 
8356	74 
8357	71 
8358	72 
8359	43 
8360	71 
8361	5 
8362	84 
8363	50 
8364	16 
8365	10 
8366	25 
8367	48 
8368	15 
8369	70 
8370	1 
8371	88 
8372	66 
8373	38 
8374	64 
8375	30 
8376	20 
8377	72 
8378	66 
8379	78 
8380	56 
8381	3 
8382	71 
8383	59 
8384	86 
8385	58 
8386	27 
8387	32 
8388	58 
8389	27 
8390	24 
8391	59 
8392	73 
8393	33 
8394	68 
8395	89 
8396	60 
8397	12 
8398	49 
8399	85 
8400	22 
8401	28 
8402	12 
8403	84 
8404	29 
8405	68 
8406	1 
8407	23 
8408	28 
8409	37 
8410	44 
8411	10 
8412	32 
8413	74 
8414	47 
8415	32 
8416	89 
8417	26 
8418	11 
8419	36 
8420	3 
8421	6 
8422	8 
8423	21 
8424	9 
8425	24 
8426	2 
8427	61 
8428	26 
8429	10 
8430	85 
8431	7 
8432	65 
8433	32 
8434	34 
8435	52 
8436	68 
8437	44 
8438	26 
8439	80 
8440	68 
8441	37 
8442	59 
8443	11 
8444	85 
8445	75 
8446	78 
8447	32 
8448	43 
8449	56 
8450	65 
8451	29 
8452	36 
8453	22 
8454	76 
8455	48 
8456	58 
8457	32 
8458	40 
8459	55 
8460	75 
8461	30 
8462	15 
8463	67 
8464	42 
8465	70 
8466	10 
8467	2 
8468	2 
8469	3 
8470	73 
8471	79 
8472	27 
8473	15 
8474	8 
8475	75 
8476	34 
8477	31 
8478	71 
8479	85 
8480	30 
8481	46 
8482	67 
8483	74 
8484	19 
8485	64 
8486	83 
8487	60 
8488	69 
8489	76 
8490	65 
8491	36 
8492	41 
8493	28 
8494	89 
8495	10 
8496	86 
8497	15 
8498	73 
8499	6 
8500	17 
8501	83 
8502	79 
8503	82 
8504	39 
8505	8 
8506	39 
8507	85 
8508	56 
8509	28 
8510	65 
8511	26 
8512	29 
8513	1 
8514	44 
8515	77 
8516	36 
8517	79 
8518	9 
8519	31 
8520	80 
8521	18 
8522	24 
8523	16 
8524	86 
8525	24 
8526	3 
8527	71 
8528	65 
8529	27 
8530	7 
8531	63 
8532	72 
8533	47 
8534	31 
8535	1 
8536	32 
8537	48 
8538	89 
8539	89 
8540	27 
8541	5 
8542	5 
8543	58 
8544	30 
8545	47 
8546	21 
8547	79 
8548	37 
8549	10 
8550	1 
8551	19 
8552	28 
8553	13 
8554	49 
8555	23 
8556	35 
8557	33 
8558	3 
8559	45 
8560	51 
8561	39 
8562	10 
8563	20 
8564	87 
8565	62 
8566	82 
8567	67 
8568	30 
8569	49 
8570	1 
8571	46 
8572	34 
8573	34 
8574	20 
8575	89 
8576	24 
8577	25 
8578	76 
8579	37 
8580	22 
8581	21 
8582	14 
8583	6 
8584	22 
8585	66 
8586	85 
8587	2 
8588	72 
8589	43 
8590	14 
8591	74 
8592	72 
8593	22 
8594	55 
8595	6 
8596	21 
8597	23 
8598	76 
8599	25 
8600	89 
8601	11 
8602	46 
8603	36 
8604	11 
8605	34 
8606	6 
8607	49 
8608	28 
8609	51 
8610	17 
8611	10 
8612	54 
8613	31 
8614	10 
8615	6 
8616	28 
8617	63 
8618	75 
8619	1 
8620	82 
8621	46 
8622	45 
8623	25 
8624	29 
8625	68 
8626	26 
8627	22 
8628	27 
8629	69 
8630	10 
8631	77 
8632	68 
8633	53 
8634	51 
8635	26 
8636	53 
8637	22 
8638	81 
8639	16 
8640	74 
8641	78 
8642	2 
8643	1 
8644	23 
8645	74 
8646	36 
8647	49 
8648	80 
8649	69 
8650	1 
8651	32 
8652	2 
8653	19 
8654	49 
8655	46 
8656	75 
8657	38 
8658	49 
8659	39 
8660	31 
8661	20 
8662	76 
8663	47 
8664	44 
8665	50 
8666	13 
8667	33 
8668	60 
8669	83 
8670	84 
8671	24 
8672	25 
8673	71 
8674	9 
8675	17 
8676	86 
8677	77 
8678	28 
8679	57 
8680	8 
8681	65 
8682	10 
8683	28 
8684	35 
8685	50 
8686	71 
8687	56 
8688	19 
8689	9 
8690	39 
8691	45 
8692	61 
8693	54 
8694	66 
8695	63 
8696	83 
8697	71 
8698	32 
8699	30 
8700	75 
8701	21 
8702	28 
8703	13 
8704	88 
8705	13 
8706	15 
8707	47 
8708	36 
8709	47 
8710	4 
8711	85 
8712	48 
8713	10 
8714	31 
8715	71 
8716	28 
8717	56 
8718	61 
8719	47 
8720	39 
8721	19 
8722	89 
8723	5 
8724	54 
8725	28 
8726	70 
8727	28 
8728	39 
8729	80 
8730	16 
8731	28 
8732	43 
8733	75 
8734	52 
8735	61 
8736	47 
8737	76 
8738	17 
8739	9 
8740	67 
8741	7 
8742	83 
8743	74 
8744	48 
8745	80 
8746	8 
8747	6 
8748	58 
8749	34 
8750	48 
8751	42 
8752	65 
8753	77 
8754	32 
8755	86 
8756	58 
8757	81 
8758	47 
8759	23 
8760	69 
8761	82 
8762	33 
8763	38 
8764	78 
8765	24 
8766	8 
8767	3 
8768	48 
8769	72 
8770	57 
8771	72 
8772	68 
8773	23 
8774	25 
8775	78 
8776	55 
8777	6 
8778	10 
8779	58 
8780	81 
8781	51 
8782	32 
8783	89 
8784	82 
8785	28 
8786	2 
8787	43 
8788	76 
8789	30 
8790	57 
8791	20 
8792	32 
8793	39 
8794	42 
8795	32 
8796	7 
8797	70 
8798	21 
8799	17 
8800	13 
8801	64 
8802	39 
8803	6 
8804	17 
8805	56 
8806	66 
8807	70 
8808	12 
8809	39 
8810	38 
8811	44 
8812	39 
8813	78 
8814	23 
8815	55 
8816	29 
8817	56 
8818	69 
8819	67 
8820	8 
8821	53 
8822	16 
8823	86 
8824	86 
8825	10 
8826	64 
8827	34 
8828	47 
8829	79 
8830	56 
8831	69 
8832	64 
8833	8 
8834	68 
8835	81 
8836	29 
8837	64 
8838	13 
8839	32 
8840	64 
8841	81 
8842	82 
8843	30 
8844	39 
8845	79 
8846	3 
8847	65 
8848	62 
8849	29 
8850	13 
8851	75 
8852	34 
8853	35 
8854	68 
8855	27 
8856	39 
8857	46 
8858	78 
8859	1 
8860	88 
8861	29 
8862	71 
8863	75 
8864	50 
8865	32 
8866	59 
8867	73 
8868	17 
8869	12 
8870	65 
8871	87 
8872	37 
8873	23 
8874	58 
8875	22 
8876	44 
8877	56 
8878	34 
8879	69 
8880	12 
8881	16 
8882	68 
8883	66 
8884	88 
8885	54 
8886	49 
8887	41 
8888	77 
8889	81 
8890	73 
8891	66 
8892	72 
8893	51 
8894	55 
8895	15 
8896	18 
8897	32 
8898	20 
8899	65 
8900	60 
8901	84 
8902	26 
8903	21 
8904	39 
8905	71 
8906	38 
8907	28 
8908	82 
8909	71 
8910	46 
8911	12 
8912	38 
8913	11 
8914	87 
8915	24 
8916	22 
8917	82 
8918	85 
8919	83 
8920	11 
8921	50 
8922	37 
8923	7 
8924	76 
8925	68 
8926	22 
8927	19 
8928	16 
8929	69 
8930	58 
8931	56 
8932	38 
8933	79 
8934	61 
8935	44 
8936	8 
8937	52 
8938	52 
8939	8 
8940	7 
8941	4 
8942	73 
8943	66 
8944	47 
8945	51 
8946	76 
8947	87 
8948	65 
8949	11 
8950	26 
8951	46 
8952	58 
8953	78 
8954	84 
8955	44 
8956	5 
8957	53 
8958	72 
8959	30 
8960	12 
8961	75 
8962	38 
8963	76 
8964	29 
8965	85 
8966	64 
8967	10 
8968	74 
8969	22 
8970	40 
8971	25 
8972	58 
8973	12 
8974	25 
8975	27 
8976	35 
8977	48 
8978	68 
8979	67 
8980	50 
8981	56 
8982	18 
8983	60 
8984	29 
8985	47 
8986	54 
8987	77 
8988	21 
8989	10 
8990	85 
8991	17 
8992	31 
8993	36 
8994	46 
8995	21 
8996	82 
8997	41 
8998	8 
8999	32 
9000	70 
9001	11 
9002	27 
9003	56 
9004	52 
9005	36 
9006	55 
9007	68 
9008	16 
9009	76 
9010	13 
9011	80 
9012	14 
9013	34 
9014	18 
9015	7 
9016	27 
9017	73 
9018	30 
9019	24 
9020	57 
9021	87 
9022	59 
9023	44 
9024	77 
9025	12 
9026	69 
9027	3 
9028	49 
9029	15 
9030	65 
9031	57 
9032	6 
9033	22 
9034	67 
9035	48 
9036	17 
9037	44 
9038	76 
9039	73 
9040	25 
9041	37 
9042	61 
9043	7 
9044	83 
9045	47 
9046	12 
9047	4 
9048	78 
9049	27 
9050	11 
9051	66 
9052	73 
9053	57 
9054	32 
9055	64 
9056	84 
9057	55 
9058	74 
9059	54 
9060	46 
9061	67 
9062	5 
9063	20 
9064	75 
9065	68 
9066	86 
9067	51 
9068	75 
9069	79 
9070	45 
9071	11 
9072	72 
9073	82 
9074	42 
9075	87 
9076	47 
9077	40 
9078	12 
9079	84 
9080	32 
9081	49 
9082	39 
9083	61 
9084	28 
9085	71 
9086	6 
9087	13 
9088	27 
9089	54 
9090	72 
9091	8 
9092	86 
9093	67 
9094	44 
9095	51 
9096	85 
9097	82 
9098	5 
9099	12 
9100	80 
9101	20 
9102	13 
9103	70 
9104	28 
9105	82 
9106	86 
9107	40 
9108	29 
9109	66 
9110	39 
9111	34 
9112	19 
9113	45 
9114	22 
9115	32 
9116	28 
9117	62 
9118	53 
9119	10 
9120	34 
9121	60 
9122	10 
9123	10 
9124	34 
9125	30 
9126	46 
9127	3 
9128	47 
9129	32 
9130	42 
9131	28 
9132	30 
9133	27 
9134	66 
9135	8 
9136	19 
9137	6 
9138	38 
9139	32 
9140	75 
9141	17 
9142	23 
9143	29 
9144	39 
9145	31 
9146	4 
9147	84 
9148	63 
9149	9 
9150	85 
9151	8 
9152	79 
9153	57 
9154	76 
9155	49 
9156	66 
9157	76 
9158	19 
9159	29 
9160	78 
9161	72 
9162	79 
9163	43 
9164	64 
9165	41 
9166	5 
9167	65 
9168	42 
9169	85 
9170	45 
9171	64 
9172	84 
9173	7 
9174	51 
9175	36 
9176	39 
9177	9 
9178	25 
9179	66 
9180	5 
9181	29 
9182	55 
9183	49 
9184	62 
9185	55 
9186	28 
9187	31 
9188	58 
9189	70 
9190	39 
9191	22 
9192	72 
9193	59 
9194	7 
9195	3 
9196	26 
9197	86 
9198	18 
9199	69 
9200	39 
9201	9 
9202	11 
9203	12 
9204	37 
9205	72 
9206	81 
9207	73 
9208	39 
9209	27 
9210	15 
9211	19 
9212	42 
9213	27 
9214	49 
9215	35 
9216	80 
9217	85 
9218	78 
9219	71 
9220	45 
9221	51 
9222	73 
9223	74 
9224	48 
9225	73 
9226	2 
9227	29 
9228	84 
9229	74 
9230	23 
9231	76 
9232	55 
9233	65 
9234	45 
9235	58 
9236	63 
9237	37 
9238	81 
9239	69 
9240	5 
9241	72 
9242	45 
9243	55 
9244	75 
9245	39 
9246	89 
9247	22 
9248	82 
9249	20 
9250	8 
9251	38 
9252	46 
9253	69 
9254	57 
9255	51 
9256	1 
9257	48 
9258	12 
9259	75 
9260	22 
9261	67 
9262	63 
9263	69 
9264	74 
9265	12 
9266	84 
9267	73 
9268	35 
9269	34 
9270	22 
9271	12 
9272	51 
9273	87 
9274	28 
9275	24 
9276	49 
9277	89 
9278	7 
9279	72 
9280	32 
9281	24 
9282	79 
9283	62 
9284	58 
9285	20 
9286	36 
9287	54 
9288	1 
9289	65 
9290	26 
9291	88 
9292	9 
9293	77 
9294	36 
9295	77 
9296	8 
9297	22 
9298	47 
9299	4 
9300	59 
9301	17 
9302	11 
9303	24 
9304	41 
9305	46 
9306	37 
9307	15 
9308	67 
9309	30 
9310	85 
9311	66 
9312	29 
9313	13 
9314	11 
9315	25 
9316	34 
9317	31 
9318	64 
9319	55 
9320	13 
9321	31 
9322	76 
9323	51 
9324	52 
9325	16 
9326	40 
9327	37 
9328	49 
9329	56 
9330	25 
9331	53 
9332	76 
9333	59 
9334	18 
9335	30 
9336	5 
9337	8 
9338	21 
9339	69 
9340	59 
9341	25 
9342	44 
9343	83 
9344	47 
9345	43 
9346	2 
9347	82 
9348	5 
9349	69 
9350	24 
9351	75 
9352	8 
9353	51 
9354	39 
9355	64 
9356	77 
9357	69 
9358	32 
9359	63 
9360	34 
9361	64 
9362	68 
9363	80 
9364	28 
9365	4 
9366	39 
9367	86 
9368	2 
9369	10 
9370	62 
9371	10 
9372	14 
9373	24 
9374	7 
9375	19 
9376	56 
9377	65 
9378	75 
9379	64 
9380	22 
9381	36 
9382	60 
9383	43 
9384	78 
9385	77 
9386	19 
9387	49 
9388	68 
9389	25 
9390	42 
9391	59 
9392	22 
9393	9 
9394	25 
9395	19 
9396	21 
9397	47 
9398	76 
9399	29 
9400	79 
9401	44 
9402	9 
9403	50 
9404	84 
9405	84 
9406	12 
9407	60 
9408	40 
9409	1 
9410	14 
9411	49 
9412	88 
9413	77 
9414	41 
9415	30 
9416	68 
9417	35 
9418	65 
9419	66 
9420	35 
9421	32 
9422	70 
9423	50 
9424	6 
9425	55 
9426	42 
9427	54 
9428	1 
9429	2 
9430	23 
9431	47 
9432	36 
9433	46 
9434	1 
9435	76 
9436	32 
9437	6 
9438	69 
9439	58 
9440	10 
9441	10 
9442	52 
9443	66 
9444	75 
9445	39 
9446	21 
9447	49 
9448	17 
9449	10 
9450	29 
9451	60 
9452	75 
9453	5 
9454	77 
9455	64 
9456	59 
9457	76 
9458	65 
9459	73 
9460	25 
9461	56 
9462	61 
9463	82 
9464	76 
9465	75 
9466	79 
9467	32 
9468	25 
9469	83 
9470	77 
9471	17 
9472	29 
9473	87 
9474	72 
9475	36 
9476	67 
9477	80 
9478	2 
9479	87 
9480	41 
9481	76 
9482	9 
9483	34 
9484	84 
9485	84 
9486	36 
9487	55 
9488	51 
9489	42 
9490	7 
9491	62 
9492	75 
9493	18 
9494	79 
9495	43 
9496	47 
9497	55 
9498	43 
9499	33 
9500	11 
9501	83 
9502	1 
9503	83 
9504	14 
9505	43 
9506	39 
9507	48 
9508	32 
9509	77 
9510	7 
9511	74 
9512	21 
9513	71 
9514	18 
9515	27 
9516	66 
9517	23 
9518	72 
9519	39 
9520	47 
9521	29 
9522	88 
9523	62 
9524	58 
9525	38 
9526	54 
9527	57 
9528	57 
9529	37 
9530	68 
9531	2 
9532	39 
9533	48 
9534	32 
9535	6 
9536	59 
9537	60 
9538	70 
9539	46 
9540	27 
9541	26 
9542	49 
9543	61 
9544	1 
9545	48 
9546	1 
9547	11 
9548	79 
9549	11 
9550	18 
9551	36 
9552	59 
9553	46 
9554	6 
9555	82 
9556	21 
9557	65 
9558	38 
9559	25 
9560	57 
9561	71 
9562	68 
9563	5 
9564	40 
9565	80 
9566	6 
9567	36 
9568	71 
9569	81 
9570	37 
9571	77 
9572	9 
9573	32 
9574	37 
9575	53 
9576	39 
9577	18 
9578	32 
9579	15 
9580	80 
9581	57 
9582	76 
9583	46 
9584	47 
9585	48 
9586	10 
9587	85 
9588	41 
9589	8 
9590	17 
9591	22 
9592	52 
9593	63 
9594	21 
9595	45 
9596	53 
9597	56 
9598	20 
9599	56 
9600	13 
9601	78 
9602	47 
9603	12 
9604	74 
9605	1 
9606	70 
9607	80 
9608	37 
9609	79 
9610	83 
9611	30 
9612	49 
9613	61 
9614	88 
9615	16 
9616	52 
9617	88 
9618	64 
9619	6 
9620	21 
9621	68 
9622	38 
9623	7 
9624	52 
9625	28 
9626	22 
9627	50 
9628	62 
9629	45 
9630	23 
9631	7 
9632	30 
9633	68 
9634	42 
9635	16 
9636	72 
9637	9 
9638	39 
9639	2 
9640	19 
9641	20 
9642	9 
9643	1 
9644	22 
9645	4 
9646	37 
9647	34 
9648	32 
9649	15 
9650	41 
9651	9 
9652	76 
9653	66 
9654	81 
9655	55 
9656	9 
9657	56 
9658	68 
9659	41 
9660	8 
9661	82 
9662	6 
9663	2 
9664	72 
9665	66 
9666	49 
9667	17 
9668	80 
9669	76 
9670	20 
9671	86 
9672	39 
9673	20 
9674	32 
9675	41 
9676	46 
9677	30 
9678	20 
9679	58 
9680	71 
9681	55 
9682	54 
9683	41 
9684	39 
9685	57 
9686	31 
9687	55 
9688	19 
9689	59 
9690	23 
9691	47 
9692	19 
9693	45 
9694	3 
9695	22 
9696	66 
9697	23 
9698	77 
9699	52 
9700	8 
9701	3 
9702	78 
9703	71 
9704	25 
9705	29 
9706	43 
9707	18 
9708	38 
9709	74 
9710	57 
9711	27 
9712	52 
9713	21 
9714	84 
9715	14 
9716	68 
9717	89 
9718	31 
9719	10 
9720	83 
9721	47 
9722	84 
9723	43 
9724	78 
9725	23 
9726	14 
9727	33 
9728	36 
9729	83 
9730	12 
9731	71 
9732	5 
9733	89 
9734	85 
9735	13 
9736	14 
9737	17 
9738	86 
9739	59 
9740	14 
9741	12 
9742	71 
9743	75 
9744	66 
9745	71 
9746	27 
9747	4 
9748	32 
9749	30 
9750	25 
9751	74 
9752	84 
9753	73 
9754	59 
9755	70 
9756	67 
9757	48 
9758	14 
9759	13 
9760	28 
9761	77 
9762	66 
9763	21 
9764	27 
9765	58 
9766	62 
9767	65 
9768	16 
9769	32 
9770	27 
9771	17 
9772	49 
9773	72 
9774	13 
9775	72 
9776	80 
9777	8 
9778	86 
9779	73 
9780	23 
9781	70 
9782	66 
9783	56 
9784	87 
9785	58 
9786	71 
9787	83 
9788	5 
9789	2 
9790	83 
9791	21 
9792	87 
9793	34 
9794	47 
9795	4 
9796	80 
9797	34 
9798	24 
9799	19 
9800	31 
9801	80 
9802	9 
9803	44 
9804	79 
9805	20 
9806	75 
9807	4 
9808	69 
9809	74 
9810	5 
9811	56 
9812	66 
9813	71 
9814	78 
9815	88 
9816	49 
9817	75 
9818	32 
9819	64 
9820	47 
9821	33 
9822	52 
9823	63 
9824	34 
9825	82 
9826	40 
9827	63 
9828	3 
9829	33 
9830	67 
9831	45 
9832	23 
9833	66 
9834	78 
9835	35 
9836	32 
9837	86 
9838	31 
9839	67 
9840	32 
9841	20 
9842	34 
9843	85 
9844	59 
9845	84 
9846	79 
9847	43 
9848	13 
9849	83 
9850	68 
9851	12 
9852	87 
9853	6 
9854	58 
9855	23 
9856	2 
9857	41 
9858	67 
9859	20 
9860	34 
9861	77 
9862	32 
9863	48 
9864	32 
9865	50 
9866	41 
9867	88 
9868	72 
9869	35 
9870	39 
9871	47 
9872	87 
9873	39 
9874	25 
9875	4 
9876	49 
9877	70 
9878	26 
9879	81 
9880	38 
9881	50 
9882	77 
9883	54 
9884	70 
9885	40 
9886	24 
9887	49 
9888	52 
9889	14 
9890	38 
9891	23 
9892	58 
9893	40 
9894	5 
9895	68 
9896	52 
9897	27 
9898	17 
9899	10 
9900	16 
9901	51 
9902	71 
9903	9 
9904	66 
9905	82 
9906	79 
9907	11 
9908	17 
9909	27 
9910	7 
9911	42 
9912	58 
9913	5 
9914	60 
9915	78 
9916	28 
9917	50 
9918	28 
9919	39 
9920	8 
9921	86 
9922	33 
9923	59 
9924	88 
9925	42 
9926	9 
9927	7 
9928	25 
9929	67 
9930	47 
9931	59 
9932	37 
9933	3 
9934	33 
9935	50 
9936	72 
9937	34 
9938	76 
9939	69 
9940	38 
9941	61 
9942	57 
9943	64 
9944	45 
9945	59 
9946	40 
9947	60 
9948	79 
9949	79 
9950	77 
9951	12 
9952	73 
9953	39 
9954	67 
9955	62 
9956	8 
9957	71 
9958	80 
9959	56 
9960	82 
9961	32 
9962	25 
9963	42 
9964	10 
9965	5 
9966	12 
9967	83 
9968	23 
9969	34 
9970	64 
9971	22 
9972	81 
9973	18 
9974	79 
9975	70 
9976	32 
9977	65 
9978	16 
9979	8 
9980	45 
9981	64 
9982	88 
9983	6 
9984	76 
9985	57 
9986	30 
9987	13 
9988	64 
9989	32 
9990	39 
9991	7 
9992	82 
9993	84 
9994	34 
9995	72 
9996	76 
9997	78 
9998	12 
9999	64 
10000	18 
