1	11 
2	40 
3	58 
4	57 
5	34 
6	45 
7	26 
8	62 
9	26 
10	51 
11	62 
12	72 
13	24 
14	77 
15	40 
16	46 
17	17 
18	19 
19	36 
20	76 
21	16 
22	40 
23	82 
24	71 
25	8 
26	77 
27	12 
28	7 
29	9 
30	42 
31	27 
32	63 
33	74 
34	57 
35	75 
36	8 
37	31 
38	57 
39	37 
40	25 
41	4 
42	67 
43	83 
44	62 
45	42 
46	81 
47	49 
48	12 
49	10 
50	64 
51	56 
52	55 
53	79 
54	73 
55	47 
56	10 
57	75 
58	44 
59	47 
60	11 
61	86 
62	86 
63	43 
64	74 
65	36 
66	88 
67	76 
68	16 
69	87 
70	31 
71	34 
72	34 
73	37 
74	72 
75	13 
76	73 
77	27 
78	32 
79	80 
80	74 
81	55 
82	8 
83	72 
84	80 
85	81 
86	15 
87	63 
88	7 
89	34 
90	59 
91	77 
92	63 
93	76 
94	80 
95	17 
96	58 
97	15 
98	33 
99	58 
100	46 
101	26 
102	29 
103	17 
104	42 
105	82 
106	88 
107	50 
108	84 
109	42 
110	54 
111	26 
112	81 
113	17 
114	80 
115	51 
116	20 
117	40 
118	41 
119	28 
120	56 
121	18 
122	30 
123	4 
124	62 
125	48 
126	8 
127	73 
128	64 
129	58 
130	42 
131	89 
132	61 
133	35 
134	70 
135	6 
136	16 
137	83 
138	19 
139	86 
140	69 
141	73 
142	64 
143	53 
144	13 
145	60 
146	86 
147	9 
148	19 
149	17 
150	16 
151	32 
152	6 
153	27 
154	80 
155	70 
156	67 
157	37 
158	62 
159	64 
160	3 
161	55 
162	68 
163	72 
164	62 
165	47 
166	71 
167	10 
168	7 
169	30 
170	63 
171	58 
172	36 
173	39 
174	33 
175	70 
176	67 
177	87 
178	6 
179	20 
180	63 
181	41 
182	37 
183	32 
184	73 
185	68 
186	63 
187	85 
188	65 
189	18 
190	27 
191	48 
192	67 
193	3 
194	80 
195	52 
196	27 
197	59 
198	59 
199	46 
200	31 
201	55 
202	41 
203	88 
204	3 
205	26 
206	14 
207	82 
208	44 
209	42 
210	79 
211	47 
212	63 
213	25 
214	45 
215	29 
216	26 
217	34 
218	13 
219	53 
220	1 
221	8 
222	7 
223	40 
224	27 
225	40 
226	37 
227	13 
228	22 
229	29 
230	77 
231	78 
232	60 
233	2 
234	41 
235	40 
236	88 
237	73 
238	59 
239	15 
240	31 
241	4 
242	27 
243	58 
244	28 
245	87 
246	9 
247	44 
248	15 
249	82 
250	10 
251	12 
252	86 
253	13 
254	25 
255	66 
256	6 
257	68 
258	20 
259	85 
260	34 
261	56 
262	68 
263	22 
264	39 
265	71 
266	7 
267	83 
268	18 
269	37 
270	41 
271	2 
272	3 
273	55 
274	20 
275	63 
276	89 
277	64 
278	69 
279	29 
280	50 
281	25 
282	65 
283	11 
284	65 
285	87 
286	44 
287	55 
288	58 
289	52 
290	25 
291	16 
292	22 
293	41 
294	70 
295	74 
296	70 
297	47 
298	30 
299	83 
300	14 
301	22 
302	37 
303	1 
304	56 
305	29 
306	32 
307	24 
308	40 
309	5 
310	66 
311	79 
312	73 
313	30 
314	18 
315	48 
316	63 
317	27 
318	28 
319	69 
320	20 
321	31 
322	64 
323	83 
324	64 
325	79 
326	7 
327	58 
328	27 
329	32 
330	34 
331	41 
332	58 
333	78 
334	86 
335	85 
336	45 
337	19 
338	65 
339	84 
340	10 
341	63 
342	22 
343	5 
344	8 
345	46 
346	62 
347	44 
348	68 
349	71 
350	32 
351	18 
352	24 
353	88 
354	71 
355	6 
356	6 
357	74 
358	16 
359	4 
360	5 
361	30 
362	15 
363	19 
364	88 
365	85 
366	61 
367	14 
368	8 
369	56 
370	3 
371	85 
372	37 
373	14 
374	76 
375	13 
376	44 
377	51 
378	12 
379	16 
380	30 
381	65 
382	45 
383	43 
384	13 
385	36 
386	23 
387	45 
388	38 
389	25 
390	37 
391	26 
392	31 
393	54 
394	85 
395	28 
396	37 
397	28 
398	37 
399	17 
400	51 
401	87 
402	35 
403	64 
404	20 
405	63 
406	81 
407	43 
408	19 
409	80 
410	57 
411	17 
412	4 
413	26 
414	8 
415	18 
416	69 
417	71 
418	65 
419	64 
420	89 
421	16 
422	69 
423	32 
424	48 
425	87 
426	43 
427	28 
428	50 
429	66 
430	75 
431	62 
432	46 
433	4 
434	27 
435	29 
436	85 
437	25 
438	7 
439	77 
440	66 
441	10 
442	14 
443	82 
444	58 
445	65 
446	77 
447	17 
448	23 
449	81 
450	21 
451	45 
452	52 
453	8 
454	83 
455	3 
456	13 
457	20 
458	74 
459	37 
460	7 
461	48 
462	49 
463	56 
464	49 
465	45 
466	49 
467	67 
468	67 
469	42 
470	6 
471	50 
472	31 
473	26 
474	36 
475	13 
476	84 
477	33 
478	45 
479	19 
480	28 
481	3 
482	16 
483	6 
484	79 
485	84 
486	48 
487	66 
488	18 
489	84 
490	24 
491	73 
492	2 
493	67 
494	20 
495	32 
496	66 
497	41 
498	67 
499	73 
500	69 
501	63 
502	85 
503	69 
504	21 
505	70 
506	46 
507	3 
508	51 
509	69 
510	89 
511	44 
512	30 
513	86 
514	78 
515	11 
516	78 
517	78 
518	25 
519	18 
520	86 
521	69 
522	49 
523	7 
524	7 
525	41 
526	80 
527	58 
528	29 
529	72 
530	20 
531	83 
532	13 
533	36 
534	57 
535	62 
536	82 
537	21 
538	28 
539	36 
540	47 
541	62 
542	5 
543	77 
544	64 
545	22 
546	80 
547	5 
548	7 
549	65 
550	76 
551	30 
552	33 
553	80 
554	16 
555	17 
556	38 
557	74 
558	15 
559	71 
560	79 
561	77 
562	40 
563	27 
564	43 
565	36 
566	67 
567	1 
568	61 
569	19 
570	49 
571	64 
572	49 
573	42 
574	37 
575	38 
576	81 
577	28 
578	51 
579	37 
580	9 
581	81 
582	52 
583	21 
584	1 
585	1 
586	46 
587	46 
588	10 
589	10 
590	83 
591	15 
592	74 
593	54 
594	22 
595	10 
596	72 
597	11 
598	54 
599	16 
600	24 
601	42 
602	19 
603	4 
604	10 
605	8 
606	78 
607	49 
608	23 
609	87 
610	57 
611	65 
612	52 
613	63 
614	20 
615	62 
616	64 
617	9 
618	63 
619	79 
620	28 
621	75 
622	64 
623	57 
624	18 
625	2 
626	58 
627	2 
628	29 
629	74 
630	74 
631	49 
632	75 
633	28 
634	12 
635	7 
636	10 
637	29 
638	65 
639	11 
640	16 
641	6 
642	20 
643	33 
644	10 
645	38 
646	8 
647	78 
648	72 
649	45 
650	20 
651	20 
652	34 
653	69 
654	79 
655	65 
656	33 
657	62 
658	48 
659	70 
660	58 
661	88 
662	32 
663	49 
664	23 
665	84 
666	18 
667	87 
668	62 
669	62 
670	20 
671	5 
672	20 
673	18 
674	45 
675	54 
676	7 
677	34 
678	44 
679	57 
680	19 
681	2 
682	47 
683	45 
684	61 
685	44 
686	88 
687	49 
688	82 
689	19 
690	7 
691	87 
692	33 
693	67 
694	88 
695	7 
696	88 
697	39 
698	11 
699	51 
700	34 
701	41 
702	72 
703	28 
704	55 
705	46 
706	32 
707	6 
708	75 
709	30 
710	78 
711	40 
712	20 
713	11 
714	16 
715	19 
716	36 
717	83 
718	28 
719	30 
720	18 
721	51 
722	2 
723	7 
724	49 
725	40 
726	24 
727	7 
728	2 
729	67 
730	70 
731	37 
732	71 
733	63 
734	11 
735	72 
736	82 
737	5 
738	44 
739	30 
740	10 
741	70 
742	15 
743	39 
744	49 
745	8 
746	49 
747	24 
748	11 
749	9 
750	68 
751	36 
752	40 
753	8 
754	7 
755	16 
756	74 
757	63 
758	64 
759	55 
760	70 
761	17 
762	31 
763	26 
764	65 
765	23 
766	83 
767	79 
768	52 
769	34 
770	12 
771	64 
772	33 
773	16 
774	85 
775	65 
776	11 
777	2 
778	88 
779	73 
780	17 
781	72 
782	28 
783	51 
784	89 
785	3 
786	18 
787	28 
788	60 
789	65 
790	72 
791	17 
792	82 
793	80 
794	50 
795	26 
796	8 
797	34 
798	29 
799	38 
800	69 
801	27 
802	16 
803	5 
804	86 
805	28 
806	11 
807	74 
808	2 
809	64 
810	69 
811	82 
812	25 
813	13 
814	43 
815	47 
816	8 
817	30 
818	73 
819	3 
820	79 
821	9 
822	38 
823	42 
824	68 
825	82 
826	11 
827	17 
828	82 
829	77 
830	16 
831	82 
832	30 
833	64 
834	82 
835	40 
836	36 
837	15 
838	10 
839	1 
840	47 
841	74 
842	35 
843	34 
844	6 
845	55 
846	30 
847	28 
848	62 
849	44 
850	35 
851	33 
852	75 
853	79 
854	15 
855	48 
856	84 
857	67 
858	36 
859	88 
860	10 
861	78 
862	53 
863	36 
864	78 
865	61 
866	66 
867	44 
868	51 
869	61 
870	24 
871	41 
872	77 
873	63 
874	23 
875	4 
876	82 
877	70 
878	1 
879	65 
880	12 
881	65 
882	38 
883	50 
884	20 
885	36 
886	62 
887	61 
888	19 
889	63 
890	83 
891	39 
892	71 
893	36 
894	2 
895	30 
896	43 
897	34 
898	8 
899	25 
900	10 
901	47 
902	56 
903	6 
904	51 
905	86 
906	26 
907	63 
908	75 
909	70 
910	79 
911	41 
912	36 
913	70 
914	44 
915	78 
916	43 
917	63 
918	63 
919	81 
920	66 
921	21 
922	4 
923	63 
924	51 
925	52 
926	20 
927	62 
928	21 
929	80 
930	32 
931	51 
932	80 
933	68 
934	62 
935	18 
936	44 
937	8 
938	43 
939	44 
940	57 
941	26 
942	40 
943	3 
944	26 
945	73 
946	10 
947	45 
948	54 
949	8 
950	80 
951	19 
952	47 
953	45 
954	8 
955	27 
956	79 
957	51 
958	74 
959	68 
960	28 
961	71 
962	42 
963	52 
964	11 
965	27 
966	72 
967	41 
968	66 
969	31 
970	42 
971	11 
972	53 
973	55 
974	13 
975	28 
976	46 
977	7 
978	82 
979	71 
980	69 
981	51 
982	74 
983	82 
984	49 
985	84 
986	76 
987	73 
988	24 
989	78 
990	78 
991	11 
992	13 
993	47 
994	62 
995	19 
996	26 
997	8 
998	57 
999	15 
1000	55 
1001	59 
1002	38 
1003	23 
1004	75 
1005	87 
1006	75 
1007	54 
1008	46 
1009	39 
1010	24 
1011	26 
1012	88 
1013	57 
1014	39 
1015	12 
1016	78 
1017	58 
1018	17 
1019	63 
1020	64 
1021	81 
1022	70 
1023	42 
1024	54 
1025	1 
1026	86 
1027	74 
1028	86 
1029	68 
1030	38 
1031	57 
1032	41 
1033	64 
1034	89 
1035	17 
1036	50 
1037	86 
1038	45 
1039	12 
1040	71 
1041	63 
1042	54 
1043	66 
1044	63 
1045	15 
1046	66 
1047	52 
1048	5 
1049	56 
1050	68 
1051	7 
1052	21 
1053	57 
1054	54 
1055	72 
1056	69 
1057	32 
1058	19 
1059	37 
1060	53 
1061	56 
1062	88 
1063	7 
1064	9 
1065	4 
1066	72 
1067	27 
1068	86 
1069	61 
1070	89 
1071	75 
1072	55 
1073	78 
1074	14 
1075	45 
1076	84 
1077	52 
1078	53 
1079	30 
1080	8 
1081	34 
1082	15 
1083	4 
1084	86 
1085	13 
1086	55 
1087	58 
1088	5 
1089	44 
1090	66 
1091	57 
1092	58 
1093	59 
1094	70 
1095	34 
1096	64 
1097	58 
1098	86 
1099	88 
1100	60 
1101	9 
1102	64 
1103	77 
1104	71 
1105	67 
1106	40 
1107	69 
1108	66 
1109	13 
1110	49 
1111	15 
1112	34 
1113	80 
1114	29 
1115	6 
1116	65 
1117	18 
1118	22 
1119	55 
1120	61 
1121	40 
1122	87 
1123	82 
1124	62 
1125	30 
1126	65 
1127	78 
1128	26 
1129	1 
1130	48 
1131	5 
1132	51 
1133	80 
1134	41 
1135	44 
1136	51 
1137	75 
1138	15 
1139	74 
1140	44 
1141	8 
1142	23 
1143	50 
1144	46 
1145	45 
1146	54 
1147	76 
1148	36 
1149	51 
1150	13 
1151	67 
1152	26 
1153	84 
1154	17 
1155	36 
1156	15 
1157	4 
1158	59 
1159	24 
1160	63 
1161	50 
1162	36 
1163	9 
1164	74 
1165	31 
1166	21 
1167	32 
1168	28 
1169	86 
1170	83 
1171	15 
1172	34 
1173	77 
1174	59 
1175	69 
1176	69 
1177	30 
1178	74 
1179	44 
1180	13 
1181	25 
1182	5 
1183	2 
1184	61 
1185	19 
1186	74 
1187	64 
1188	3 
1189	19 
1190	35 
1191	20 
1192	86 
1193	38 
1194	6 
1195	16 
1196	34 
1197	7 
1198	62 
1199	55 
1200	70 
1201	16 
1202	5 
1203	12 
1204	2 
1205	8 
1206	37 
1207	10 
1208	81 
1209	87 
1210	34 
1211	13 
1212	74 
1213	33 
1214	32 
1215	72 
1216	88 
1217	36 
1218	52 
1219	15 
1220	4 
1221	27 
1222	74 
1223	61 
1224	58 
1225	16 
1226	39 
1227	24 
1228	29 
1229	47 
1230	57 
1231	46 
1232	69 
1233	48 
1234	60 
1235	29 
1236	72 
1237	39 
1238	32 
1239	56 
1240	37 
1241	49 
1242	86 
1243	49 
1244	50 
1245	69 
1246	51 
1247	14 
1248	60 
1249	15 
1250	68 
1251	29 
1252	39 
1253	13 
1254	50 
1255	36 
1256	45 
1257	36 
1258	1 
1259	17 
1260	29 
1261	13 
1262	3 
1263	36 
1264	32 
1265	32 
1266	4 
1267	23 
1268	23 
1269	88 
1270	62 
1271	6 
1272	23 
1273	64 
1274	6 
1275	68 
1276	62 
1277	13 
1278	85 
1279	17 
1280	65 
1281	55 
1282	14 
1283	17 
1284	16 
1285	71 
1286	54 
1287	61 
1288	58 
1289	72 
1290	4 
1291	8 
1292	65 
1293	88 
1294	67 
1295	24 
1296	1 
1297	64 
1298	88 
1299	11 
1300	47 
1301	61 
1302	87 
1303	42 
1304	28 
1305	38 
1306	47 
1307	51 
1308	46 
1309	69 
1310	40 
1311	42 
1312	26 
1313	88 
1314	75 
1315	84 
1316	60 
1317	54 
1318	37 
1319	74 
1320	80 
1321	60 
1322	43 
1323	67 
1324	49 
1325	26 
1326	54 
1327	34 
1328	28 
1329	64 
1330	10 
1331	46 
1332	63 
1333	3 
1334	24 
1335	16 
1336	11 
1337	36 
1338	49 
1339	58 
1340	2 
1341	67 
1342	7 
1343	37 
1344	7 
1345	33 
1346	83 
1347	57 
1348	56 
1349	76 
1350	69 
1351	26 
1352	78 
1353	69 
1354	54 
1355	59 
1356	49 
1357	76 
1358	59 
1359	1 
1360	89 
1361	2 
1362	20 
1363	24 
1364	56 
1365	14 
1366	31 
1367	17 
1368	12 
1369	17 
1370	45 
1371	85 
1372	72 
1373	45 
1374	49 
1375	11 
1376	27 
1377	76 
1378	58 
1379	8 
1380	8 
1381	52 
1382	51 
1383	75 
1384	43 
1385	7 
1386	66 
1387	15 
1388	8 
1389	30 
1390	54 
1391	26 
1392	38 
1393	65 
1394	39 
1395	25 
1396	61 
1397	55 
1398	80 
1399	53 
1400	83 
1401	59 
1402	1 
1403	10 
1404	16 
1405	20 
1406	67 
1407	46 
1408	54 
1409	58 
1410	9 
1411	66 
1412	70 
1413	11 
1414	35 
1415	44 
1416	15 
1417	52 
1418	88 
1419	30 
1420	5 
1421	77 
1422	59 
1423	80 
1424	23 
1425	6 
1426	83 
1427	37 
1428	85 
1429	28 
1430	7 
1431	64 
1432	24 
1433	51 
1434	61 
1435	1 
1436	6 
1437	78 
1438	2 
1439	74 
1440	2 
1441	73 
1442	53 
1443	45 
1444	46 
1445	49 
1446	51 
1447	25 
1448	74 
1449	61 
1450	62 
1451	49 
1452	43 
1453	54 
1454	18 
1455	15 
1456	75 
1457	61 
1458	4 
1459	8 
1460	64 
1461	78 
1462	35 
1463	68 
1464	29 
1465	17 
1466	32 
1467	59 
1468	9 
1469	82 
1470	36 
1471	3 
1472	51 
1473	31 
1474	37 
1475	38 
1476	2 
1477	1 
1478	54 
1479	40 
1480	48 
1481	75 
1482	63 
1483	6 
1484	5 
1485	68 
1486	21 
1487	39 
1488	85 
1489	87 
1490	7 
1491	53 
1492	30 
1493	75 
1494	11 
1495	81 
1496	15 
1497	48 
1498	19 
1499	58 
1500	18 
1501	73 
1502	9 
1503	51 
1504	87 
1505	82 
1506	18 
1507	48 
1508	8 
1509	49 
1510	29 
1511	42 
1512	12 
1513	61 
1514	44 
1515	71 
1516	76 
1517	8 
1518	2 
1519	38 
1520	9 
1521	17 
1522	11 
1523	71 
1524	54 
1525	41 
1526	50 
1527	11 
1528	84 
1529	54 
1530	55 
1531	43 
1532	63 
1533	10 
1534	59 
1535	65 
1536	30 
1537	7 
1538	64 
1539	63 
1540	51 
1541	19 
1542	28 
1543	3 
1544	40 
1545	83 
1546	24 
1547	1 
1548	62 
1549	22 
1550	71 
1551	66 
1552	50 
1553	35 
1554	10 
1555	47 
1556	56 
1557	20 
1558	7 
1559	79 
1560	6 
1561	40 
1562	70 
1563	75 
1564	50 
1565	58 
1566	87 
1567	9 
1568	60 
1569	67 
1570	80 
1571	49 
1572	6 
1573	77 
1574	63 
1575	8 
1576	89 
1577	36 
1578	63 
1579	86 
1580	77 
1581	32 
1582	53 
1583	16 
1584	52 
1585	44 
1586	36 
1587	30 
1588	6 
1589	65 
1590	6 
1591	63 
1592	66 
1593	39 
1594	85 
1595	71 
1596	43 
1597	1 
1598	7 
1599	44 
1600	34 
1601	3 
1602	51 
1603	63 
1604	29 
1605	83 
1606	7 
1607	61 
1608	19 
1609	36 
1610	5 
1611	80 
1612	20 
1613	52 
1614	88 
1615	70 
1616	28 
1617	27 
1618	16 
1619	15 
1620	88 
1621	88 
1622	30 
1623	47 
1624	28 
1625	63 
1626	79 
1627	57 
1628	22 
1629	3 
1630	9 
1631	34 
1632	41 
1633	65 
1634	55 
1635	89 
1636	54 
1637	11 
1638	80 
1639	58 
1640	72 
1641	73 
1642	24 
1643	7 
1644	35 
1645	66 
1646	16 
1647	78 
1648	8 
1649	88 
1650	41 
1651	18 
1652	5 
1653	21 
1654	62 
1655	42 
1656	45 
1657	29 
1658	22 
1659	56 
1660	28 
1661	2 
1662	22 
1663	31 
1664	12 
1665	9 
1666	19 
1667	89 
1668	53 
1669	32 
1670	16 
1671	29 
1672	63 
1673	23 
1674	79 
1675	40 
1676	3 
1677	82 
1678	66 
1679	6 
1680	55 
1681	40 
1682	58 
1683	27 
1684	5 
1685	6 
1686	15 
1687	31 
1688	5 
1689	10 
1690	64 
1691	63 
1692	30 
1693	79 
1694	83 
1695	54 
1696	11 
1697	83 
1698	32 
1699	63 
1700	17 
1701	13 
1702	10 
1703	20 
1704	47 
1705	16 
1706	71 
1707	16 
1708	80 
1709	53 
1710	18 
1711	19 
1712	5 
1713	47 
1714	50 
1715	27 
1716	3 
1717	79 
1718	23 
1719	50 
1720	56 
1721	28 
1722	38 
1723	48 
1724	78 
1725	63 
1726	84 
1727	70 
1728	56 
1729	39 
1730	4 
1731	20 
1732	25 
1733	37 
1734	45 
1735	79 
1736	43 
1737	69 
1738	17 
1739	64 
1740	31 
1741	75 
1742	79 
1743	84 
1744	86 
1745	7 
1746	54 
1747	25 
1748	26 
1749	34 
1750	88 
1751	36 
1752	65 
1753	8 
1754	35 
1755	52 
1756	28 
1757	88 
1758	61 
1759	65 
1760	16 
1761	60 
1762	38 
1763	36 
1764	26 
1765	38 
1766	18 
1767	21 
1768	65 
1769	51 
1770	37 
1771	36 
1772	29 
1773	12 
1774	20 
1775	35 
1776	5 
1777	47 
1778	35 
1779	14 
1780	77 
1781	55 
1782	31 
1783	57 
1784	12 
1785	17 
1786	8 
1787	60 
1788	44 
1789	34 
1790	37 
1791	76 
1792	11 
1793	75 
1794	63 
1795	24 
1796	44 
1797	54 
1798	68 
1799	87 
1800	5 
1801	37 
1802	55 
1803	8 
1804	1 
1805	5 
1806	16 
1807	57 
1808	39 
1809	73 
1810	74 
1811	60 
1812	26 
1813	53 
1814	37 
1815	89 
1816	69 
1817	25 
1818	64 
1819	42 
1820	62 
1821	6 
1822	67 
1823	58 
1824	23 
1825	7 
1826	13 
1827	70 
1828	85 
1829	63 
1830	1 
1831	15 
1832	81 
1833	76 
1834	56 
1835	6 
1836	24 
1837	34 
1838	14 
1839	1 
1840	1 
1841	49 
1842	30 
1843	26 
1844	58 
1845	72 
1846	58 
1847	30 
1848	62 
1849	54 
1850	38 
1851	85 
1852	81 
1853	83 
1854	68 
1855	70 
1856	13 
1857	76 
1858	49 
1859	13 
1860	26 
1861	63 
1862	46 
1863	49 
1864	17 
1865	58 
1866	37 
1867	28 
1868	66 
1869	8 
1870	32 
1871	49 
1872	21 
1873	62 
1874	51 
1875	8 
1876	33 
1877	71 
1878	65 
1879	62 
1880	74 
1881	30 
1882	87 
1883	20 
1884	6 
1885	23 
1886	26 
1887	62 
1888	49 
1889	1 
1890	80 
1891	16 
1892	15 
1893	17 
1894	26 
1895	8 
1896	20 
1897	88 
1898	22 
1899	14 
1900	25 
1901	51 
1902	25 
1903	55 
1904	34 
1905	72 
1906	56 
1907	41 
1908	50 
1909	15 
1910	6 
1911	48 
1912	1 
1913	56 
1914	70 
1915	60 
1916	57 
1917	59 
1918	17 
1919	87 
1920	58 
1921	69 
1922	75 
1923	10 
1924	59 
1925	59 
1926	35 
1927	34 
1928	75 
1929	5 
1930	46 
1931	51 
1932	50 
1933	9 
1934	89 
1935	11 
1936	7 
1937	19 
1938	43 
1939	67 
1940	74 
1941	9 
1942	42 
1943	55 
1944	64 
1945	74 
1946	41 
1947	39 
1948	22 
1949	10 
1950	74 
1951	71 
1952	5 
1953	53 
1954	19 
1955	65 
1956	57 
1957	85 
1958	87 
1959	81 
1960	55 
1961	2 
1962	28 
1963	79 
1964	2 
1965	23 
1966	40 
1967	54 
1968	65 
1969	38 
1970	8 
1971	5 
1972	24 
1973	38 
1974	70 
1975	8 
1976	65 
1977	89 
1978	33 
1979	13 
1980	5 
1981	84 
1982	70 
1983	66 
1984	42 
1985	31 
1986	23 
1987	84 
1988	59 
1989	2 
1990	28 
1991	58 
1992	27 
1993	38 
1994	20 
1995	88 
1996	26 
1997	79 
1998	44 
1999	30 
2000	34 
2001	29 
2002	71 
2003	67 
2004	46 
2005	30 
2006	59 
2007	85 
2008	37 
2009	39 
2010	17 
2011	54 
2012	15 
2013	85 
2014	24 
2015	14 
2016	37 
2017	75 
2018	33 
2019	75 
2020	2 
2021	61 
2022	84 
2023	58 
2024	24 
2025	73 
2026	17 
2027	65 
2028	21 
2029	50 
2030	60 
2031	10 
2032	69 
2033	62 
2034	1 
2035	8 
2036	33 
2037	82 
2038	80 
2039	12 
2040	58 
2041	43 
2042	27 
2043	59 
2044	6 
2045	78 
2046	81 
2047	73 
2048	19 
2049	86 
2050	57 
2051	84 
2052	87 
2053	22 
2054	24 
2055	76 
2056	48 
2057	74 
2058	86 
2059	57 
2060	26 
2061	9 
2062	84 
2063	73 
2064	55 
2065	12 
2066	78 
2067	26 
2068	40 
2069	38 
2070	8 
2071	39 
2072	8 
2073	62 
2074	40 
2075	18 
2076	74 
2077	82 
2078	69 
2079	14 
2080	72 
2081	46 
2082	48 
2083	20 
2084	81 
2085	46 
2086	2 
2087	13 
2088	76 
2089	53 
2090	84 
2091	73 
2092	13 
2093	22 
2094	34 
2095	47 
2096	56 
2097	56 
2098	36 
2099	84 
2100	30 
2101	37 
2102	39 
2103	25 
2104	68 
2105	19 
2106	58 
2107	89 
2108	77 
2109	49 
2110	88 
2111	63 
2112	88 
2113	75 
2114	35 
2115	74 
2116	36 
2117	82 
2118	23 
2119	71 
2120	11 
2121	84 
2122	5 
2123	7 
2124	6 
2125	55 
2126	12 
2127	78 
2128	13 
2129	60 
2130	50 
2131	35 
2132	64 
2133	72 
2134	42 
2135	11 
2136	76 
2137	35 
2138	60 
2139	72 
2140	6 
2141	1 
2142	46 
2143	6 
2144	79 
2145	77 
2146	78 
2147	83 
2148	65 
2149	15 
2150	23 
2151	8 
2152	89 
2153	30 
2154	68 
2155	64 
2156	49 
2157	79 
2158	22 
2159	89 
2160	51 
2161	27 
2162	73 
2163	36 
2164	6 
2165	9 
2166	69 
2167	82 
2168	84 
2169	2 
2170	63 
2171	26 
2172	29 
2173	59 
2174	75 
2175	89 
2176	56 
2177	69 
2178	35 
2179	74 
2180	49 
2181	42 
2182	51 
2183	41 
2184	36 
2185	8 
2186	64 
2187	71 
2188	33 
2189	63 
2190	59 
2191	21 
2192	44 
2193	53 
2194	2 
2195	81 
2196	6 
2197	36 
2198	11 
2199	56 
2200	6 
2201	15 
2202	33 
2203	18 
2204	89 
2205	82 
2206	45 
2207	85 
2208	77 
2209	7 
2210	67 
2211	57 
2212	32 
2213	46 
2214	24 
2215	68 
2216	42 
2217	45 
2218	49 
2219	22 
2220	28 
2221	1 
2222	31 
2223	88 
2224	57 
2225	88 
2226	83 
2227	80 
2228	63 
2229	26 
2230	57 
2231	29 
2232	61 
2233	71 
2234	76 
2235	43 
2236	2 
2237	39 
2238	78 
2239	71 
2240	67 
2241	87 
2242	29 
2243	50 
2244	26 
2245	31 
2246	58 
2247	5 
2248	65 
2249	54 
2250	67 
2251	4 
2252	80 
2253	73 
2254	15 
2255	53 
2256	82 
2257	52 
2258	74 
2259	40 
2260	33 
2261	17 
2262	23 
2263	11 
2264	20 
2265	88 
2266	45 
2267	2 
2268	73 
2269	36 
2270	30 
2271	8 
2272	88 
2273	35 
2274	66 
2275	62 
2276	89 
2277	3 
2278	25 
2279	8 
2280	30 
2281	9 
2282	42 
2283	18 
2284	19 
2285	7 
2286	47 
2287	51 
2288	16 
2289	73 
2290	31 
2291	42 
2292	15 
2293	34 
2294	24 
2295	54 
2296	2 
2297	59 
2298	6 
2299	35 
2300	75 
2301	56 
2302	36 
2303	83 
2304	7 
2305	38 
2306	67 
2307	65 
2308	25 
2309	30 
2310	60 
2311	64 
2312	20 
2313	45 
2314	24 
2315	9 
2316	17 
2317	89 
2318	65 
2319	70 
2320	55 
2321	70 
2322	89 
2323	15 
2324	52 
2325	69 
2326	37 
2327	58 
2328	42 
2329	70 
2330	67 
2331	34 
2332	1 
2333	64 
2334	65 
2335	52 
2336	54 
2337	89 
2338	82 
2339	9 
2340	1 
2341	65 
2342	23 
2343	3 
2344	55 
2345	17 
2346	36 
2347	68 
2348	50 
2349	83 
2350	13 
2351	36 
2352	82 
2353	50 
2354	80 
2355	88 
2356	22 
2357	18 
2358	33 
2359	55 
2360	11 
2361	46 
2362	63 
2363	56 
2364	48 
2365	54 
2366	50 
2367	40 
2368	11 
2369	56 
2370	19 
2371	2 
2372	64 
2373	74 
2374	87 
2375	32 
2376	57 
2377	17 
2378	39 
2379	72 
2380	23 
2381	31 
2382	40 
2383	65 
2384	4 
2385	78 
2386	29 
2387	79 
2388	4 
2389	78 
2390	43 
2391	16 
2392	71 
2393	78 
2394	30 
2395	63 
2396	33 
2397	69 
2398	41 
2399	66 
2400	33 
2401	65 
2402	28 
2403	75 
2404	8 
2405	77 
2406	24 
2407	28 
2408	74 
2409	15 
2410	64 
2411	52 
2412	1 
2413	58 
2414	75 
2415	2 
2416	63 
2417	37 
2418	1 
2419	42 
2420	35 
2421	24 
2422	39 
2423	16 
2424	86 
2425	37 
2426	60 
2427	83 
2428	15 
2429	21 
2430	80 
2431	19 
2432	8 
2433	66 
2434	49 
2435	80 
2436	58 
2437	34 
2438	64 
2439	15 
2440	35 
2441	41 
2442	3 
2443	28 
2444	67 
2445	62 
2446	80 
2447	10 
2448	38 
2449	23 
2450	48 
2451	28 
2452	29 
2453	62 
2454	39 
2455	66 
2456	38 
2457	19 
2458	26 
2459	43 
2460	57 
2461	73 
2462	22 
2463	24 
2464	54 
2465	28 
2466	36 
2467	20 
2468	21 
2469	17 
2470	65 
2471	18 
2472	87 
2473	27 
2474	57 
2475	40 
2476	55 
2477	29 
2478	52 
2479	42 
2480	50 
2481	84 
2482	51 
2483	57 
2484	22 
2485	42 
2486	41 
2487	73 
2488	55 
2489	79 
2490	66 
2491	34 
2492	30 
2493	1 
2494	67 
2495	33 
2496	60 
2497	70 
2498	42 
2499	8 
2500	25 
2501	46 
2502	80 
2503	77 
2504	21 
2505	27 
2506	73 
2507	36 
2508	46 
2509	69 
2510	23 
2511	46 
2512	71 
2513	51 
2514	48 
2515	79 
2516	22 
2517	61 
2518	79 
2519	50 
2520	13 
2521	46 
2522	55 
2523	75 
2524	9 
2525	66 
2526	81 
2527	58 
2528	17 
2529	88 
2530	72 
2531	88 
2532	35 
2533	44 
2534	65 
2535	36 
2536	29 
2537	80 
2538	15 
2539	66 
2540	64 
2541	59 
2542	9 
2543	40 
2544	62 
2545	71 
2546	30 
2547	20 
2548	86 
2549	87 
2550	3 
2551	47 
2552	67 
2553	8 
2554	16 
2555	60 
2556	8 
2557	21 
2558	87 
2559	64 
2560	12 
2561	46 
2562	61 
2563	49 
2564	27 
2565	82 
2566	23 
2567	45 
2568	54 
2569	19 
2570	66 
2571	71 
2572	4 
2573	70 
2574	51 
2575	15 
2576	34 
2577	71 
2578	59 
2579	75 
2580	42 
2581	72 
2582	75 
2583	6 
2584	51 
2585	61 
2586	56 
2587	2 
2588	36 
2589	65 
2590	51 
2591	5 
2592	79 
2593	58 
2594	9 
2595	28 
2596	29 
2597	63 
2598	62 
2599	51 
2600	84 
2601	74 
2602	52 
2603	3 
2604	55 
2605	88 
2606	59 
2607	83 
2608	27 
2609	53 
2610	84 
2611	63 
2612	11 
2613	40 
2614	8 
2615	86 
2616	30 
2617	70 
2618	28 
2619	50 
2620	80 
2621	31 
2622	54 
2623	3 
2624	27 
2625	3 
2626	57 
2627	71 
2628	67 
2629	42 
2630	3 
2631	4 
2632	82 
2633	51 
2634	58 
2635	24 
2636	44 
2637	55 
2638	37 
2639	11 
2640	29 
2641	26 
2642	71 
2643	21 
2644	6 
2645	11 
2646	17 
2647	68 
2648	80 
2649	73 
2650	54 
2651	5 
2652	38 
2653	65 
2654	31 
2655	12 
2656	80 
2657	30 
2658	76 
2659	61 
2660	48 
2661	19 
2662	67 
2663	7 
2664	82 
2665	44 
2666	1 
2667	54 
2668	73 
2669	53 
2670	8 
2671	63 
2672	40 
2673	27 
2674	68 
2675	65 
2676	34 
2677	34 
2678	9 
2679	79 
2680	23 
2681	69 
2682	76 
2683	23 
2684	20 
2685	8 
2686	6 
2687	34 
2688	58 
2689	58 
2690	44 
2691	43 
2692	39 
2693	24 
2694	41 
2695	56 
2696	24 
2697	42 
2698	41 
2699	20 
2700	21 
2701	70 
2702	39 
2703	88 
2704	37 
2705	63 
2706	62 
2707	46 
2708	36 
2709	42 
2710	20 
2711	14 
2712	24 
2713	26 
2714	47 
2715	89 
2716	64 
2717	66 
2718	72 
2719	12 
2720	72 
2721	58 
2722	6 
2723	52 
2724	20 
2725	61 
2726	42 
2727	38 
2728	31 
2729	62 
2730	82 
2731	34 
2732	33 
2733	69 
2734	3 
2735	59 
2736	29 
2737	50 
2738	18 
2739	38 
2740	81 
2741	39 
2742	9 
2743	35 
2744	30 
2745	76 
2746	57 
2747	68 
2748	78 
2749	68 
2750	56 
2751	50 
2752	87 
2753	28 
2754	52 
2755	11 
2756	42 
2757	7 
2758	86 
2759	27 
2760	18 
2761	5 
2762	38 
2763	79 
2764	78 
2765	72 
2766	23 
2767	81 
2768	27 
2769	36 
2770	43 
2771	11 
2772	65 
2773	72 
2774	52 
2775	69 
2776	45 
2777	51 
2778	60 
2779	69 
2780	46 
2781	80 
2782	25 
2783	81 
2784	4 
2785	76 
2786	31 
2787	25 
2788	3 
2789	55 
2790	60 
2791	83 
2792	57 
2793	78 
2794	48 
2795	55 
2796	61 
2797	81 
2798	12 
2799	35 
2800	51 
2801	14 
2802	51 
2803	14 
2804	79 
2805	67 
2806	34 
2807	22 
2808	72 
2809	7 
2810	89 
2811	31 
2812	16 
2813	10 
2814	33 
2815	42 
2816	38 
2817	79 
2818	65 
2819	65 
2820	49 
2821	62 
2822	70 
2823	88 
2824	65 
2825	15 
2826	5 
2827	8 
2828	22 
2829	16 
2830	4 
2831	51 
2832	39 
2833	15 
2834	5 
2835	10 
2836	82 
2837	72 
2838	61 
2839	52 
2840	74 
2841	55 
2842	19 
2843	18 
2844	41 
2845	69 
2846	10 
2847	17 
2848	89 
2849	64 
2850	50 
2851	81 
2852	21 
2853	54 
2854	11 
2855	46 
2856	82 
2857	85 
2858	34 
2859	65 
2860	52 
2861	2 
2862	8 
2863	69 
2864	60 
2865	21 
2866	80 
2867	67 
2868	65 
2869	9 
2870	34 
2871	58 
2872	45 
2873	77 
2874	11 
2875	67 
2876	52 
2877	71 
2878	42 
2879	41 
2880	7 
2881	84 
2882	47 
2883	34 
2884	78 
2885	81 
2886	67 
2887	6 
2888	45 
2889	18 
2890	45 
2891	18 
2892	63 
2893	83 
2894	29 
2895	10 
2896	1 
2897	26 
2898	46 
2899	26 
2900	14 
2901	30 
2902	81 
2903	80 
2904	10 
2905	40 
2906	28 
2907	24 
2908	75 
2909	44 
2910	41 
2911	57 
2912	54 
2913	78 
2914	40 
2915	72 
2916	84 
2917	80 
2918	57 
2919	87 
2920	29 
2921	71 
2922	84 
2923	63 
2924	2 
2925	22 
2926	2 
2927	77 
2928	73 
2929	12 
2930	78 
2931	66 
2932	18 
2933	74 
2934	21 
2935	52 
2936	1 
2937	80 
2938	52 
2939	59 
2940	67 
2941	80 
2942	5 
2943	50 
2944	5 
2945	7 
2946	58 
2947	24 
2948	55 
2949	13 
2950	69 
2951	64 
2952	60 
2953	51 
2954	69 
2955	41 
2956	34 
2957	49 
2958	3 
2959	34 
2960	48 
2961	45 
2962	3 
2963	48 
2964	81 
2965	10 
2966	18 
2967	19 
2968	18 
2969	17 
2970	67 
2971	22 
2972	3 
2973	15 
2974	86 
2975	34 
2976	35 
2977	14 
2978	62 
2979	29 
2980	22 
2981	68 
2982	51 
2983	18 
2984	76 
2985	73 
2986	74 
2987	1 
2988	82 
2989	78 
2990	43 
2991	4 
2992	87 
2993	81 
2994	40 
2995	6 
2996	19 
2997	38 
2998	63 
2999	81 
3000	70 
3001	78 
3002	70 
3003	56 
3004	17 
3005	86 
3006	71 
3007	9 
3008	9 
3009	61 
3010	66 
3011	74 
3012	69 
3013	9 
3014	37 
3015	14 
3016	84 
3017	46 
3018	57 
3019	36 
3020	64 
3021	88 
3022	59 
3023	43 
3024	56 
3025	28 
3026	14 
3027	59 
3028	32 
3029	10 
3030	31 
3031	57 
3032	29 
3033	59 
3034	52 
3035	16 
3036	44 
3037	87 
3038	82 
3039	35 
3040	69 
3041	41 
3042	73 
3043	64 
3044	80 
3045	78 
3046	13 
3047	60 
3048	36 
3049	78 
3050	65 
3051	37 
3052	74 
3053	78 
3054	10 
3055	61 
3056	72 
3057	12 
3058	1 
3059	41 
3060	65 
3061	40 
3062	67 
3063	88 
3064	30 
3065	29 
3066	24 
3067	11 
3068	19 
3069	53 
3070	23 
3071	11 
3072	44 
3073	17 
3074	6 
3075	64 
3076	56 
3077	3 
3078	51 
3079	16 
3080	15 
3081	22 
3082	71 
3083	81 
3084	56 
3085	55 
3086	64 
3087	39 
3088	26 
3089	66 
3090	34 
3091	6 
3092	43 
3093	26 
3094	87 
3095	78 
3096	31 
3097	71 
3098	26 
3099	51 
3100	85 
3101	75 
3102	34 
3103	48 
3104	63 
3105	34 
3106	65 
3107	4 
3108	85 
3109	25 
3110	44 
3111	65 
3112	13 
3113	3 
3114	68 
3115	71 
3116	42 
3117	20 
3118	71 
3119	28 
3120	78 
3121	67 
3122	14 
3123	64 
3124	24 
3125	24 
3126	56 
3127	16 
3128	59 
3129	71 
3130	65 
3131	63 
3132	64 
3133	71 
3134	5 
3135	50 
3136	73 
3137	67 
3138	6 
3139	29 
3140	85 
3141	84 
3142	17 
3143	64 
3144	20 
3145	53 
3146	48 
3147	43 
3148	54 
3149	54 
3150	63 
3151	32 
3152	10 
3153	10 
3154	31 
3155	29 
3156	44 
3157	23 
3158	84 
3159	68 
3160	32 
3161	42 
3162	8 
3163	43 
3164	74 
3165	81 
3166	24 
3167	19 
3168	79 
3169	60 
3170	78 
3171	86 
3172	19 
3173	8 
3174	19 
3175	9 
3176	73 
3177	55 
3178	6 
3179	54 
3180	87 
3181	37 
3182	36 
3183	1 
3184	59 
3185	56 
3186	68 
3187	32 
3188	80 
3189	64 
3190	20 
3191	2 
3192	3 
3193	79 
3194	79 
3195	61 
3196	81 
3197	79 
3198	21 
3199	38 
3200	27 
3201	1 
3202	42 
3203	73 
3204	55 
3205	21 
3206	18 
3207	49 
3208	29 
3209	50 
3210	34 
3211	62 
3212	63 
3213	65 
3214	29 
3215	3 
3216	10 
3217	65 
3218	41 
3219	35 
3220	17 
3221	38 
3222	45 
3223	45 
3224	28 
3225	38 
3226	37 
3227	18 
3228	47 
3229	66 
3230	48 
3231	86 
3232	85 
3233	87 
3234	83 
3235	48 
3236	64 
3237	84 
3238	7 
3239	72 
3240	45 
3241	77 
3242	5 
3243	15 
3244	67 
3245	53 
3246	10 
3247	11 
3248	80 
3249	44 
3250	82 
3251	85 
3252	77 
3253	74 
3254	87 
3255	48 
3256	59 
3257	88 
3258	55 
3259	7 
3260	10 
3261	36 
3262	51 
3263	42 
3264	83 
3265	24 
3266	8 
3267	49 
3268	45 
3269	17 
3270	39 
3271	57 
3272	49 
3273	26 
3274	88 
3275	2 
3276	69 
3277	13 
3278	23 
3279	81 
3280	15 
3281	71 
3282	52 
3283	34 
3284	51 
3285	63 
3286	86 
3287	31 
3288	86 
3289	71 
3290	71 
3291	14 
3292	80 
3293	83 
3294	36 
3295	58 
3296	23 
3297	28 
3298	58 
3299	14 
3300	62 
3301	14 
3302	9 
3303	63 
3304	69 
3305	40 
3306	64 
3307	32 
3308	10 
3309	47 
3310	24 
3311	35 
3312	43 
3313	85 
3314	5 
3315	6 
3316	26 
3317	3 
3318	10 
3319	15 
3320	79 
3321	65 
3322	37 
3323	17 
3324	18 
3325	28 
3326	88 
3327	30 
3328	29 
3329	33 
3330	15 
3331	54 
3332	55 
3333	39 
3334	52 
3335	41 
3336	83 
3337	44 
3338	63 
3339	71 
3340	3 
3341	77 
3342	68 
3343	26 
3344	9 
3345	61 
3346	45 
3347	16 
3348	37 
3349	13 
3350	42 
3351	29 
3352	1 
3353	13 
3354	41 
3355	27 
3356	2 
3357	72 
3358	22 
3359	48 
3360	55 
3361	51 
3362	75 
3363	17 
3364	9 
3365	53 
3366	3 
3367	73 
3368	60 
3369	63 
3370	11 
3371	71 
3372	49 
3373	41 
3374	34 
3375	89 
3376	54 
3377	14 
3378	49 
3379	9 
3380	54 
3381	44 
3382	71 
3383	28 
3384	66 
3385	79 
3386	21 
3387	5 
3388	77 
3389	52 
3390	50 
3391	9 
3392	53 
3393	71 
3394	73 
3395	3 
3396	55 
3397	71 
3398	55 
3399	81 
3400	8 
3401	46 
3402	55 
3403	57 
3404	39 
3405	63 
3406	28 
3407	22 
3408	51 
3409	82 
3410	57 
3411	15 
3412	58 
3413	6 
3414	39 
3415	69 
3416	47 
3417	46 
3418	35 
3419	71 
3420	85 
3421	46 
3422	24 
3423	75 
3424	45 
3425	80 
3426	28 
3427	60 
3428	56 
3429	13 
3430	78 
3431	81 
3432	18 
3433	83 
3434	84 
3435	9 
3436	87 
3437	12 
3438	25 
3439	37 
3440	26 
3441	54 
3442	31 
3443	42 
3444	10 
3445	10 
3446	89 
3447	3 
3448	67 
3449	61 
3450	56 
3451	9 
3452	79 
3453	73 
3454	21 
3455	10 
3456	79 
3457	61 
3458	44 
3459	4 
3460	35 
3461	49 
3462	45 
3463	41 
3464	8 
3465	65 
3466	4 
3467	24 
3468	16 
3469	67 
3470	34 
3471	63 
3472	60 
3473	55 
3474	87 
3475	60 
3476	12 
3477	1 
3478	38 
3479	5 
3480	37 
3481	89 
3482	52 
3483	6 
3484	69 
3485	45 
3486	49 
3487	18 
3488	88 
3489	17 
3490	40 
3491	24 
3492	71 
3493	35 
3494	89 
3495	8 
3496	83 
3497	72 
3498	87 
3499	50 
3500	7 
3501	46 
3502	32 
3503	58 
3504	33 
3505	20 
3506	40 
3507	29 
3508	37 
3509	18 
3510	64 
3511	8 
3512	62 
3513	66 
3514	15 
3515	87 
3516	9 
3517	43 
3518	41 
3519	44 
3520	16 
3521	37 
3522	27 
3523	53 
3524	49 
3525	66 
3526	3 
3527	36 
3528	29 
3529	62 
3530	4 
3531	37 
3532	46 
3533	87 
3534	38 
3535	28 
3536	52 
3537	47 
3538	80 
3539	62 
3540	24 
3541	65 
3542	68 
3543	36 
3544	28 
3545	4 
3546	56 
3547	42 
3548	80 
3549	63 
3550	88 
3551	19 
3552	13 
3553	15 
3554	4 
3555	16 
3556	83 
3557	1 
3558	80 
3559	30 
3560	58 
3561	41 
3562	22 
3563	30 
3564	88 
3565	41 
3566	21 
3567	17 
3568	13 
3569	17 
3570	27 
3571	81 
3572	89 
3573	37 
3574	68 
3575	42 
3576	33 
3577	79 
3578	82 
3579	43 
3580	89 
3581	89 
3582	38 
3583	16 
3584	70 
3585	67 
3586	28 
3587	12 
3588	33 
3589	79 
3590	37 
3591	29 
3592	55 
3593	11 
3594	6 
3595	5 
3596	80 
3597	3 
3598	48 
3599	25 
3600	5 
3601	58 
3602	12 
3603	51 
3604	38 
3605	89 
3606	6 
3607	78 
3608	8 
3609	74 
3610	4 
3611	35 
3612	47 
3613	56 
3614	34 
3615	33 
3616	23 
3617	41 
3618	6 
3619	2 
3620	41 
3621	33 
3622	31 
3623	64 
3624	26 
3625	13 
3626	27 
3627	26 
3628	85 
3629	3 
3630	84 
3631	21 
3632	49 
3633	23 
3634	69 
3635	32 
3636	78 
3637	28 
3638	84 
3639	70 
3640	3 
3641	72 
3642	67 
3643	70 
3644	1 
3645	30 
3646	51 
3647	16 
3648	30 
3649	7 
3650	3 
3651	47 
3652	33 
3653	37 
3654	73 
3655	36 
3656	5 
3657	51 
3658	8 
3659	63 
3660	83 
3661	21 
3662	7 
3663	17 
3664	42 
3665	72 
3666	88 
3667	23 
3668	24 
3669	8 
3670	8 
3671	78 
3672	86 
3673	1 
3674	19 
3675	63 
3676	61 
3677	32 
3678	12 
3679	15 
3680	81 
3681	84 
3682	57 
3683	50 
3684	85 
3685	8 
3686	30 
3687	5 
3688	73 
3689	18 
3690	66 
3691	1 
3692	71 
3693	26 
3694	72 
3695	75 
3696	54 
3697	49 
3698	74 
3699	77 
3700	14 
3701	24 
3702	56 
3703	28 
3704	79 
3705	51 
3706	49 
3707	51 
3708	83 
3709	45 
3710	28 
3711	46 
3712	3 
3713	41 
3714	74 
3715	76 
3716	17 
3717	64 
3718	89 
3719	8 
3720	58 
3721	67 
3722	14 
3723	59 
3724	70 
3725	83 
3726	42 
3727	28 
3728	33 
3729	56 
3730	53 
3731	19 
3732	32 
3733	41 
3734	68 
3735	65 
3736	4 
3737	49 
3738	15 
3739	24 
3740	65 
3741	61 
3742	29 
3743	78 
3744	6 
3745	75 
3746	32 
3747	21 
3748	58 
3749	73 
3750	23 
3751	5 
3752	10 
3753	25 
3754	16 
3755	87 
3756	19 
3757	78 
3758	15 
3759	54 
3760	67 
3761	68 
3762	29 
3763	65 
3764	69 
3765	88 
3766	64 
3767	87 
3768	48 
3769	58 
3770	9 
3771	57 
3772	23 
3773	12 
3774	70 
3775	28 
3776	87 
3777	24 
3778	69 
3779	29 
3780	82 
3781	67 
3782	47 
3783	8 
3784	28 
3785	15 
3786	56 
3787	88 
3788	66 
3789	77 
3790	74 
3791	51 
3792	5 
3793	71 
3794	25 
3795	42 
3796	65 
3797	57 
3798	51 
3799	83 
3800	7 
3801	27 
3802	33 
3803	44 
3804	6 
3805	2 
3806	31 
3807	39 
3808	53 
3809	76 
3810	84 
3811	65 
3812	74 
3813	3 
3814	8 
3815	23 
3816	84 
3817	55 
3818	11 
3819	65 
3820	43 
3821	9 
3822	48 
3823	36 
3824	3 
3825	8 
3826	29 
3827	63 
3828	42 
3829	79 
3830	4 
3831	46 
3832	30 
3833	5 
3834	80 
3835	69 
3836	66 
3837	54 
3838	40 
3839	76 
3840	69 
3841	6 
3842	77 
3843	80 
3844	20 
3845	5 
3846	65 
3847	38 
3848	54 
3849	8 
3850	63 
3851	1 
3852	11 
3853	80 
3854	27 
3855	71 
3856	15 
3857	4 
3858	17 
3859	86 
3860	74 
3861	65 
3862	3 
3863	16 
3864	44 
3865	39 
3866	7 
3867	25 
3868	15 
3869	75 
3870	8 
3871	63 
3872	69 
3873	26 
3874	50 
3875	43 
3876	78 
3877	16 
3878	37 
3879	33 
3880	68 
3881	57 
3882	72 
3883	1 
3884	61 
3885	11 
3886	7 
3887	41 
3888	55 
3889	46 
3890	54 
3891	53 
3892	25 
3893	74 
3894	85 
3895	55 
3896	8 
3897	40 
3898	48 
3899	17 
3900	86 
3901	37 
3902	43 
3903	16 
3904	49 
3905	9 
3906	24 
3907	20 
3908	54 
3909	11 
3910	20 
3911	47 
3912	73 
3913	7 
3914	41 
3915	45 
3916	64 
3917	34 
3918	63 
3919	56 
3920	59 
3921	14 
3922	79 
3923	66 
3924	48 
3925	67 
3926	29 
3927	11 
3928	36 
3929	80 
3930	32 
3931	57 
3932	76 
3933	50 
3934	7 
3935	33 
3936	63 
3937	68 
3938	67 
3939	20 
3940	5 
3941	3 
3942	65 
3943	85 
3944	81 
3945	15 
3946	65 
3947	42 
3948	6 
3949	1 
3950	52 
3951	57 
3952	8 
3953	8 
3954	61 
3955	40 
3956	7 
3957	29 
3958	11 
3959	44 
3960	11 
3961	55 
3962	21 
3963	7 
3964	57 
3965	61 
3966	45 
3967	48 
3968	84 
3969	54 
3970	1 
3971	30 
3972	81 
3973	18 
3974	54 
3975	77 
3976	18 
3977	58 
3978	36 
3979	89 
3980	45 
3981	11 
3982	49 
3983	28 
3984	8 
3985	47 
3986	45 
3987	58 
3988	84 
3989	39 
3990	52 
3991	81 
3992	10 
3993	82 
3994	70 
3995	51 
3996	10 
3997	37 
3998	62 
3999	14 
4000	64 
4001	74 
4002	68 
4003	23 
4004	30 
4005	65 
4006	43 
4007	76 
4008	50 
4009	65 
4010	22 
4011	7 
4012	8 
4013	72 
4014	21 
4015	53 
4016	63 
4017	53 
4018	6 
4019	39 
4020	50 
4021	63 
4022	11 
4023	20 
4024	73 
4025	12 
4026	72 
4027	59 
4028	64 
4029	45 
4030	61 
4031	68 
4032	39 
4033	88 
4034	32 
4035	8 
4036	9 
4037	30 
4038	29 
4039	77 
4040	2 
4041	84 
4042	37 
4043	9 
4044	1 
4045	34 
4046	9 
4047	38 
4048	37 
4049	52 
4050	41 
4051	59 
4052	50 
4053	51 
4054	79 
4055	65 
4056	75 
4057	78 
4058	81 
4059	43 
4060	8 
4061	58 
4062	11 
4063	26 
4064	9 
4065	2 
4066	37 
4067	48 
4068	58 
4069	37 
4070	29 
4071	78 
4072	21 
4073	45 
4074	4 
4075	35 
4076	66 
4077	46 
4078	73 
4079	59 
4080	16 
4081	58 
4082	78 
4083	61 
4084	19 
4085	57 
4086	46 
4087	54 
4088	27 
4089	35 
4090	59 
4091	75 
4092	64 
4093	30 
4094	52 
4095	80 
4096	78 
4097	58 
4098	4 
4099	42 
4100	30 
4101	14 
4102	36 
4103	32 
4104	83 
4105	43 
4106	72 
4107	79 
4108	7 
4109	80 
4110	2 
4111	46 
4112	24 
4113	24 
4114	28 
4115	84 
4116	85 
4117	37 
4118	26 
4119	68 
4120	30 
4121	22 
4122	28 
4123	46 
4124	31 
4125	22 
4126	80 
4127	72 
4128	40 
4129	9 
4130	69 
4131	62 
4132	88 
4133	52 
4134	84 
4135	23 
4136	57 
4137	15 
4138	61 
4139	86 
4140	88 
4141	85 
4142	3 
4143	28 
4144	14 
4145	53 
4146	28 
4147	11 
4148	75 
4149	10 
4150	60 
4151	82 
4152	29 
4153	48 
4154	33 
4155	38 
4156	19 
4157	88 
4158	60 
4159	53 
4160	13 
4161	22 
4162	20 
4163	35 
4164	55 
4165	5 
4166	22 
4167	29 
4168	42 
4169	52 
4170	47 
4171	60 
4172	86 
4173	43 
4174	84 
4175	32 
4176	76 
4177	31 
4178	8 
4179	44 
4180	1 
4181	7 
4182	10 
4183	55 
4184	61 
4185	19 
4186	60 
4187	64 
4188	55 
4189	89 
4190	45 
4191	30 
4192	32 
4193	57 
4194	29 
4195	84 
4196	11 
4197	29 
4198	76 
4199	44 
4200	57 
4201	72 
4202	86 
4203	74 
4204	85 
4205	77 
4206	89 
4207	71 
4208	58 
4209	30 
4210	46 
4211	15 
4212	79 
4213	34 
4214	31 
4215	34 
4216	27 
4217	85 
4218	47 
4219	36 
4220	83 
4221	67 
4222	38 
4223	51 
4224	32 
4225	36 
4226	26 
4227	57 
4228	78 
4229	72 
4230	78 
4231	44 
4232	73 
4233	27 
4234	7 
4235	86 
4236	20 
4237	58 
4238	45 
4239	32 
4240	28 
4241	57 
4242	30 
4243	65 
4244	14 
4245	20 
4246	74 
4247	8 
4248	20 
4249	44 
4250	29 
4251	75 
4252	76 
4253	4 
4254	42 
4255	76 
4256	31 
4257	54 
4258	74 
4259	1 
4260	80 
4261	84 
4262	53 
4263	69 
4264	12 
4265	82 
4266	6 
4267	31 
4268	59 
4269	86 
4270	41 
4271	35 
4272	49 
4273	62 
4274	68 
4275	61 
4276	45 
4277	2 
4278	44 
4279	80 
4280	51 
4281	59 
4282	3 
4283	42 
4284	18 
4285	62 
4286	8 
4287	27 
4288	44 
4289	36 
4290	34 
4291	28 
4292	8 
4293	76 
4294	65 
4295	7 
4296	84 
4297	8 
4298	32 
4299	32 
4300	72 
4301	88 
4302	78 
4303	38 
4304	8 
4305	8 
4306	38 
4307	26 
4308	20 
4309	11 
4310	24 
4311	45 
4312	65 
4313	75 
4314	31 
4315	65 
4316	82 
4317	3 
4318	51 
4319	28 
4320	83 
4321	69 
4322	69 
4323	31 
4324	85 
4325	74 
4326	74 
4327	69 
4328	23 
4329	72 
4330	35 
4331	88 
4332	74 
4333	2 
4334	37 
4335	71 
4336	37 
4337	42 
4338	9 
4339	23 
4340	48 
4341	27 
4342	81 
4343	37 
4344	21 
4345	87 
4346	10 
4347	56 
4348	69 
4349	73 
4350	87 
4351	72 
4352	88 
4353	67 
4354	71 
4355	33 
4356	8 
4357	84 
4358	71 
4359	4 
4360	33 
4361	25 
4362	54 
4363	17 
4364	82 
4365	10 
4366	23 
4367	35 
4368	42 
4369	22 
4370	30 
4371	30 
4372	6 
4373	85 
4374	51 
4375	3 
4376	36 
4377	42 
4378	41 
4379	40 
4380	58 
4381	54 
4382	70 
4383	42 
4384	36 
4385	63 
4386	36 
4387	38 
4388	21 
4389	22 
4390	8 
4391	27 
4392	1 
4393	60 
4394	38 
4395	50 
4396	19 
4397	55 
4398	30 
4399	31 
4400	43 
4401	64 
4402	44 
4403	21 
4404	30 
4405	44 
4406	83 
4407	44 
4408	65 
4409	32 
4410	37 
4411	23 
4412	47 
4413	89 
4414	56 
4415	71 
4416	51 
4417	8 
4418	51 
4419	8 
4420	89 
4421	86 
4422	86 
4423	7 
4424	83 
4425	3 
4426	2 
4427	48 
4428	34 
4429	84 
4430	75 
4431	70 
4432	61 
4433	20 
4434	30 
4435	17 
4436	45 
4437	32 
4438	67 
4439	29 
4440	56 
4441	76 
4442	10 
4443	11 
4444	19 
4445	69 
4446	31 
4447	85 
4448	31 
4449	49 
4450	51 
4451	84 
4452	66 
4453	20 
4454	36 
4455	47 
4456	12 
4457	74 
4458	27 
4459	40 
4460	12 
4461	44 
4462	56 
4463	4 
4464	55 
4465	80 
4466	34 
4467	62 
4468	23 
4469	22 
4470	72 
4471	31 
4472	14 
4473	54 
4474	69 
4475	39 
4476	9 
4477	46 
4478	25 
4479	10 
4480	5 
4481	6 
4482	39 
4483	73 
4484	25 
4485	84 
4486	13 
4487	54 
4488	74 
4489	64 
4490	42 
4491	24 
4492	83 
4493	75 
4494	46 
4495	80 
4496	88 
4497	72 
4498	62 
4499	46 
4500	13 
4501	29 
4502	65 
4503	67 
4504	64 
4505	44 
4506	82 
4507	3 
4508	61 
4509	36 
4510	15 
4511	80 
4512	49 
4513	31 
4514	54 
4515	50 
4516	55 
4517	54 
4518	27 
4519	82 
4520	11 
4521	42 
4522	58 
4523	44 
4524	78 
4525	61 
4526	73 
4527	87 
4528	5 
4529	53 
4530	68 
4531	23 
4532	4 
4533	79 
4534	38 
4535	44 
4536	47 
4537	11 
4538	25 
4539	34 
4540	1 
4541	1 
4542	49 
4543	27 
4544	80 
4545	64 
4546	17 
4547	32 
4548	46 
4549	55 
4550	11 
4551	9 
4552	10 
4553	72 
4554	11 
4555	73 
4556	85 
4557	15 
4558	78 
4559	20 
4560	28 
4561	30 
4562	25 
4563	51 
4564	47 
4565	41 
4566	26 
4567	29 
4568	55 
4569	64 
4570	67 
4571	14 
4572	23 
4573	2 
4574	51 
4575	12 
4576	17 
4577	65 
4578	34 
4579	36 
4580	54 
4581	27 
4582	80 
4583	5 
4584	71 
4585	73 
4586	3 
4587	15 
4588	67 
4589	7 
4590	61 
4591	78 
4592	61 
4593	86 
4594	56 
4595	58 
4596	82 
4597	38 
4598	2 
4599	76 
4600	67 
4601	59 
4602	23 
4603	20 
4604	15 
4605	16 
4606	21 
4607	81 
4608	16 
4609	77 
4610	18 
4611	69 
4612	87 
4613	73 
4614	30 
4615	12 
4616	15 
4617	20 
4618	43 
4619	51 
4620	45 
4621	41 
4622	63 
4623	49 
4624	76 
4625	11 
4626	30 
4627	56 
4628	54 
4629	37 
4630	56 
4631	48 
4632	7 
4633	12 
4634	43 
4635	69 
4636	7 
4637	63 
4638	22 
4639	72 
4640	41 
4641	76 
4642	28 
4643	43 
4644	67 
4645	89 
4646	55 
4647	78 
4648	5 
4649	60 
4650	76 
4651	32 
4652	43 
4653	70 
4654	46 
4655	54 
4656	16 
4657	1 
4658	88 
4659	55 
4660	60 
4661	77 
4662	58 
4663	69 
4664	87 
4665	65 
4666	89 
4667	74 
4668	23 
4669	65 
4670	62 
4671	21 
4672	48 
4673	60 
4674	47 
4675	16 
4676	7 
4677	65 
4678	62 
4679	28 
4680	67 
4681	32 
4682	62 
4683	83 
4684	33 
4685	28 
4686	3 
4687	40 
4688	32 
4689	12 
4690	84 
4691	51 
4692	8 
4693	75 
4694	43 
4695	11 
4696	60 
4697	19 
4698	60 
4699	18 
4700	74 
4701	74 
4702	35 
4703	83 
4704	48 
4705	3 
4706	16 
4707	57 
4708	55 
4709	48 
4710	40 
4711	78 
4712	34 
4713	48 
4714	8 
4715	7 
4716	63 
4717	7 
4718	11 
4719	85 
4720	13 
4721	37 
4722	33 
4723	11 
4724	3 
4725	49 
4726	2 
4727	74 
4728	36 
4729	28 
4730	78 
4731	82 
4732	65 
4733	83 
4734	46 
4735	79 
4736	81 
4737	78 
4738	55 
4739	65 
4740	57 
4741	89 
4742	76 
4743	83 
4744	29 
4745	39 
4746	80 
4747	34 
4748	60 
4749	30 
4750	67 
4751	88 
4752	53 
4753	35 
4754	8 
4755	40 
4756	51 
4757	80 
4758	12 
4759	4 
4760	14 
4761	82 
4762	13 
4763	33 
4764	75 
4765	78 
4766	28 
4767	74 
4768	35 
4769	67 
4770	34 
4771	53 
4772	58 
4773	41 
4774	72 
4775	79 
4776	38 
4777	61 
4778	82 
4779	58 
4780	23 
4781	47 
4782	23 
4783	34 
4784	8 
4785	36 
4786	74 
4787	3 
4788	19 
4789	60 
4790	59 
4791	9 
4792	76 
4793	75 
4794	20 
4795	66 
4796	24 
4797	39 
4798	79 
4799	17 
4800	27 
4801	81 
4802	28 
4803	72 
4804	29 
4805	38 
4806	6 
4807	32 
4808	3 
4809	24 
4810	48 
4811	30 
4812	3 
4813	29 
4814	78 
4815	73 
4816	80 
4817	37 
4818	27 
4819	32 
4820	18 
4821	45 
4822	68 
4823	50 
4824	63 
4825	14 
4826	30 
4827	63 
4828	63 
4829	25 
4830	65 
4831	35 
4832	49 
4833	76 
4834	34 
4835	9 
4836	31 
4837	63 
4838	56 
4839	74 
4840	11 
4841	78 
4842	38 
4843	7 
4844	15 
4845	22 
4846	72 
4847	8 
4848	41 
4849	67 
4850	75 
4851	18 
4852	72 
4853	84 
4854	88 
4855	21 
4856	70 
4857	68 
4858	32 
4859	12 
4860	74 
4861	54 
4862	20 
4863	46 
4864	49 
4865	72 
4866	87 
4867	11 
4868	62 
4869	79 
4870	74 
4871	62 
4872	27 
4873	30 
4874	17 
4875	5 
4876	42 
4877	15 
4878	62 
4879	77 
4880	63 
4881	30 
4882	35 
4883	49 
4884	48 
4885	8 
4886	47 
4887	28 
4888	31 
4889	4 
4890	1 
4891	67 
4892	52 
4893	51 
4894	37 
4895	72 
4896	8 
4897	35 
4898	6 
4899	51 
4900	15 
4901	51 
4902	49 
4903	79 
4904	42 
4905	35 
4906	58 
4907	63 
4908	56 
4909	24 
4910	2 
4911	39 
4912	67 
4913	72 
4914	39 
4915	88 
4916	87 
4917	44 
4918	80 
4919	2 
4920	59 
4921	26 
4922	47 
4923	29 
4924	2 
4925	49 
4926	78 
4927	54 
4928	15 
4929	21 
4930	52 
4931	76 
4932	59 
4933	67 
4934	73 
4935	37 
4936	17 
4937	69 
4938	66 
4939	33 
4940	31 
4941	15 
4942	82 
4943	69 
4944	42 
4945	1 
4946	5 
4947	8 
4948	67 
4949	56 
4950	45 
4951	27 
4952	55 
4953	68 
4954	31 
4955	7 
4956	6 
4957	23 
4958	75 
4959	36 
4960	43 
4961	41 
4962	6 
4963	41 
4964	17 
4965	52 
4966	64 
4967	29 
4968	52 
4969	60 
4970	28 
4971	60 
4972	29 
4973	53 
4974	23 
4975	45 
4976	88 
4977	5 
4978	59 
4979	66 
4980	52 
4981	9 
4982	26 
4983	34 
4984	85 
4985	68 
4986	80 
4987	20 
4988	65 
4989	17 
4990	88 
4991	80 
4992	62 
4993	51 
4994	80 
4995	85 
4996	51 
4997	6 
4998	28 
4999	42 
5000	16 
5001	7 
5002	71 
5003	3 
5004	43 
5005	80 
5006	35 
5007	1 
5008	45 
5009	74 
5010	36 
5011	6 
5012	46 
5013	89 
5014	86 
5015	80 
5016	54 
5017	54 
5018	37 
5019	87 
5020	69 
5021	3 
5022	6 
5023	16 
5024	61 
5025	2 
5026	65 
5027	81 
5028	68 
5029	71 
5030	59 
5031	13 
5032	53 
5033	45 
5034	72 
5035	41 
5036	25 
5037	39 
5038	21 
5039	30 
5040	8 
5041	22 
5042	51 
5043	68 
5044	63 
5045	80 
5046	34 
5047	22 
5048	26 
5049	57 
5050	17 
5051	31 
5052	84 
5053	57 
5054	61 
5055	54 
5056	31 
5057	74 
5058	76 
5059	16 
5060	63 
5061	11 
5062	31 
5063	31 
5064	15 
5065	62 
5066	82 
5067	60 
5068	47 
5069	18 
5070	31 
5071	81 
5072	62 
5073	70 
5074	83 
5075	50 
5076	65 
5077	14 
5078	66 
5079	80 
5080	84 
5081	47 
5082	31 
5083	66 
5084	89 
5085	66 
5086	11 
5087	65 
5088	73 
5089	76 
5090	53 
5091	50 
5092	73 
5093	53 
5094	10 
5095	18 
5096	75 
5097	30 
5098	15 
5099	34 
5100	7 
5101	39 
5102	5 
5103	52 
5104	49 
5105	1 
5106	3 
5107	45 
5108	10 
5109	57 
5110	72 
5111	79 
5112	34 
5113	84 
5114	75 
5115	57 
5116	82 
5117	47 
5118	57 
5119	81 
5120	51 
5121	68 
5122	82 
5123	15 
5124	52 
5125	58 
5126	69 
5127	9 
5128	8 
5129	1 
5130	50 
5131	41 
5132	59 
5133	17 
5134	86 
5135	59 
5136	43 
5137	20 
5138	15 
5139	72 
5140	75 
5141	30 
5142	61 
5143	57 
5144	27 
5145	9 
5146	64 
5147	20 
5148	10 
5149	7 
5150	84 
5151	79 
5152	51 
5153	34 
5154	70 
5155	52 
5156	15 
5157	50 
5158	30 
5159	21 
5160	39 
5161	19 
5162	69 
5163	25 
5164	85 
5165	11 
5166	47 
5167	19 
5168	11 
5169	23 
5170	37 
5171	64 
5172	5 
5173	28 
5174	28 
5175	31 
5176	27 
5177	78 
5178	42 
5179	24 
5180	17 
5181	42 
5182	38 
5183	17 
5184	52 
5185	85 
5186	20 
5187	40 
5188	58 
5189	3 
5190	59 
5191	19 
5192	49 
5193	20 
5194	72 
5195	85 
5196	37 
5197	87 
5198	19 
5199	87 
5200	66 
5201	66 
5202	88 
5203	54 
5204	6 
5205	46 
5206	58 
5207	79 
5208	58 
5209	78 
5210	36 
5211	79 
5212	87 
5213	52 
5214	16 
5215	63 
5216	42 
5217	23 
5218	23 
5219	14 
5220	67 
5221	8 
5222	55 
5223	89 
5224	9 
5225	26 
5226	57 
5227	74 
5228	16 
5229	72 
5230	57 
5231	22 
5232	35 
5233	26 
5234	81 
5235	10 
5236	39 
5237	10 
5238	6 
5239	20 
5240	9 
5241	3 
5242	54 
5243	44 
5244	43 
5245	59 
5246	85 
5247	58 
5248	10 
5249	69 
5250	60 
5251	79 
5252	34 
5253	48 
5254	56 
5255	3 
5256	54 
5257	89 
5258	17 
5259	70 
5260	48 
5261	6 
5262	49 
5263	30 
5264	39 
5265	49 
5266	56 
5267	57 
5268	78 
5269	4 
5270	33 
5271	36 
5272	79 
5273	84 
5274	64 
5275	79 
5276	43 
5277	15 
5278	66 
5279	64 
5280	28 
5281	43 
5282	38 
5283	13 
5284	38 
5285	31 
5286	8 
5287	49 
5288	87 
5289	48 
5290	2 
5291	38 
5292	82 
5293	61 
5294	32 
5295	81 
5296	81 
5297	2 
5298	36 
5299	53 
5300	63 
5301	70 
5302	46 
5303	41 
5304	62 
5305	34 
5306	84 
5307	28 
5308	84 
5309	78 
5310	72 
5311	66 
5312	31 
5313	82 
5314	6 
5315	69 
5316	66 
5317	75 
5318	34 
5319	9 
5320	8 
5321	54 
5322	68 
5323	49 
5324	70 
5325	11 
5326	61 
5327	48 
5328	3 
5329	35 
5330	47 
5331	72 
5332	1 
5333	51 
5334	46 
5335	26 
5336	30 
5337	83 
5338	21 
5339	64 
5340	21 
5341	32 
5342	74 
5343	57 
5344	6 
5345	16 
5346	19 
5347	13 
5348	77 
5349	80 
5350	23 
5351	59 
5352	8 
5353	59 
5354	57 
5355	47 
5356	38 
5357	12 
5358	19 
5359	3 
5360	13 
5361	19 
5362	74 
5363	26 
5364	4 
5365	84 
5366	66 
5367	81 
5368	17 
5369	58 
5370	70 
5371	75 
5372	51 
5373	61 
5374	49 
5375	6 
5376	51 
5377	71 
5378	45 
5379	48 
5380	10 
5381	50 
5382	28 
5383	12 
5384	29 
5385	54 
5386	34 
5387	23 
5388	42 
5389	29 
5390	71 
5391	28 
5392	40 
5393	81 
5394	21 
5395	54 
5396	7 
5397	76 
5398	62 
5399	79 
5400	71 
5401	40 
5402	54 
5403	55 
5404	61 
5405	34 
5406	72 
5407	56 
5408	84 
5409	59 
5410	67 
5411	88 
5412	9 
5413	25 
5414	20 
5415	40 
5416	70 
5417	6 
5418	70 
5419	84 
5420	78 
5421	28 
5422	61 
5423	55 
5424	5 
5425	61 
5426	8 
5427	6 
5428	46 
5429	74 
5430	1 
5431	9 
5432	23 
5433	50 
5434	56 
5435	51 
5436	46 
5437	48 
5438	20 
5439	34 
5440	73 
5441	64 
5442	3 
5443	59 
5444	50 
5445	48 
5446	67 
5447	1 
5448	68 
5449	68 
5450	7 
5451	23 
5452	69 
5453	46 
5454	82 
5455	86 
5456	3 
5457	3 
5458	55 
5459	24 
5460	61 
5461	76 
5462	87 
5463	25 
5464	14 
5465	10 
5466	42 
5467	3 
5468	57 
5469	74 
5470	23 
5471	19 
5472	29 
5473	72 
5474	42 
5475	48 
5476	30 
5477	79 
5478	9 
5479	61 
5480	64 
5481	1 
5482	74 
5483	2 
5484	83 
5485	17 
5486	52 
5487	48 
5488	75 
5489	49 
5490	79 
5491	56 
5492	29 
5493	61 
5494	65 
5495	20 
5496	57 
5497	73 
5498	69 
5499	14 
5500	8 
5501	53 
5502	36 
5503	84 
5504	34 
5505	20 
5506	44 
5507	79 
5508	88 
5509	69 
5510	66 
5511	35 
5512	7 
5513	15 
5514	15 
5515	58 
5516	23 
5517	16 
5518	18 
5519	55 
5520	24 
5521	47 
5522	51 
5523	59 
5524	43 
5525	38 
5526	46 
5527	41 
5528	9 
5529	15 
5530	66 
5531	84 
5532	32 
5533	26 
5534	64 
5535	83 
5536	65 
5537	3 
5538	79 
5539	63 
5540	64 
5541	2 
5542	81 
5543	87 
5544	35 
5545	30 
5546	7 
5547	15 
5548	1 
5549	78 
5550	8 
5551	52 
5552	41 
5553	84 
5554	22 
5555	54 
5556	49 
5557	25 
5558	54 
5559	11 
5560	29 
5561	89 
5562	20 
5563	60 
5564	68 
5565	10 
5566	67 
5567	23 
5568	45 
5569	70 
5570	50 
5571	61 
5572	9 
5573	89 
5574	41 
5575	29 
5576	27 
5577	32 
5578	13 
5579	77 
5580	24 
5581	30 
5582	62 
5583	4 
5584	73 
5585	66 
5586	6 
5587	14 
5588	63 
5589	73 
5590	46 
5591	8 
5592	89 
5593	32 
5594	48 
5595	89 
5596	44 
5597	25 
5598	15 
5599	17 
5600	50 
5601	1 
5602	22 
5603	66 
5604	40 
5605	45 
5606	81 
5607	25 
5608	75 
5609	61 
5610	68 
5611	64 
5612	49 
5613	58 
5614	28 
5615	9 
5616	53 
5617	61 
5618	82 
5619	7 
5620	54 
5621	76 
5622	36 
5623	50 
5624	42 
5625	17 
5626	73 
5627	38 
5628	51 
5629	38 
5630	39 
5631	61 
5632	64 
5633	73 
5634	71 
5635	37 
5636	59 
5637	46 
5638	87 
5639	51 
5640	84 
5641	80 
5642	55 
5643	62 
5644	68 
5645	8 
5646	39 
5647	12 
5648	82 
5649	34 
5650	61 
5651	66 
5652	67 
5653	66 
5654	71 
5655	10 
5656	17 
5657	34 
5658	42 
5659	20 
5660	72 
5661	58 
5662	32 
5663	41 
5664	7 
5665	7 
5666	38 
5667	49 
5668	78 
5669	51 
5670	6 
5671	72 
5672	6 
5673	48 
5674	26 
5675	2 
5676	30 
5677	77 
5678	33 
5679	38 
5680	71 
5681	50 
5682	48 
5683	2 
5684	28 
5685	42 
5686	54 
5687	48 
5688	23 
5689	67 
5690	48 
5691	65 
5692	88 
5693	16 
5694	25 
5695	18 
5696	84 
5697	2 
5698	19 
5699	30 
5700	3 
5701	20 
5702	47 
5703	44 
5704	51 
5705	40 
5706	5 
5707	23 
5708	4 
5709	83 
5710	14 
5711	64 
5712	64 
5713	44 
5714	55 
5715	25 
5716	69 
5717	48 
5718	8 
5719	25 
5720	84 
5721	87 
5722	8 
5723	26 
5724	37 
5725	55 
5726	35 
5727	55 
5728	34 
5729	79 
5730	17 
5731	24 
5732	66 
5733	48 
5734	2 
5735	79 
5736	44 
5737	75 
5738	15 
5739	78 
5740	31 
5741	64 
5742	37 
5743	8 
5744	49 
5745	6 
5746	82 
5747	20 
5748	42 
5749	11 
5750	65 
5751	20 
5752	52 
5753	42 
5754	51 
5755	54 
5756	84 
5757	88 
5758	77 
5759	11 
5760	72 
5761	35 
5762	65 
5763	34 
5764	45 
5765	33 
5766	72 
5767	78 
5768	56 
5769	41 
5770	48 
5771	56 
5772	59 
5773	12 
5774	42 
5775	70 
5776	49 
5777	19 
5778	25 
5779	8 
5780	72 
5781	4 
5782	22 
5783	21 
5784	62 
5785	78 
5786	87 
5787	41 
5788	23 
5789	34 
5790	47 
5791	67 
5792	83 
5793	40 
5794	48 
5795	56 
5796	60 
5797	8 
5798	27 
5799	10 
5800	73 
5801	35 
5802	53 
5803	23 
5804	65 
5805	70 
5806	55 
5807	89 
5808	1 
5809	85 
5810	13 
5811	36 
5812	52 
5813	74 
5814	48 
5815	51 
5816	86 
5817	14 
5818	40 
5819	76 
5820	54 
5821	42 
5822	4 
5823	85 
5824	69 
5825	14 
5826	28 
5827	43 
5828	7 
5829	88 
5830	29 
5831	36 
5832	84 
5833	19 
5834	85 
5835	46 
5836	74 
5837	18 
5838	16 
5839	47 
5840	22 
5841	65 
5842	13 
5843	60 
5844	89 
5845	5 
5846	29 
5847	4 
5848	68 
5849	50 
5850	48 
5851	58 
5852	33 
5853	43 
5854	38 
5855	26 
5856	2 
5857	55 
5858	73 
5859	83 
5860	58 
5861	65 
5862	62 
5863	3 
5864	41 
5865	19 
5866	31 
5867	87 
5868	24 
5869	31 
5870	1 
5871	53 
5872	80 
5873	75 
5874	21 
5875	7 
5876	16 
5877	43 
5878	58 
5879	88 
5880	13 
5881	40 
5882	2 
5883	83 
5884	72 
5885	29 
5886	40 
5887	30 
5888	20 
5889	72 
5890	79 
5891	66 
5892	51 
5893	63 
5894	73 
5895	88 
5896	3 
5897	52 
5898	68 
5899	39 
5900	77 
5901	56 
5902	8 
5903	42 
5904	61 
5905	20 
5906	53 
5907	12 
5908	59 
5909	30 
5910	43 
5911	11 
5912	36 
5913	15 
5914	64 
5915	11 
5916	37 
5917	24 
5918	58 
5919	21 
5920	45 
5921	76 
5922	40 
5923	57 
5924	17 
5925	38 
5926	20 
5927	48 
5928	25 
5929	10 
5930	62 
5931	80 
5932	79 
5933	30 
5934	6 
5935	25 
5936	60 
5937	12 
5938	59 
5939	41 
5940	51 
5941	77 
5942	17 
5943	36 
5944	86 
5945	2 
5946	33 
5947	38 
5948	34 
5949	31 
5950	19 
5951	54 
5952	31 
5953	82 
5954	6 
5955	65 
5956	34 
5957	22 
5958	3 
5959	52 
5960	36 
5961	19 
5962	7 
5963	82 
5964	42 
5965	79 
5966	52 
5967	1 
5968	70 
5969	16 
5970	24 
5971	6 
5972	64 
5973	26 
5974	17 
5975	45 
5976	82 
5977	72 
5978	32 
5979	80 
5980	61 
5981	28 
5982	66 
5983	39 
5984	71 
5985	88 
5986	54 
5987	83 
5988	47 
5989	38 
5990	67 
5991	9 
5992	68 
5993	88 
5994	58 
5995	29 
5996	47 
5997	74 
5998	17 
5999	3 
6000	8 
6001	60 
6002	6 
6003	54 
6004	36 
6005	53 
6006	63 
6007	80 
6008	47 
6009	54 
6010	88 
6011	77 
6012	10 
6013	18 
6014	19 
6015	42 
6016	29 
6017	73 
6018	3 
6019	62 
6020	66 
6021	54 
6022	73 
6023	33 
6024	50 
6025	53 
6026	8 
6027	9 
6028	74 
6029	35 
6030	16 
6031	78 
6032	27 
6033	28 
6034	37 
6035	66 
6036	64 
6037	17 
6038	5 
6039	24 
6040	57 
6041	65 
6042	46 
6043	82 
6044	80 
6045	28 
6046	63 
6047	76 
6048	36 
6049	8 
6050	49 
6051	37 
6052	56 
6053	5 
6054	8 
6055	42 
6056	76 
6057	6 
6058	84 
6059	42 
6060	19 
6061	58 
6062	36 
6063	72 
6064	69 
6065	31 
6066	3 
6067	65 
6068	67 
6069	26 
6070	49 
6071	23 
6072	41 
6073	16 
6074	70 
6075	88 
6076	1 
6077	10 
6078	72 
6079	8 
6080	58 
6081	12 
6082	84 
6083	12 
6084	60 
6085	44 
6086	60 
6087	40 
6088	1 
6089	89 
6090	8 
6091	44 
6092	81 
6093	67 
6094	54 
6095	36 
6096	46 
6097	5 
6098	58 
6099	25 
6100	36 
6101	75 
6102	78 
6103	38 
6104	88 
6105	80 
6106	6 
6107	41 
6108	58 
6109	39 
6110	31 
6111	3 
6112	16 
6113	5 
6114	71 
6115	28 
6116	51 
6117	64 
6118	45 
6119	8 
6120	46 
6121	45 
6122	16 
6123	52 
6124	69 
6125	45 
6126	21 
6127	33 
6128	39 
6129	82 
6130	74 
6131	32 
6132	13 
6133	23 
6134	40 
6135	69 
6136	88 
6137	72 
6138	42 
6139	42 
6140	42 
6141	33 
6142	9 
6143	57 
6144	1 
6145	48 
6146	63 
6147	1 
6148	38 
6149	79 
6150	6 
6151	70 
6152	65 
6153	20 
6154	72 
6155	8 
6156	15 
6157	34 
6158	65 
6159	53 
6160	82 
6161	3 
6162	26 
6163	54 
6164	31 
6165	34 
6166	20 
6167	15 
6168	43 
6169	3 
6170	71 
6171	37 
6172	62 
6173	24 
6174	49 
6175	53 
6176	19 
6177	5 
6178	69 
6179	80 
6180	10 
6181	3 
6182	4 
6183	74 
6184	65 
6185	37 
6186	61 
6187	81 
6188	30 
6189	36 
6190	64 
6191	34 
6192	52 
6193	76 
6194	73 
6195	35 
6196	76 
6197	55 
6198	56 
6199	38 
6200	58 
6201	70 
6202	20 
6203	84 
6204	87 
6205	51 
6206	53 
6207	25 
6208	3 
6209	49 
6210	5 
6211	65 
6212	1 
6213	25 
6214	42 
6215	9 
6216	12 
6217	52 
6218	36 
6219	87 
6220	29 
6221	34 
6222	30 
6223	69 
6224	34 
6225	3 
6226	42 
6227	65 
6228	73 
6229	2 
6230	16 
6231	9 
6232	18 
6233	16 
6234	76 
6235	37 
6236	69 
6237	29 
6238	4 
6239	10 
6240	68 
6241	84 
6242	60 
6243	67 
6244	25 
6245	74 
6246	81 
6247	12 
6248	69 
6249	75 
6250	81 
6251	73 
6252	7 
6253	29 
6254	15 
6255	39 
6256	25 
6257	50 
6258	89 
6259	28 
6260	17 
6261	8 
6262	43 
6263	33 
6264	7 
6265	22 
6266	80 
6267	49 
6268	16 
6269	71 
6270	77 
6271	26 
6272	65 
6273	38 
6274	40 
6275	8 
6276	33 
6277	49 
6278	27 
6279	41 
6280	53 
6281	67 
6282	38 
6283	5 
6284	1 
6285	31 
6286	48 
6287	36 
6288	55 
6289	78 
6290	26 
6291	5 
6292	6 
6293	49 
6294	83 
6295	81 
6296	71 
6297	21 
6298	38 
6299	23 
6300	31 
6301	56 
6302	60 
6303	20 
6304	85 
6305	18 
6306	67 
6307	78 
6308	15 
6309	3 
6310	87 
6311	81 
6312	25 
6313	8 
6314	78 
6315	89 
6316	25 
6317	62 
6318	29 
6319	31 
6320	82 
6321	46 
6322	8 
6323	15 
6324	15 
6325	83 
6326	78 
6327	86 
6328	52 
6329	27 
6330	87 
6331	28 
6332	8 
6333	62 
6334	35 
6335	20 
6336	54 
6337	24 
6338	70 
6339	77 
6340	28 
6341	7 
6342	69 
6343	59 
6344	6 
6345	15 
6346	80 
6347	56 
6348	73 
6349	54 
6350	41 
6351	18 
6352	87 
6353	36 
6354	19 
6355	49 
6356	88 
6357	26 
6358	42 
6359	57 
6360	8 
6361	46 
6362	78 
6363	6 
6364	31 
6365	81 
6366	58 
6367	6 
6368	10 
6369	80 
6370	51 
6371	6 
6372	7 
6373	82 
6374	82 
6375	14 
6376	32 
6377	3 
6378	70 
6379	85 
6380	80 
6381	51 
6382	7 
6383	51 
6384	17 
6385	88 
6386	45 
6387	85 
6388	67 
6389	82 
6390	86 
6391	51 
6392	51 
6393	64 
6394	88 
6395	13 
6396	74 
6397	37 
6398	9 
6399	41 
6400	33 
6401	27 
6402	64 
6403	82 
6404	76 
6405	66 
6406	16 
6407	36 
6408	19 
6409	23 
6410	23 
6411	17 
6412	26 
6413	7 
6414	21 
6415	16 
6416	48 
6417	21 
6418	41 
6419	40 
6420	25 
6421	17 
6422	85 
6423	6 
6424	45 
6425	4 
6426	30 
6427	30 
6428	16 
6429	79 
6430	1 
6431	21 
6432	81 
6433	28 
6434	34 
6435	2 
6436	56 
6437	45 
6438	23 
6439	40 
6440	8 
6441	39 
6442	43 
6443	71 
6444	8 
6445	4 
6446	48 
6447	67 
6448	30 
6449	81 
6450	56 
6451	69 
6452	5 
6453	86 
6454	29 
6455	76 
6456	34 
6457	32 
6458	55 
6459	10 
6460	76 
6461	86 
6462	56 
6463	75 
6464	68 
6465	3 
6466	4 
6467	34 
6468	14 
6469	23 
6470	43 
6471	70 
6472	2 
6473	88 
6474	60 
6475	77 
6476	74 
6477	67 
6478	41 
6479	13 
6480	17 
6481	26 
6482	72 
6483	27 
6484	16 
6485	5 
6486	26 
6487	43 
6488	8 
6489	75 
6490	84 
6491	28 
6492	59 
6493	22 
6494	48 
6495	4 
6496	45 
6497	43 
6498	61 
6499	77 
6500	44 
6501	8 
6502	61 
6503	35 
6504	39 
6505	73 
6506	8 
6507	5 
6508	83 
6509	85 
6510	18 
6511	12 
6512	37 
6513	34 
6514	43 
6515	34 
6516	4 
6517	65 
6518	58 
6519	23 
6520	76 
6521	13 
6522	81 
6523	21 
6524	66 
6525	29 
6526	9 
6527	53 
6528	11 
6529	33 
6530	64 
6531	76 
6532	2 
6533	64 
6534	8 
6535	67 
6536	4 
6537	75 
6538	57 
6539	88 
6540	39 
6541	2 
6542	38 
6543	5 
6544	25 
6545	58 
6546	1 
6547	25 
6548	7 
6549	49 
6550	11 
6551	49 
6552	70 
6553	38 
6554	34 
6555	58 
6556	36 
6557	1 
6558	11 
6559	49 
6560	73 
6561	45 
6562	25 
6563	78 
6564	52 
6565	72 
6566	63 
6567	74 
6568	85 
6569	7 
6570	23 
6571	63 
6572	21 
6573	77 
6574	58 
6575	13 
6576	87 
6577	87 
6578	4 
6579	37 
6580	48 
6581	65 
6582	79 
6583	72 
6584	87 
6585	42 
6586	19 
6587	37 
6588	83 
6589	43 
6590	82 
6591	33 
6592	19 
6593	20 
6594	7 
6595	53 
6596	4 
6597	27 
6598	84 
6599	23 
6600	81 
6601	64 
6602	45 
6603	1 
6604	22 
6605	31 
6606	37 
6607	49 
6608	42 
6609	29 
6610	67 
6611	63 
6612	15 
6613	32 
6614	81 
6615	25 
6616	22 
6617	24 
6618	73 
6619	20 
6620	59 
6621	68 
6622	37 
6623	21 
6624	15 
6625	45 
6626	82 
6627	2 
6628	24 
6629	42 
6630	5 
6631	28 
6632	87 
6633	74 
6634	1 
6635	13 
6636	1 
6637	11 
6638	70 
6639	58 
6640	11 
6641	10 
6642	12 
6643	89 
6644	78 
6645	69 
6646	12 
6647	80 
6648	79 
6649	32 
6650	78 
6651	28 
6652	8 
6653	32 
6654	76 
6655	4 
6656	49 
6657	19 
6658	16 
6659	76 
6660	89 
6661	34 
6662	1 
6663	26 
6664	1 
6665	53 
6666	79 
6667	62 
6668	82 
6669	49 
6670	30 
6671	66 
6672	52 
6673	31 
6674	87 
6675	74 
6676	8 
6677	5 
6678	64 
6679	67 
6680	79 
6681	15 
6682	62 
6683	6 
6684	69 
6685	74 
6686	8 
6687	16 
6688	8 
6689	87 
6690	65 
6691	12 
6692	73 
6693	61 
6694	19 
6695	60 
6696	6 
6697	3 
6698	58 
6699	58 
6700	22 
6701	78 
6702	74 
6703	57 
6704	5 
6705	7 
6706	82 
6707	40 
6708	52 
6709	1 
6710	45 
6711	49 
6712	12 
6713	25 
6714	27 
6715	68 
6716	36 
6717	55 
6718	76 
6719	9 
6720	12 
6721	6 
6722	13 
6723	38 
6724	24 
6725	46 
6726	20 
6727	39 
6728	12 
6729	89 
6730	38 
6731	42 
6732	62 
6733	69 
6734	52 
6735	41 
6736	79 
6737	85 
6738	42 
6739	68 
6740	23 
6741	2 
6742	88 
6743	67 
6744	69 
6745	89 
6746	14 
6747	37 
6748	64 
6749	58 
6750	64 
6751	50 
6752	84 
6753	88 
6754	1 
6755	74 
6756	38 
6757	66 
6758	13 
6759	50 
6760	7 
6761	18 
6762	8 
6763	76 
6764	31 
6765	36 
6766	24 
6767	43 
6768	39 
6769	30 
6770	34 
6771	13 
6772	58 
6773	13 
6774	60 
6775	84 
6776	18 
6777	14 
6778	83 
6779	48 
6780	88 
6781	74 
6782	53 
6783	73 
6784	66 
6785	88 
6786	12 
6787	74 
6788	65 
6789	72 
6790	56 
6791	51 
6792	53 
6793	51 
6794	66 
6795	45 
6796	77 
6797	44 
6798	87 
6799	70 
6800	66 
6801	80 
6802	63 
6803	6 
6804	20 
6805	66 
6806	24 
6807	18 
6808	38 
6809	36 
6810	33 
6811	53 
6812	19 
6813	83 
6814	75 
6815	88 
6816	5 
6817	69 
6818	6 
6819	14 
6820	85 
6821	58 
6822	8 
6823	43 
6824	68 
6825	71 
6826	23 
6827	10 
6828	16 
6829	50 
6830	38 
6831	88 
6832	9 
6833	5 
6834	69 
6835	88 
6836	78 
6837	76 
6838	25 
6839	85 
6840	36 
6841	85 
6842	58 
6843	6 
6844	40 
6845	79 
6846	26 
6847	61 
6848	6 
6849	24 
6850	15 
6851	49 
6852	53 
6853	69 
6854	41 
6855	3 
6856	5 
6857	89 
6858	5 
6859	67 
6860	18 
6861	84 
6862	79 
6863	14 
6864	84 
6865	18 
6866	65 
6867	13 
6868	78 
6869	73 
6870	88 
6871	62 
6872	6 
6873	22 
6874	77 
6875	8 
6876	67 
6877	54 
6878	45 
6879	76 
6880	20 
6881	79 
6882	14 
6883	26 
6884	69 
6885	65 
6886	68 
6887	58 
6888	73 
6889	59 
6890	58 
6891	25 
6892	54 
6893	67 
6894	58 
6895	38 
6896	79 
6897	75 
6898	30 
6899	44 
6900	75 
6901	24 
6902	8 
6903	27 
6904	8 
6905	2 
6906	2 
6907	69 
6908	44 
6909	32 
6910	3 
6911	58 
6912	58 
6913	57 
6914	51 
6915	67 
6916	21 
6917	70 
6918	6 
6919	41 
6920	2 
6921	59 
6922	43 
6923	3 
6924	23 
6925	6 
6926	69 
6927	44 
6928	77 
6929	19 
6930	52 
6931	86 
6932	71 
6933	55 
6934	52 
6935	6 
6936	8 
6937	46 
6938	49 
6939	23 
6940	42 
6941	27 
6942	88 
6943	78 
6944	33 
6945	33 
6946	16 
6947	83 
6948	64 
6949	13 
6950	9 
6951	42 
6952	43 
6953	22 
6954	69 
6955	2 
6956	1 
6957	88 
6958	57 
6959	44 
6960	49 
6961	56 
6962	34 
6963	79 
6964	31 
6965	78 
6966	54 
6967	62 
6968	46 
6969	42 
6970	71 
6971	14 
6972	37 
6973	67 
6974	21 
6975	22 
6976	45 
6977	66 
6978	37 
6979	6 
6980	58 
6981	39 
6982	58 
6983	78 
6984	14 
6985	34 
6986	84 
6987	11 
6988	52 
6989	37 
6990	32 
6991	89 
6992	86 
6993	73 
6994	67 
6995	25 
6996	21 
6997	86 
6998	49 
6999	1 
7000	58 
7001	72 
7002	8 
7003	74 
7004	29 
7005	11 
7006	75 
7007	2 
7008	42 
7009	87 
7010	16 
7011	11 
7012	57 
7013	54 
7014	13 
7015	24 
7016	49 
7017	64 
7018	16 
7019	68 
7020	7 
7021	89 
7022	81 
7023	68 
7024	53 
7025	87 
7026	57 
7027	2 
7028	34 
7029	73 
7030	57 
7031	42 
7032	38 
7033	12 
7034	20 
7035	8 
7036	17 
7037	61 
7038	40 
7039	24 
7040	25 
7041	28 
7042	30 
7043	54 
7044	43 
7045	52 
7046	87 
7047	53 
7048	20 
7049	83 
7050	40 
7051	76 
7052	66 
7053	44 
7054	19 
7055	34 
7056	51 
7057	7 
7058	62 
7059	61 
7060	56 
7061	39 
7062	80 
7063	36 
7064	36 
7065	22 
7066	81 
7067	16 
7068	75 
7069	69 
7070	40 
7071	30 
7072	74 
7073	76 
7074	79 
7075	84 
7076	70 
7077	22 
7078	44 
7079	41 
7080	30 
7081	46 
7082	29 
7083	40 
7084	56 
7085	26 
7086	44 
7087	41 
7088	26 
7089	30 
7090	16 
7091	64 
7092	59 
7093	42 
7094	38 
7095	73 
7096	78 
7097	23 
7098	68 
7099	47 
7100	80 
7101	55 
7102	68 
7103	67 
7104	21 
7105	72 
7106	57 
7107	9 
7108	69 
7109	13 
7110	4 
7111	88 
7112	30 
7113	42 
7114	4 
7115	65 
7116	9 
7117	65 
7118	74 
7119	68 
7120	33 
7121	63 
7122	26 
7123	36 
7124	53 
7125	34 
7126	63 
7127	79 
7128	14 
7129	87 
7130	16 
7131	33 
7132	21 
7133	61 
7134	70 
7135	3 
7136	26 
7137	67 
7138	3 
7139	26 
7140	67 
7141	43 
7142	13 
7143	82 
7144	65 
7145	75 
7146	42 
7147	57 
7148	40 
7149	77 
7150	85 
7151	43 
7152	88 
7153	74 
7154	3 
7155	77 
7156	77 
7157	73 
7158	48 
7159	71 
7160	35 
7161	79 
7162	20 
7163	45 
7164	28 
7165	44 
7166	72 
7167	84 
7168	17 
7169	24 
7170	2 
7171	57 
7172	87 
7173	2 
7174	64 
7175	57 
7176	8 
7177	18 
7178	11 
7179	74 
7180	80 
7181	54 
7182	85 
7183	74 
7184	32 
7185	3 
7186	63 
7187	15 
7188	55 
7189	46 
7190	60 
7191	85 
7192	13 
7193	26 
7194	29 
7195	14 
7196	8 
7197	8 
7198	44 
7199	47 
7200	65 
7201	72 
7202	3 
7203	44 
7204	62 
7205	20 
7206	4 
7207	14 
7208	24 
7209	36 
7210	16 
7211	29 
7212	64 
7213	70 
7214	47 
7215	8 
7216	89 
7217	19 
7218	60 
7219	41 
7220	15 
7221	88 
7222	54 
7223	35 
7224	3 
7225	1 
7226	50 
7227	39 
7228	42 
7229	78 
7230	64 
7231	5 
7232	75 
7233	77 
7234	55 
7235	45 
7236	69 
7237	74 
7238	71 
7239	41 
7240	17 
7241	56 
7242	44 
7243	40 
7244	34 
7245	35 
7246	21 
7247	62 
7248	68 
7249	86 
7250	50 
7251	66 
7252	72 
7253	50 
7254	87 
7255	3 
7256	78 
7257	41 
7258	10 
7259	11 
7260	31 
7261	43 
7262	55 
7263	47 
7264	61 
7265	9 
7266	2 
7267	67 
7268	53 
7269	36 
7270	44 
7271	36 
7272	44 
7273	42 
7274	2 
7275	44 
7276	76 
7277	52 
7278	35 
7279	66 
7280	57 
7281	53 
7282	7 
7283	18 
7284	44 
7285	83 
7286	18 
7287	3 
7288	85 
7289	25 
7290	43 
7291	72 
7292	72 
7293	20 
7294	54 
7295	13 
7296	40 
7297	40 
7298	73 
7299	80 
7300	75 
7301	48 
7302	53 
7303	52 
7304	43 
7305	64 
7306	41 
7307	48 
7308	52 
7309	57 
7310	71 
7311	72 
7312	33 
7313	16 
7314	3 
7315	69 
7316	34 
7317	43 
7318	16 
7319	16 
7320	34 
7321	41 
7322	8 
7323	35 
7324	37 
7325	76 
7326	37 
7327	78 
7328	13 
7329	64 
7330	64 
7331	62 
7332	58 
7333	51 
7334	38 
7335	16 
7336	28 
7337	7 
7338	65 
7339	82 
7340	25 
7341	26 
7342	78 
7343	20 
7344	14 
7345	51 
7346	15 
7347	69 
7348	86 
7349	23 
7350	67 
7351	62 
7352	31 
7353	35 
7354	52 
7355	58 
7356	39 
7357	11 
7358	26 
7359	61 
7360	30 
7361	43 
7362	51 
7363	31 
7364	47 
7365	66 
7366	74 
7367	19 
7368	72 
7369	10 
7370	49 
7371	42 
7372	29 
7373	20 
7374	9 
7375	77 
7376	41 
7377	81 
7378	53 
7379	16 
7380	30 
7381	52 
7382	76 
7383	89 
7384	14 
7385	22 
7386	67 
7387	35 
7388	66 
7389	76 
7390	28 
7391	5 
7392	41 
7393	33 
7394	81 
7395	58 
7396	12 
7397	17 
7398	44 
7399	17 
7400	64 
7401	17 
7402	34 
7403	17 
7404	74 
7405	56 
7406	24 
7407	87 
7408	54 
7409	64 
7410	59 
7411	30 
7412	12 
7413	78 
7414	35 
7415	55 
7416	71 
7417	35 
7418	22 
7419	23 
7420	48 
7421	54 
7422	54 
7423	27 
7424	87 
7425	62 
7426	22 
7427	46 
7428	67 
7429	19 
7430	19 
7431	56 
7432	55 
7433	56 
7434	78 
7435	63 
7436	29 
7437	67 
7438	60 
7439	28 
7440	16 
7441	19 
7442	28 
7443	58 
7444	14 
7445	2 
7446	33 
7447	77 
7448	82 
7449	71 
7450	42 
7451	62 
7452	30 
7453	48 
7454	72 
7455	79 
7456	37 
7457	16 
7458	21 
7459	40 
7460	29 
7461	46 
7462	71 
7463	71 
7464	75 
7465	18 
7466	47 
7467	12 
7468	61 
7469	13 
7470	33 
7471	6 
7472	2 
7473	76 
7474	23 
7475	85 
7476	65 
7477	71 
7478	76 
7479	88 
7480	51 
7481	9 
7482	74 
7483	23 
7484	45 
7485	44 
7486	14 
7487	53 
7488	63 
7489	38 
7490	72 
7491	58 
7492	71 
7493	87 
7494	46 
7495	62 
7496	87 
7497	25 
7498	43 
7499	24 
7500	52 
7501	55 
7502	35 
7503	9 
7504	60 
7505	77 
7506	57 
7507	30 
7508	28 
7509	28 
7510	22 
7511	37 
7512	48 
7513	1 
7514	3 
7515	37 
7516	68 
7517	5 
7518	12 
7519	71 
7520	58 
7521	48 
7522	6 
7523	36 
7524	25 
7525	87 
7526	24 
7527	45 
7528	73 
7529	81 
7530	9 
7531	69 
7532	34 
7533	58 
7534	12 
7535	12 
7536	51 
7537	71 
7538	61 
7539	3 
7540	42 
7541	80 
7542	29 
7543	55 
7544	70 
7545	19 
7546	89 
7547	86 
7548	44 
7549	29 
7550	79 
7551	87 
7552	15 
7553	30 
7554	59 
7555	18 
7556	80 
7557	66 
7558	69 
7559	44 
7560	56 
7561	83 
7562	65 
7563	1 
7564	33 
7565	36 
7566	45 
7567	87 
7568	84 
7569	46 
7570	69 
7571	7 
7572	36 
7573	11 
7574	44 
7575	18 
7576	72 
7577	45 
7578	87 
7579	81 
7580	32 
7581	60 
7582	8 
7583	60 
7584	35 
7585	65 
7586	74 
7587	18 
7588	63 
7589	89 
7590	5 
7591	66 
7592	34 
7593	25 
7594	35 
7595	8 
7596	6 
7597	50 
7598	1 
7599	83 
7600	36 
7601	2 
7602	80 
7603	28 
7604	4 
7605	1 
7606	11 
7607	84 
7608	47 
7609	74 
7610	72 
7611	79 
7612	35 
7613	59 
7614	2 
7615	68 
7616	20 
7617	84 
7618	40 
7619	72 
7620	80 
7621	28 
7622	47 
7623	8 
7624	25 
7625	51 
7626	4 
7627	39 
7628	30 
7629	21 
7630	88 
7631	62 
7632	38 
7633	55 
7634	72 
7635	31 
7636	16 
7637	43 
7638	25 
7639	72 
7640	3 
7641	69 
7642	62 
7643	22 
7644	43 
7645	69 
7646	53 
7647	28 
7648	9 
7649	4 
7650	55 
7651	3 
7652	31 
7653	59 
7654	67 
7655	58 
7656	19 
7657	46 
7658	46 
7659	81 
7660	50 
7661	31 
7662	62 
7663	19 
7664	67 
7665	75 
7666	41 
7667	6 
7668	61 
7669	16 
7670	71 
7671	65 
7672	82 
7673	51 
7674	20 
7675	30 
7676	68 
7677	13 
7678	7 
7679	75 
7680	49 
7681	64 
7682	66 
7683	86 
7684	55 
7685	88 
7686	1 
7687	10 
7688	1 
7689	33 
7690	6 
7691	45 
7692	78 
7693	56 
7694	80 
7695	48 
7696	19 
7697	68 
7698	32 
7699	72 
7700	54 
7701	27 
7702	11 
7703	37 
7704	43 
7705	57 
7706	33 
7707	82 
7708	16 
7709	41 
7710	7 
7711	55 
7712	31 
7713	87 
7714	76 
7715	43 
7716	36 
7717	88 
7718	42 
7719	37 
7720	45 
7721	40 
7722	50 
7723	61 
7724	45 
7725	69 
7726	74 
7727	1 
7728	6 
7729	64 
7730	7 
7731	60 
7732	88 
7733	27 
7734	28 
7735	52 
7736	87 
7737	41 
7738	24 
7739	84 
7740	83 
7741	80 
7742	88 
7743	88 
7744	84 
7745	9 
7746	34 
7747	86 
7748	81 
7749	11 
7750	87 
7751	41 
7752	46 
7753	57 
7754	49 
7755	65 
7756	78 
7757	48 
7758	89 
7759	26 
7760	67 
7761	35 
7762	44 
7763	59 
7764	45 
7765	67 
7766	73 
7767	85 
7768	13 
7769	11 
7770	85 
7771	68 
7772	20 
7773	51 
7774	44 
7775	57 
7776	15 
7777	44 
7778	27 
7779	69 
7780	43 
7781	75 
7782	34 
7783	39 
7784	74 
7785	23 
7786	68 
7787	48 
7788	42 
7789	39 
7790	62 
7791	23 
7792	14 
7793	7 
7794	26 
7795	18 
7796	74 
7797	67 
7798	20 
7799	77 
7800	51 
7801	81 
7802	43 
7803	17 
7804	62 
7805	50 
7806	29 
7807	57 
7808	1 
7809	62 
7810	23 
7811	17 
7812	16 
7813	24 
7814	40 
7815	23 
7816	15 
7817	64 
7818	25 
7819	2 
7820	58 
7821	43 
7822	28 
7823	56 
7824	64 
7825	79 
7826	41 
7827	86 
7828	81 
7829	60 
7830	5 
7831	79 
7832	49 
7833	43 
7834	67 
7835	79 
7836	68 
7837	28 
7838	28 
7839	41 
7840	55 
7841	71 
7842	28 
7843	30 
7844	50 
7845	77 
7846	32 
7847	54 
7848	85 
7849	83 
7850	63 
7851	54 
7852	30 
7853	15 
7854	41 
7855	43 
7856	7 
7857	12 
7858	3 
7859	3 
7860	64 
7861	32 
7862	67 
7863	12 
7864	7 
7865	38 
7866	69 
7867	13 
7868	60 
7869	78 
7870	30 
7871	20 
7872	6 
7873	67 
7874	38 
7875	54 
7876	2 
7877	20 
7878	47 
7879	9 
7880	16 
7881	32 
7882	30 
7883	12 
7884	37 
7885	66 
7886	22 
7887	37 
7888	12 
7889	86 
7890	75 
7891	51 
7892	5 
7893	42 
7894	14 
7895	20 
7896	12 
7897	11 
7898	71 
7899	25 
7900	15 
7901	8 
7902	82 
7903	31 
7904	2 
7905	80 
7906	60 
7907	46 
7908	55 
7909	85 
7910	7 
7911	62 
7912	63 
7913	88 
7914	46 
7915	52 
7916	40 
7917	79 
7918	45 
7919	40 
7920	74 
7921	89 
7922	42 
7923	61 
7924	80 
7925	57 
7926	15 
7927	85 
7928	31 
7929	20 
7930	69 
7931	12 
7932	16 
7933	42 
7934	57 
7935	20 
7936	23 
7937	43 
7938	67 
7939	65 
7940	85 
7941	83 
7942	36 
7943	75 
7944	63 
7945	19 
7946	64 
7947	23 
7948	10 
7949	36 
7950	51 
7951	35 
7952	5 
7953	53 
7954	19 
7955	31 
7956	85 
7957	11 
7958	33 
7959	44 
7960	66 
7961	51 
7962	10 
7963	11 
7964	26 
7965	27 
7966	67 
7967	40 
7968	67 
7969	27 
7970	88 
7971	23 
7972	49 
7973	69 
7974	27 
7975	63 
7976	74 
7977	48 
7978	86 
7979	20 
7980	33 
7981	87 
7982	58 
7983	51 
7984	85 
7985	1 
7986	77 
7987	57 
7988	48 
7989	16 
7990	81 
7991	80 
7992	40 
7993	36 
7994	85 
7995	47 
7996	79 
7997	9 
7998	81 
7999	10 
8000	82 
8001	57 
8002	32 
8003	30 
8004	72 
8005	73 
8006	20 
8007	86 
8008	27 
8009	15 
8010	30 
8011	17 
8012	62 
8013	22 
8014	50 
8015	4 
8016	67 
8017	78 
8018	10 
8019	21 
8020	53 
8021	19 
8022	51 
8023	27 
8024	35 
8025	24 
8026	51 
8027	7 
8028	1 
8029	24 
8030	51 
8031	56 
8032	46 
8033	60 
8034	54 
8035	21 
8036	20 
8037	74 
8038	37 
8039	3 
8040	58 
8041	68 
8042	51 
8043	85 
8044	41 
8045	55 
8046	31 
8047	28 
8048	13 
8049	89 
8050	62 
8051	44 
8052	82 
8053	6 
8054	71 
8055	5 
8056	3 
8057	6 
8058	52 
8059	23 
8060	81 
8061	11 
8062	13 
8063	15 
8064	54 
8065	56 
8066	8 
8067	16 
8068	71 
8069	63 
8070	41 
8071	18 
8072	36 
8073	87 
8074	72 
8075	33 
8076	16 
8077	3 
8078	73 
8079	58 
8080	56 
8081	55 
8082	8 
8083	56 
8084	49 
8085	5 
8086	5 
8087	79 
8088	62 
8089	12 
8090	24 
8091	63 
8092	41 
8093	54 
8094	29 
8095	74 
8096	24 
8097	65 
8098	23 
8099	10 
8100	8 
8101	74 
8102	53 
8103	76 
8104	48 
8105	75 
8106	51 
8107	41 
8108	53 
8109	83 
8110	74 
8111	19 
8112	24 
8113	18 
8114	54 
8115	49 
8116	63 
8117	20 
8118	66 
8119	13 
8120	58 
8121	38 
8122	62 
8123	29 
8124	86 
8125	62 
8126	31 
8127	35 
8128	82 
8129	38 
8130	83 
8131	21 
8132	49 
8133	63 
8134	67 
8135	86 
8136	33 
8137	47 
8138	73 
8139	33 
8140	26 
8141	71 
8142	71 
8143	25 
8144	86 
8145	77 
8146	75 
8147	30 
8148	56 
8149	40 
8150	22 
8151	38 
8152	14 
8153	86 
8154	50 
8155	58 
8156	81 
8157	65 
8158	52 
8159	71 
8160	78 
8161	7 
8162	53 
8163	6 
8164	7 
8165	74 
8166	10 
8167	32 
8168	12 
8169	78 
8170	23 
8171	62 
8172	46 
8173	44 
8174	17 
8175	74 
8176	43 
8177	55 
8178	72 
8179	13 
8180	3 
8181	33 
8182	68 
8183	4 
8184	44 
8185	5 
8186	87 
8187	32 
8188	80 
8189	66 
8190	41 
8191	21 
8192	9 
8193	34 
8194	67 
8195	71 
8196	1 
8197	72 
8198	61 
8199	88 
8200	66 
8201	89 
8202	24 
8203	66 
8204	66 
8205	33 
8206	58 
8207	1 
8208	37 
8209	54 
8210	42 
8211	75 
8212	55 
8213	30 
8214	39 
8215	34 
8216	84 
8217	35 
8218	67 
8219	55 
8220	56 
8221	45 
8222	55 
8223	53 
8224	30 
8225	34 
8226	38 
8227	57 
8228	7 
8229	37 
8230	61 
8231	12 
8232	67 
8233	64 
8234	7 
8235	6 
8236	64 
8237	43 
8238	45 
8239	43 
8240	18 
8241	86 
8242	33 
8243	58 
8244	6 
8245	10 
8246	48 
8247	52 
8248	68 
8249	19 
8250	54 
8251	29 
8252	69 
8253	13 
8254	13 
8255	70 
8256	15 
8257	77 
8258	62 
8259	84 
8260	87 
8261	52 
8262	21 
8263	10 
8264	44 
8265	42 
8266	8 
8267	54 
8268	4 
8269	39 
8270	37 
8271	61 
8272	78 
8273	77 
8274	3 
8275	3 
8276	28 
8277	61 
8278	84 
8279	67 
8280	87 
8281	38 
8282	46 
8283	27 
8284	64 
8285	30 
8286	77 
8287	9 
8288	21 
8289	33 
8290	23 
8291	1 
8292	37 
8293	64 
8294	8 
8295	38 
8296	74 
8297	83 
8298	52 
8299	4 
8300	48 
8301	57 
8302	35 
8303	80 
8304	63 
8305	64 
8306	35 
8307	13 
8308	8 
8309	40 
8310	16 
8311	37 
8312	10 
8313	3 
8314	1 
8315	2 
8316	66 
8317	64 
8318	79 
8319	8 
8320	81 
8321	40 
8322	58 
8323	27 
8324	39 
8325	62 
8326	38 
8327	22 
8328	19 
8329	3 
8330	42 
8331	79 
8332	76 
8333	34 
8334	74 
8335	55 
8336	19 
8337	62 
8338	26 
8339	35 
8340	55 
8341	83 
8342	59 
8343	1 
8344	16 
8345	20 
8346	86 
8347	54 
8348	81 
8349	88 
8350	10 
8351	63 
8352	53 
8353	36 
8354	5 
8355	52 
8356	74 
8357	44 
8358	17 
8359	34 
8360	70 
8361	76 
8362	17 
8363	11 
8364	73 
8365	28 
8366	27 
8367	66 
8368	37 
8369	7 
8370	75 
8371	63 
8372	51 
8373	83 
8374	65 
8375	4 
8376	49 
8377	70 
8378	60 
8379	44 
8380	10 
8381	78 
8382	55 
8383	11 
8384	5 
8385	87 
8386	18 
8387	32 
8388	43 
8389	3 
8390	25 
8391	50 
8392	4 
8393	50 
8394	80 
8395	15 
8396	39 
8397	28 
8398	49 
8399	86 
8400	46 
8401	2 
8402	85 
8403	50 
8404	48 
8405	49 
8406	57 
8407	27 
8408	50 
8409	51 
8410	48 
8411	13 
8412	64 
8413	3 
8414	80 
8415	10 
8416	61 
8417	49 
8418	8 
8419	49 
8420	54 
8421	28 
8422	59 
8423	16 
8424	6 
8425	14 
8426	40 
8427	9 
8428	1 
8429	80 
8430	28 
8431	5 
8432	55 
8433	37 
8434	8 
8435	21 
8436	50 
8437	45 
8438	32 
8439	8 
8440	50 
8441	6 
8442	46 
8443	71 
8444	63 
8445	20 
8446	17 
8447	64 
8448	31 
8449	72 
8450	74 
8451	39 
8452	20 
8453	21 
8454	20 
8455	64 
8456	33 
8457	22 
8458	15 
8459	49 
8460	28 
8461	7 
8462	1 
8463	23 
8464	67 
8465	71 
8466	27 
8467	6 
8468	46 
8469	12 
8470	58 
8471	16 
8472	51 
8473	61 
8474	34 
8475	34 
8476	16 
8477	13 
8478	62 
8479	83 
8480	37 
8481	29 
8482	87 
8483	3 
8484	48 
8485	8 
8486	47 
8487	85 
8488	70 
8489	74 
8490	39 
8491	22 
8492	9 
8493	14 
8494	1 
8495	43 
8496	62 
8497	41 
8498	68 
8499	69 
8500	76 
8501	45 
8502	56 
8503	70 
8504	51 
8505	44 
8506	25 
8507	64 
8508	34 
8509	18 
8510	58 
8511	33 
8512	65 
8513	85 
8514	62 
8515	51 
8516	83 
8517	44 
8518	10 
8519	74 
8520	73 
8521	18 
8522	67 
8523	30 
8524	66 
8525	24 
8526	18 
8527	76 
8528	78 
8529	53 
8530	54 
8531	15 
8532	44 
8533	86 
8534	29 
8535	10 
8536	68 
8537	54 
8538	42 
8539	43 
8540	42 
8541	16 
8542	75 
8543	51 
8544	11 
8545	27 
8546	71 
8547	55 
8548	28 
8549	74 
8550	72 
8551	41 
8552	54 
8553	45 
8554	57 
8555	66 
8556	85 
8557	33 
8558	69 
8559	16 
8560	49 
8561	9 
8562	35 
8563	89 
8564	27 
8565	71 
8566	27 
8567	21 
8568	3 
8569	14 
8570	42 
8571	18 
8572	14 
8573	55 
8574	65 
8575	3 
8576	14 
8577	34 
8578	54 
8579	53 
8580	14 
8581	18 
8582	24 
8583	72 
8584	13 
8585	27 
8586	74 
8587	57 
8588	20 
8589	48 
8590	13 
8591	70 
8592	62 
8593	55 
8594	51 
8595	48 
8596	77 
8597	85 
8598	29 
8599	25 
8600	53 
8601	53 
8602	43 
8603	45 
8604	27 
8605	7 
8606	39 
8607	80 
8608	4 
8609	88 
8610	26 
8611	69 
8612	18 
8613	74 
8614	74 
8615	22 
8616	73 
8617	74 
8618	1 
8619	74 
8620	87 
8621	80 
8622	70 
8623	61 
8624	77 
8625	81 
8626	37 
8627	36 
8628	55 
8629	6 
8630	48 
8631	2 
8632	78 
8633	22 
8634	46 
8635	48 
8636	73 
8637	80 
8638	78 
8639	5 
8640	54 
8641	63 
8642	15 
8643	4 
8644	7 
8645	56 
8646	30 
8647	87 
8648	89 
8649	54 
8650	55 
8651	57 
8652	43 
8653	52 
8654	73 
8655	62 
8656	60 
8657	71 
8658	82 
8659	19 
8660	66 
8661	74 
8662	32 
8663	66 
8664	21 
8665	57 
8666	8 
8667	3 
8668	71 
8669	79 
8670	66 
8671	40 
8672	33 
8673	28 
8674	4 
8675	82 
8676	35 
8677	11 
8678	78 
8679	78 
8680	55 
8681	41 
8682	81 
8683	80 
8684	19 
8685	54 
8686	55 
8687	19 
8688	74 
8689	73 
8690	80 
8691	64 
8692	49 
8693	11 
8694	71 
8695	69 
8696	61 
8697	51 
8698	61 
8699	14 
8700	39 
8701	11 
8702	30 
8703	31 
8704	14 
8705	83 
8706	24 
8707	39 
8708	36 
8709	15 
8710	30 
8711	75 
8712	22 
8713	18 
8714	52 
8715	67 
8716	26 
8717	62 
8718	62 
8719	7 
8720	33 
8721	40 
8722	49 
8723	73 
8724	67 
8725	16 
8726	62 
8727	72 
8728	53 
8729	51 
8730	68 
8731	76 
8732	18 
8733	17 
8734	68 
8735	48 
8736	25 
8737	23 
8738	30 
8739	69 
8740	34 
8741	67 
8742	60 
8743	75 
8744	43 
8745	10 
8746	3 
8747	87 
8748	63 
8749	32 
8750	6 
8751	73 
8752	4 
8753	81 
8754	37 
8755	44 
8756	30 
8757	17 
8758	85 
8759	88 
8760	32 
8761	16 
8762	86 
8763	53 
8764	76 
8765	41 
8766	5 
8767	59 
8768	80 
8769	12 
8770	77 
8771	2 
8772	86 
8773	45 
8774	86 
8775	34 
8776	25 
8777	46 
8778	68 
8779	79 
8780	58 
8781	74 
8782	19 
8783	56 
8784	26 
8785	1 
8786	14 
8787	76 
8788	16 
8789	16 
8790	55 
8791	43 
8792	60 
8793	80 
8794	79 
8795	5 
8796	10 
8797	8 
8798	48 
8799	56 
8800	36 
8801	81 
8802	27 
8803	71 
8804	62 
8805	56 
8806	32 
8807	60 
8808	2 
8809	30 
8810	6 
8811	81 
8812	75 
8813	67 
8814	60 
8815	26 
8816	52 
8817	14 
8818	25 
8819	41 
8820	42 
8821	31 
8822	18 
8823	73 
8824	15 
8825	5 
8826	88 
8827	28 
8828	47 
8829	58 
8830	88 
8831	15 
8832	49 
8833	79 
8834	52 
8835	47 
8836	57 
8837	84 
8838	37 
8839	86 
8840	10 
8841	26 
8842	70 
8843	66 
8844	85 
8845	6 
8846	36 
8847	2 
8848	56 
8849	50 
8850	7 
8851	5 
8852	6 
8853	18 
8854	27 
8855	86 
8856	6 
8857	65 
8858	49 
8859	60 
8860	43 
8861	37 
8862	23 
8863	47 
8864	41 
8865	17 
8866	8 
8867	38 
8868	30 
8869	70 
8870	57 
8871	58 
8872	61 
8873	61 
8874	54 
8875	30 
8876	28 
8877	16 
8878	6 
8879	19 
8880	72 
8881	24 
8882	37 
8883	85 
8884	18 
8885	32 
8886	54 
8887	79 
8888	60 
8889	85 
8890	21 
8891	3 
8892	86 
8893	74 
8894	11 
8895	8 
8896	9 
8897	31 
8898	52 
8899	66 
8900	86 
8901	64 
8902	23 
8903	77 
8904	64 
8905	68 
8906	8 
8907	62 
8908	30 
8909	27 
8910	13 
8911	71 
8912	37 
8913	39 
8914	58 
8915	86 
8916	74 
8917	55 
8918	5 
8919	36 
8920	37 
8921	62 
8922	15 
8923	34 
8924	63 
8925	26 
8926	16 
8927	79 
8928	68 
8929	4 
8930	40 
8931	11 
8932	71 
8933	76 
8934	56 
8935	39 
8936	45 
8937	86 
8938	56 
8939	73 
8940	47 
8941	15 
8942	89 
8943	65 
8944	57 
8945	29 
8946	2 
8947	76 
8948	13 
8949	75 
8950	9 
8951	84 
8952	51 
8953	43 
8954	10 
8955	5 
8956	65 
8957	53 
8958	62 
8959	40 
8960	3 
8961	57 
8962	42 
8963	40 
8964	55 
8965	70 
8966	88 
8967	10 
8968	43 
8969	40 
8970	42 
8971	17 
8972	69 
8973	50 
8974	69 
8975	56 
8976	84 
8977	72 
8978	16 
8979	54 
8980	44 
8981	82 
8982	83 
8983	70 
8984	12 
8985	84 
8986	54 
8987	20 
8988	38 
8989	52 
8990	74 
8991	31 
8992	71 
8993	46 
8994	77 
8995	28 
8996	89 
8997	36 
8998	7 
8999	79 
9000	77 
9001	52 
9002	88 
9003	63 
9004	58 
9005	7 
9006	73 
9007	27 
9008	71 
9009	80 
9010	19 
9011	34 
9012	21 
9013	74 
9014	10 
9015	75 
9016	3 
9017	6 
9018	86 
9019	83 
9020	4 
9021	30 
9022	10 
9023	1 
9024	13 
9025	53 
9026	77 
9027	64 
9028	38 
9029	36 
9030	84 
9031	35 
9032	58 
9033	20 
9034	3 
9035	87 
9036	57 
9037	39 
9038	88 
9039	6 
9040	76 
9041	26 
9042	63 
9043	32 
9044	2 
9045	25 
9046	59 
9047	71 
9048	28 
9049	74 
9050	74 
9051	89 
9052	74 
9053	41 
9054	65 
9055	53 
9056	17 
9057	77 
9058	3 
9059	62 
9060	19 
9061	55 
9062	37 
9063	63 
9064	35 
9065	73 
9066	3 
9067	1 
9068	64 
9069	71 
9070	47 
9071	1 
9072	17 
9073	72 
9074	72 
9075	48 
9076	43 
9077	68 
9078	25 
9079	39 
9080	26 
9081	60 
9082	48 
9083	7 
9084	74 
9085	13 
9086	16 
9087	88 
9088	31 
9089	19 
9090	49 
9091	71 
9092	42 
9093	86 
9094	78 
9095	5 
9096	26 
9097	39 
9098	67 
9099	38 
9100	37 
9101	46 
9102	72 
9103	35 
9104	23 
9105	89 
9106	7 
9107	51 
9108	81 
9109	8 
9110	12 
9111	30 
9112	72 
9113	7 
9114	30 
9115	38 
9116	45 
9117	14 
9118	23 
9119	6 
9120	16 
9121	22 
9122	5 
9123	29 
9124	37 
9125	36 
9126	52 
9127	39 
9128	72 
9129	58 
9130	23 
9131	5 
9132	67 
9133	61 
9134	54 
9135	3 
9136	37 
9137	71 
9138	66 
9139	6 
9140	30 
9141	49 
9142	58 
9143	45 
9144	73 
9145	66 
9146	47 
9147	17 
9148	54 
9149	1 
9150	88 
9151	20 
9152	56 
9153	69 
9154	5 
9155	46 
9156	29 
9157	27 
9158	62 
9159	36 
9160	71 
9161	30 
9162	47 
9163	56 
9164	68 
9165	37 
9166	28 
9167	88 
9168	69 
9169	15 
9170	31 
9171	33 
9172	76 
9173	36 
9174	46 
9175	65 
9176	25 
9177	35 
9178	15 
9179	43 
9180	29 
9181	46 
9182	83 
9183	48 
9184	1 
9185	80 
9186	79 
9187	62 
9188	3 
9189	8 
9190	44 
9191	77 
9192	55 
9193	20 
9194	10 
9195	26 
9196	42 
9197	30 
9198	46 
9199	49 
9200	33 
9201	81 
9202	73 
9203	37 
9204	9 
9205	33 
9206	17 
9207	86 
9208	51 
9209	40 
9210	33 
9211	30 
9212	86 
9213	10 
9214	14 
9215	67 
9216	89 
9217	65 
9218	59 
9219	22 
9220	43 
9221	46 
9222	23 
9223	84 
9224	43 
9225	79 
9226	24 
9227	72 
9228	81 
9229	41 
9230	8 
9231	25 
9232	21 
9233	11 
9234	83 
9235	62 
9236	86 
9237	10 
9238	23 
9239	12 
9240	73 
9241	72 
9242	34 
9243	71 
9244	6 
9245	51 
9246	66 
9247	8 
9248	36 
9249	62 
9250	89 
9251	87 
9252	67 
9253	71 
9254	1 
9255	37 
9256	77 
9257	83 
9258	70 
9259	42 
9260	76 
9261	55 
9262	58 
9263	49 
9264	8 
9265	18 
9266	88 
9267	15 
9268	33 
9269	12 
9270	80 
9271	84 
9272	72 
9273	62 
9274	48 
9275	51 
9276	51 
9277	76 
9278	72 
9279	5 
9280	30 
9281	70 
9282	69 
9283	46 
9284	28 
9285	56 
9286	29 
9287	16 
9288	41 
9289	11 
9290	61 
9291	54 
9292	3 
9293	59 
9294	81 
9295	68 
9296	78 
9297	70 
9298	49 
9299	6 
9300	75 
9301	44 
9302	84 
9303	37 
9304	88 
9305	29 
9306	51 
9307	45 
9308	88 
9309	68 
9310	12 
9311	77 
9312	85 
9313	48 
9314	15 
9315	31 
9316	62 
9317	78 
9318	30 
9319	72 
9320	72 
9321	31 
9322	63 
9323	14 
9324	66 
9325	62 
9326	67 
9327	74 
9328	44 
9329	78 
9330	63 
9331	72 
9332	23 
9333	65 
9334	8 
9335	36 
9336	69 
9337	79 
9338	26 
9339	54 
9340	77 
9341	72 
9342	48 
9343	5 
9344	54 
9345	65 
9346	89 
9347	68 
9348	11 
9349	48 
9350	30 
9351	53 
9352	64 
9353	7 
9354	53 
9355	46 
9356	63 
9357	60 
9358	76 
9359	59 
9360	8 
9361	21 
9362	68 
9363	56 
9364	58 
9365	22 
9366	11 
9367	40 
9368	38 
9369	43 
9370	67 
9371	65 
9372	8 
9373	53 
9374	80 
9375	6 
9376	6 
9377	54 
9378	31 
9379	41 
9380	34 
9381	15 
9382	63 
9383	21 
9384	63 
9385	82 
9386	85 
9387	16 
9388	5 
9389	8 
9390	81 
9391	53 
9392	18 
9393	20 
9394	38 
9395	7 
9396	87 
9397	82 
9398	37 
9399	56 
9400	13 
9401	47 
9402	36 
9403	73 
9404	64 
9405	80 
9406	45 
9407	81 
9408	32 
9409	19 
9410	34 
9411	87 
9412	29 
9413	36 
9414	69 
9415	39 
9416	5 
9417	40 
9418	68 
9419	38 
9420	69 
9421	19 
9422	53 
9423	75 
9424	16 
9425	23 
9426	57 
9427	72 
9428	73 
9429	81 
9430	48 
9431	55 
9432	2 
9433	89 
9434	57 
9435	78 
9436	49 
9437	74 
9438	80 
9439	16 
9440	70 
9441	42 
9442	79 
9443	88 
9444	14 
9445	3 
9446	8 
9447	40 
9448	55 
9449	72 
9450	17 
9451	58 
9452	47 
9453	2 
9454	58 
9455	34 
9456	23 
9457	13 
9458	36 
9459	28 
9460	8 
9461	68 
9462	60 
9463	25 
9464	46 
9465	9 
9466	70 
9467	18 
9468	80 
9469	49 
9470	53 
9471	49 
9472	44 
9473	6 
9474	62 
9475	4 
9476	58 
9477	46 
9478	12 
9479	80 
9480	13 
9481	87 
9482	48 
9483	9 
9484	15 
9485	58 
9486	78 
9487	52 
9488	34 
9489	19 
9490	5 
9491	89 
9492	43 
9493	28 
9494	59 
9495	20 
9496	60 
9497	65 
9498	65 
9499	83 
9500	74 
9501	22 
9502	66 
9503	54 
9504	27 
9505	4 
9506	73 
9507	19 
9508	65 
9509	87 
9510	14 
9511	87 
9512	54 
9513	33 
9514	89 
9515	78 
9516	4 
9517	50 
9518	29 
9519	58 
9520	72 
9521	58 
9522	64 
9523	55 
9524	83 
9525	35 
9526	31 
9527	41 
9528	48 
9529	64 
9530	2 
9531	66 
9532	24 
9533	37 
9534	30 
9535	78 
9536	68 
9537	50 
9538	35 
9539	34 
9540	24 
9541	83 
9542	6 
9543	33 
9544	63 
9545	62 
9546	28 
9547	79 
9548	84 
9549	28 
9550	78 
9551	42 
9552	83 
9553	81 
9554	32 
9555	16 
9556	73 
9557	23 
9558	7 
9559	82 
9560	48 
9561	8 
9562	75 
9563	78 
9564	15 
9565	46 
9566	47 
9567	43 
9568	25 
9569	65 
9570	28 
9571	32 
9572	30 
9573	15 
9574	72 
9575	80 
9576	57 
9577	3 
9578	6 
9579	52 
9580	24 
9581	53 
9582	39 
9583	56 
9584	67 
9585	80 
9586	69 
9587	85 
9588	31 
9589	36 
9590	25 
9591	26 
9592	36 
9593	64 
9594	14 
9595	43 
9596	6 
9597	41 
9598	29 
9599	27 
9600	72 
9601	61 
9602	57 
9603	40 
9604	68 
9605	6 
9606	57 
9607	7 
9608	74 
9609	29 
9610	64 
9611	21 
9612	87 
9613	85 
9614	23 
9615	72 
9616	46 
9617	65 
9618	34 
9619	61 
9620	12 
9621	26 
9622	75 
9623	40 
9624	52 
9625	80 
9626	64 
9627	62 
9628	45 
9629	16 
9630	81 
9631	47 
9632	46 
9633	76 
9634	30 
9635	41 
9636	33 
9637	19 
9638	52 
9639	12 
9640	46 
9641	42 
9642	45 
9643	28 
9644	6 
9645	37 
9646	74 
9647	78 
9648	49 
9649	9 
9650	64 
9651	38 
9652	8 
9653	81 
9654	15 
9655	26 
9656	27 
9657	85 
9658	4 
9659	12 
9660	23 
9661	75 
9662	5 
9663	82 
9664	52 
9665	46 
9666	14 
9667	18 
9668	20 
9669	76 
9670	53 
9671	69 
9672	63 
9673	72 
9674	7 
9675	53 
9676	1 
9677	47 
9678	77 
9679	54 
9680	49 
9681	58 
9682	13 
9683	42 
9684	20 
9685	68 
9686	56 
9687	15 
9688	17 
9689	9 
9690	61 
9691	82 
9692	45 
9693	11 
9694	42 
9695	81 
9696	15 
9697	49 
9698	20 
9699	47 
9700	13 
9701	20 
9702	53 
9703	33 
9704	63 
9705	22 
9706	76 
9707	26 
9708	41 
9709	36 
9710	60 
9711	3 
9712	78 
9713	58 
9714	47 
9715	32 
9716	43 
9717	48 
9718	70 
9719	30 
9720	88 
9721	30 
9722	16 
9723	84 
9724	70 
9725	69 
9726	88 
9727	9 
9728	39 
9729	75 
9730	75 
9731	24 
9732	22 
9733	65 
9734	71 
9735	72 
9736	59 
9737	88 
9738	42 
9739	54 
9740	8 
9741	85 
9742	1 
9743	13 
9744	17 
9745	7 
9746	70 
9747	19 
9748	27 
9749	7 
9750	36 
9751	61 
9752	71 
9753	18 
9754	11 
9755	70 
9756	37 
9757	22 
9758	7 
9759	26 
9760	78 
9761	82 
9762	67 
9763	66 
9764	9 
9765	59 
9766	80 
9767	2 
9768	73 
9769	58 
9770	74 
9771	16 
9772	3 
9773	78 
9774	36 
9775	54 
9776	55 
9777	79 
9778	33 
9779	17 
9780	68 
9781	73 
9782	43 
9783	47 
9784	42 
9785	55 
9786	86 
9787	65 
9788	6 
9789	56 
9790	36 
9791	31 
9792	88 
9793	7 
9794	27 
9795	76 
9796	8 
9797	44 
9798	40 
9799	24 
9800	16 
9801	83 
9802	41 
9803	54 
9804	80 
9805	54 
9806	7 
9807	82 
9808	19 
9809	62 
9810	2 
9811	23 
9812	59 
9813	21 
9814	34 
9815	40 
9816	87 
9817	6 
9818	10 
9819	2 
9820	15 
9821	65 
9822	28 
9823	23 
9824	31 
9825	6 
9826	49 
9827	62 
9828	36 
9829	25 
9830	54 
9831	85 
9832	68 
9833	18 
9834	17 
9835	71 
9836	76 
9837	53 
9838	57 
9839	76 
9840	72 
9841	82 
9842	7 
9843	13 
9844	38 
9845	78 
9846	88 
9847	30 
9848	55 
9849	29 
9850	54 
9851	10 
9852	42 
9853	13 
9854	67 
9855	3 
9856	51 
9857	46 
9858	68 
9859	51 
9860	78 
9861	52 
9862	8 
9863	28 
9864	27 
9865	11 
9866	14 
9867	8 
9868	42 
9869	19 
9870	89 
9871	57 
9872	67 
9873	54 
9874	41 
9875	78 
9876	26 
9877	2 
9878	38 
9879	48 
9880	43 
9881	46 
9882	45 
9883	36 
9884	84 
9885	32 
9886	70 
9887	2 
9888	17 
9889	34 
9890	45 
9891	37 
9892	5 
9893	20 
9894	9 
9895	70 
9896	11 
9897	7 
9898	70 
9899	69 
9900	20 
9901	45 
9902	49 
9903	67 
9904	22 
9905	7 
9906	23 
9907	36 
9908	11 
9909	2 
9910	67 
9911	68 
9912	86 
9913	71 
9914	31 
9915	9 
9916	83 
9917	78 
9918	30 
9919	83 
9920	11 
9921	38 
9922	34 
9923	77 
9924	75 
9925	12 
9926	37 
9927	50 
9928	30 
9929	46 
9930	28 
9931	62 
9932	28 
9933	25 
9934	50 
9935	37 
9936	9 
9937	21 
9938	43 
9939	9 
9940	64 
9941	69 
9942	26 
9943	49 
9944	49 
9945	2 
9946	11 
9947	78 
9948	43 
9949	55 
9950	58 
9951	9 
9952	59 
9953	66 
9954	82 
9955	69 
9956	81 
9957	6 
9958	28 
9959	37 
9960	13 
9961	3 
9962	42 
9963	7 
9964	59 
9965	27 
9966	24 
9967	60 
9968	64 
9969	11 
9970	20 
9971	76 
9972	83 
9973	52 
9974	7 
9975	20 
9976	77 
9977	16 
9978	88 
9979	59 
9980	53 
9981	48 
9982	57 
9983	49 
9984	47 
9985	73 
9986	21 
9987	82 
9988	33 
9989	15 
9990	7 
9991	16 
9992	70 
9993	20 
9994	65 
9995	73 
9996	35 
9997	88 
9998	13 
9999	15 
10000	83 
