1	42 
2	30 
3	3 
4	73 
5	25 
6	71 
7	85 
8	17 
9	32 
10	18 
11	7 
12	80 
13	78 
14	45 
15	69 
16	40 
17	85 
18	70 
19	54 
20	58 
21	30 
22	41 
23	73 
24	71 
25	7 
26	13 
27	83 
28	45 
29	27 
30	36 
31	18 
32	77 
33	68 
34	22 
35	55 
36	2 
37	13 
38	14 
39	59 
40	36 
41	29 
42	65 
43	3 
44	66 
45	59 
46	80 
47	33 
48	2 
49	41 
50	1 
51	70 
52	73 
53	89 
54	35 
55	4 
56	15 
57	38 
58	17 
59	82 
60	83 
61	52 
62	62 
63	42 
64	56 
65	69 
66	52 
67	37 
68	81 
69	34 
70	25 
71	6 
72	25 
73	14 
74	33 
75	70 
76	54 
77	27 
78	88 
79	50 
80	21 
81	69 
82	42 
83	32 
84	70 
85	8 
86	73 
87	8 
88	6 
89	79 
90	49 
91	58 
92	77 
93	34 
94	14 
95	26 
96	33 
97	28 
98	26 
99	19 
100	88 
101	75 
102	50 
103	66 
104	47 
105	57 
106	18 
107	55 
108	32 
109	36 
110	81 
111	70 
112	53 
113	7 
114	50 
115	83 
116	42 
117	68 
118	90 
119	89 
120	18 
121	28 
122	45 
123	86 
124	32 
125	77 
126	49 
127	61 
128	86 
129	81 
130	48 
131	10 
132	66 
133	30 
134	46 
135	11 
136	4 
137	43 
138	78 
139	54 
140	70 
141	57 
142	35 
143	4 
144	49 
145	37 
146	87 
147	82 
148	50 
149	26 
150	31 
151	62 
152	44 
153	53 
154	64 
155	4 
156	48 
157	19 
158	63 
159	2 
160	16 
161	18 
162	54 
163	79 
164	72 
165	22 
166	45 
167	3 
168	28 
169	83 
170	25 
171	8 
172	3 
173	55 
174	51 
175	19 
176	16 
177	17 
178	25 
179	38 
180	74 
181	35 
182	23 
183	56 
184	17 
185	2 
186	67 
187	71 
188	89 
189	14 
190	65 
191	13 
192	25 
193	72 
194	21 
195	78 
196	22 
197	7 
198	71 
199	34 
200	55 
201	55 
202	25 
203	5 
204	31 
205	24 
206	11 
207	36 
208	47 
209	19 
210	10 
211	14 
212	43 
213	52 
214	51 
215	37 
216	48 
217	24 
218	29 
219	66 
220	7 
221	89 
222	18 
223	90 
224	86 
225	2 
226	44 
227	65 
228	81 
229	44 
230	16 
231	26 
232	84 
233	6 
234	75 
235	84 
236	52 
237	2 
238	25 
239	14 
240	17 
241	8 
242	18 
243	6 
244	60 
245	63 
246	70 
247	46 
248	3 
249	10 
250	90 
251	33 
252	69 
253	37 
254	79 
255	1 
256	69 
257	89 
258	41 
259	16 
260	13 
261	54 
262	53 
263	36 
264	46 
265	89 
266	20 
267	51 
268	69 
269	70 
270	56 
271	47 
272	75 
273	4 
274	40 
275	20 
276	36 
277	65 
278	69 
279	60 
280	75 
281	38 
282	70 
283	61 
284	81 
285	26 
286	41 
287	22 
288	35 
289	59 
290	12 
291	21 
292	48 
293	56 
294	52 
295	42 
296	70 
297	72 
298	1 
299	26 
300	15 
301	65 
302	75 
303	18 
304	40 
305	58 
306	72 
307	36 
308	5 
309	60 
310	33 
311	72 
312	68 
313	74 
314	44 
315	72 
316	21 
317	30 
318	20 
319	73 
320	9 
321	56 
322	73 
323	13 
324	8 
325	8 
326	56 
327	2 
328	31 
329	22 
330	28 
331	31 
332	7 
333	22 
334	6 
335	31 
336	20 
337	77 
338	57 
339	48 
340	46 
341	54 
342	38 
343	90 
344	24 
345	60 
346	35 
347	74 
348	24 
349	31 
350	77 
351	37 
352	37 
353	50 
354	21 
355	86 
356	66 
357	20 
358	16 
359	19 
360	21 
361	36 
362	33 
363	65 
364	55 
365	4 
366	5 
367	42 
368	49 
369	31 
370	55 
371	83 
372	51 
373	6 
374	77 
375	68 
376	10 
377	23 
378	90 
379	2 
380	39 
381	22 
382	51 
383	17 
384	74 
385	7 
386	68 
387	78 
388	59 
389	51 
390	2 
391	28 
392	45 
393	9 
394	62 
395	53 
396	82 
397	21 
398	1 
399	22 
400	27 
401	6 
402	78 
403	53 
404	42 
405	53 
406	71 
407	61 
408	85 
409	67 
410	72 
411	46 
412	62 
413	2 
414	72 
415	35 
416	73 
417	70 
418	67 
419	34 
420	89 
421	35 
422	49 
423	48 
424	14 
425	87 
426	68 
427	28 
428	26 
429	49 
430	56 
431	68 
432	69 
433	8 
434	31 
435	22 
436	37 
437	2 
438	15 
439	75 
440	30 
441	53 
442	65 
443	62 
444	57 
445	60 
446	61 
447	79 
448	90 
449	72 
450	55 
451	22 
452	61 
453	81 
454	37 
455	7 
456	8 
457	82 
458	48 
459	79 
460	26 
461	29 
462	46 
463	57 
464	28 
465	39 
466	40 
467	47 
468	39 
469	53 
470	48 
471	74 
472	39 
473	24 
474	36 
475	37 
476	58 
477	77 
478	67 
479	23 
480	82 
481	89 
482	30 
483	25 
484	74 
485	83 
486	5 
487	57 
488	20 
489	63 
490	10 
491	47 
492	42 
493	42 
494	28 
495	22 
496	39 
497	43 
498	1 
499	16 
500	32 
501	2 
502	9 
503	7 
504	32 
505	76 
506	46 
507	70 
508	41 
509	69 
510	1 
511	26 
512	45 
513	10 
514	18 
515	70 
516	55 
517	5 
518	13 
519	81 
520	11 
521	71 
522	81 
523	22 
524	88 
525	85 
526	66 
527	14 
528	35 
529	63 
530	35 
531	24 
532	44 
533	71 
534	71 
535	20 
536	12 
537	16 
538	12 
539	45 
540	38 
541	8 
542	16 
543	72 
544	39 
545	64 
546	15 
547	46 
548	70 
549	24 
550	80 
551	66 
552	25 
553	14 
554	84 
555	45 
556	3 
557	89 
558	28 
559	23 
560	54 
561	39 
562	34 
563	69 
564	39 
565	72 
566	32 
567	8 
568	84 
569	34 
570	55 
571	78 
572	58 
573	6 
574	58 
575	76 
576	39 
577	15 
578	42 
579	71 
580	71 
581	3 
582	24 
583	67 
584	20 
585	45 
586	12 
587	77 
588	60 
589	73 
590	30 
591	29 
592	13 
593	31 
594	61 
595	47 
596	21 
597	35 
598	3 
599	63 
600	72 
601	2 
602	87 
603	22 
604	51 
605	37 
606	55 
607	24 
608	34 
609	36 
610	53 
611	54 
612	7 
613	81 
614	13 
615	63 
616	47 
617	20 
618	47 
619	69 
620	56 
621	21 
622	60 
623	19 
624	56 
625	37 
626	21 
627	21 
628	35 
629	59 
630	63 
631	59 
632	16 
633	34 
634	79 
635	79 
636	51 
637	7 
638	45 
639	25 
640	17 
641	37 
642	64 
643	36 
644	72 
645	30 
646	17 
647	57 
648	29 
649	61 
650	5 
651	50 
652	26 
653	13 
654	41 
655	86 
656	84 
657	41 
658	46 
659	26 
660	1 
661	66 
662	31 
663	87 
664	60 
665	63 
666	81 
667	34 
668	77 
669	70 
670	4 
671	48 
672	87 
673	33 
674	87 
675	10 
676	11 
677	17 
678	60 
679	27 
680	43 
681	57 
682	30 
683	76 
684	53 
685	44 
686	80 
687	20 
688	51 
689	48 
690	27 
691	12 
692	16 
693	70 
694	30 
695	62 
696	20 
697	29 
698	86 
699	79 
700	67 
701	78 
702	81 
703	50 
704	6 
705	18 
706	13 
707	76 
708	41 
709	51 
710	77 
711	76 
712	76 
713	60 
714	69 
715	76 
716	88 
717	47 
718	32 
719	75 
720	7 
721	75 
722	69 
723	26 
724	50 
725	60 
726	41 
727	3 
728	41 
729	73 
730	73 
731	20 
732	43 
733	83 
734	20 
735	79 
736	22 
737	20 
738	45 
739	6 
740	72 
741	76 
742	81 
743	6 
744	55 
745	65 
746	71 
747	75 
748	85 
749	66 
750	86 
751	68 
752	27 
753	55 
754	18 
755	52 
756	22 
757	7 
758	88 
759	16 
760	34 
761	42 
762	14 
763	86 
764	18 
765	65 
766	16 
767	57 
768	18 
769	17 
770	66 
771	22 
772	2 
773	70 
774	27 
775	52 
776	13 
777	9 
778	7 
779	53 
780	82 
781	89 
782	40 
783	16 
784	30 
785	53 
786	33 
787	14 
788	22 
789	23 
790	2 
791	53 
792	41 
793	58 
794	55 
795	85 
796	51 
797	19 
798	27 
799	51 
800	25 
801	60 
802	27 
803	14 
804	53 
805	66 
806	9 
807	41 
808	5 
809	18 
810	14 
811	44 
812	85 
813	42 
814	52 
815	33 
816	58 
817	72 
818	79 
819	71 
820	35 
821	5 
822	87 
823	17 
824	8 
825	17 
826	13 
827	82 
828	25 
829	27 
830	41 
831	45 
832	17 
833	58 
834	67 
835	31 
836	30 
837	81 
838	62 
839	31 
840	55 
841	72 
842	18 
843	35 
844	47 
845	70 
846	51 
847	55 
848	90 
849	5 
850	50 
851	65 
852	1 
853	25 
854	36 
855	50 
856	22 
857	9 
858	88 
859	63 
860	65 
861	17 
862	37 
863	54 
864	30 
865	21 
866	32 
867	49 
868	12 
869	70 
870	78 
871	33 
872	31 
873	58 
874	71 
875	4 
876	5 
877	55 
878	38 
879	55 
880	16 
881	69 
882	68 
883	20 
884	59 
885	47 
886	70 
887	75 
888	32 
889	87 
890	66 
891	49 
892	64 
893	8 
894	43 
895	42 
896	47 
897	32 
898	3 
899	28 
900	69 
901	42 
902	49 
903	85 
904	90 
905	25 
906	4 
907	20 
908	23 
909	61 
910	60 
911	26 
912	63 
913	24 
914	65 
915	82 
916	18 
917	76 
918	45 
919	48 
920	32 
921	52 
922	77 
923	38 
924	79 
925	37 
926	26 
927	70 
928	25 
929	48 
930	33 
931	13 
932	8 
933	7 
934	76 
935	25 
936	3 
937	63 
938	31 
939	2 
940	54 
941	41 
942	42 
943	90 
944	81 
945	56 
946	39 
947	21 
948	67 
949	76 
950	12 
951	30 
952	46 
953	36 
954	72 
955	29 
956	84 
957	50 
958	74 
959	6 
960	43 
961	49 
962	47 
963	74 
964	75 
965	5 
966	84 
967	23 
968	8 
969	25 
970	11 
971	3 
972	67 
973	75 
974	2 
975	31 
976	25 
977	13 
978	88 
979	57 
980	22 
981	2 
982	17 
983	50 
984	6 
985	7 
986	10 
987	46 
988	28 
989	10 
990	64 
991	42 
992	4 
993	84 
994	58 
995	18 
996	55 
997	10 
998	24 
999	86 
1000	62 
1001	25 
1002	44 
1003	3 
1004	83 
1005	18 
1006	33 
1007	39 
1008	14 
1009	80 
1010	23 
1011	87 
1012	26 
1013	38 
1014	3 
1015	1 
1016	88 
1017	26 
1018	29 
1019	55 
1020	7 
1021	29 
1022	2 
1023	76 
1024	22 
1025	69 
1026	65 
1027	52 
1028	11 
1029	12 
1030	26 
1031	60 
1032	17 
1033	80 
1034	61 
1035	39 
1036	58 
1037	30 
1038	25 
1039	79 
1040	32 
1041	36 
1042	18 
1043	27 
1044	66 
1045	3 
1046	11 
1047	32 
1048	1 
1049	87 
1050	20 
1051	73 
1052	44 
1053	67 
1054	3 
1055	53 
1056	43 
1057	88 
1058	42 
1059	78 
1060	64 
1061	39 
1062	55 
1063	76 
1064	67 
1065	58 
1066	19 
1067	58 
1068	6 
1069	31 
1070	79 
1071	7 
1072	80 
1073	50 
1074	7 
1075	66 
1076	68 
1077	15 
1078	70 
1079	81 
1080	87 
1081	61 
1082	66 
1083	25 
1084	68 
1085	49 
1086	12 
1087	68 
1088	18 
1089	57 
1090	55 
1091	35 
1092	58 
1093	80 
1094	8 
1095	70 
1096	71 
1097	87 
1098	16 
1099	68 
1100	16 
1101	26 
1102	52 
1103	10 
1104	56 
1105	54 
1106	64 
1107	64 
1108	38 
1109	53 
1110	15 
1111	71 
1112	50 
1113	4 
1114	22 
1115	35 
1116	89 
1117	7 
1118	86 
1119	87 
1120	76 
1121	23 
1122	10 
1123	35 
1124	73 
1125	18 
1126	33 
1127	55 
1128	55 
1129	33 
1130	63 
1131	49 
1132	61 
1133	27 
1134	23 
1135	12 
1136	89 
1137	61 
1138	32 
1139	88 
1140	38 
1141	38 
1142	66 
1143	36 
1144	89 
1145	6 
1146	47 
1147	59 
1148	62 
1149	20 
1150	31 
1151	68 
1152	13 
1153	54 
1154	38 
1155	21 
1156	39 
1157	87 
1158	35 
1159	82 
1160	20 
1161	13 
1162	71 
1163	25 
1164	63 
1165	25 
1166	11 
1167	18 
1168	81 
1169	32 
1170	8 
1171	71 
1172	65 
1173	67 
1174	20 
1175	81 
1176	61 
1177	44 
1178	9 
1179	82 
1180	4 
1181	45 
1182	56 
1183	38 
1184	54 
1185	12 
1186	41 
1187	81 
1188	1 
1189	27 
1190	15 
1191	63 
1192	47 
1193	79 
1194	47 
1195	47 
1196	87 
1197	31 
1198	39 
1199	84 
1200	57 
1201	70 
1202	26 
1203	30 
1204	54 
1205	79 
1206	8 
1207	48 
1208	75 
1209	71 
1210	37 
1211	25 
1212	66 
1213	36 
1214	55 
1215	37 
1216	75 
1217	16 
1218	25 
1219	68 
1220	24 
1221	65 
1222	9 
1223	6 
1224	83 
1225	35 
1226	86 
1227	24 
1228	30 
1229	76 
1230	90 
1231	2 
1232	20 
1233	60 
1234	48 
1235	24 
1236	16 
1237	48 
1238	80 
1239	59 
1240	64 
1241	17 
1242	83 
1243	44 
1244	25 
1245	6 
1246	20 
1247	36 
1248	72 
1249	12 
1250	33 
1251	82 
1252	55 
1253	23 
1254	25 
1255	33 
1256	76 
1257	34 
1258	70 
1259	56 
1260	89 
1261	35 
1262	4 
1263	48 
1264	60 
1265	79 
1266	24 
1267	66 
1268	28 
1269	50 
1270	74 
1271	39 
1272	70 
1273	78 
1274	17 
1275	18 
1276	83 
1277	26 
1278	63 
1279	57 
1280	70 
1281	72 
1282	82 
1283	74 
1284	37 
1285	76 
1286	50 
1287	64 
1288	9 
1289	20 
1290	11 
1291	33 
1292	69 
1293	74 
1294	89 
1295	19 
1296	17 
1297	57 
1298	4 
1299	79 
1300	27 
1301	84 
1302	60 
1303	86 
1304	20 
1305	1 
1306	7 
1307	49 
1308	31 
1309	64 
1310	65 
1311	68 
1312	83 
1313	82 
1314	45 
1315	20 
1316	10 
1317	1 
1318	89 
1319	25 
1320	53 
1321	28 
1322	52 
1323	39 
1324	86 
1325	87 
1326	16 
1327	16 
1328	48 
1329	25 
1330	22 
1331	50 
1332	63 
1333	58 
1334	87 
1335	54 
1336	67 
1337	25 
1338	70 
1339	24 
1340	48 
1341	12 
1342	57 
1343	32 
1344	7 
1345	28 
1346	6 
1347	78 
1348	2 
1349	86 
1350	2 
1351	77 
1352	53 
1353	37 
1354	31 
1355	26 
1356	7 
1357	46 
1358	14 
1359	64 
1360	18 
1361	27 
1362	8 
1363	71 
1364	89 
1365	35 
1366	16 
1367	11 
1368	69 
1369	21 
1370	48 
1371	77 
1372	63 
1373	82 
1374	38 
1375	71 
1376	4 
1377	3 
1378	5 
1379	83 
1380	13 
1381	89 
1382	41 
1383	36 
1384	75 
1385	85 
1386	26 
1387	50 
1388	2 
1389	63 
1390	27 
1391	3 
1392	32 
1393	55 
1394	4 
1395	67 
1396	65 
1397	52 
1398	36 
1399	24 
1400	6 
1401	74 
1402	42 
1403	13 
1404	34 
1405	8 
1406	37 
1407	56 
1408	33 
1409	69 
1410	76 
1411	6 
1412	48 
1413	23 
1414	73 
1415	30 
1416	60 
1417	78 
1418	10 
1419	88 
1420	22 
1421	88 
1422	24 
1423	28 
1424	65 
1425	76 
1426	8 
1427	62 
1428	11 
1429	28 
1430	20 
1431	28 
1432	43 
1433	85 
1434	82 
1435	49 
1436	63 
1437	20 
1438	75 
1439	21 
1440	88 
1441	63 
1442	83 
1443	49 
1444	25 
1445	69 
1446	87 
1447	62 
1448	85 
1449	26 
1450	3 
1451	82 
1452	51 
1453	72 
1454	7 
1455	63 
1456	37 
1457	29 
1458	41 
1459	52 
1460	59 
1461	28 
1462	24 
1463	39 
1464	66 
1465	80 
1466	59 
1467	69 
1468	5 
1469	85 
1470	87 
1471	75 
1472	45 
1473	56 
1474	25 
1475	22 
1476	10 
1477	30 
1478	84 
1479	28 
1480	44 
1481	34 
1482	65 
1483	51 
1484	86 
1485	48 
1486	87 
1487	7 
1488	73 
1489	52 
1490	61 
1491	14 
1492	17 
1493	4 
1494	21 
1495	31 
1496	53 
1497	39 
1498	46 
1499	68 
1500	85 
1501	21 
1502	58 
1503	71 
1504	59 
1505	12 
1506	57 
1507	14 
1508	27 
1509	53 
1510	2 
1511	46 
1512	24 
1513	51 
1514	67 
1515	58 
1516	55 
1517	74 
1518	28 
1519	5 
1520	14 
1521	89 
1522	65 
1523	50 
1524	75 
1525	74 
1526	87 
1527	32 
1528	13 
1529	25 
1530	83 
1531	84 
1532	33 
1533	34 
1534	74 
1535	82 
1536	76 
1537	77 
1538	71 
1539	14 
1540	84 
1541	19 
1542	14 
1543	57 
1544	4 
1545	52 
1546	39 
1547	64 
1548	8 
1549	56 
1550	23 
1551	57 
1552	17 
1553	55 
1554	12 
1555	60 
1556	53 
1557	2 
1558	54 
1559	48 
1560	14 
1561	13 
1562	35 
1563	81 
1564	35 
1565	67 
1566	8 
1567	12 
1568	45 
1569	53 
1570	37 
1571	10 
1572	73 
1573	66 
1574	25 
1575	15 
1576	62 
1577	5 
1578	40 
1579	89 
1580	68 
1581	79 
1582	62 
1583	71 
1584	1 
1585	20 
1586	79 
1587	20 
1588	63 
1589	87 
1590	70 
1591	1 
1592	44 
1593	30 
1594	39 
1595	75 
1596	42 
1597	65 
1598	74 
1599	45 
1600	39 
1601	78 
1602	47 
1603	74 
1604	8 
1605	8 
1606	37 
1607	18 
1608	35 
1609	65 
1610	30 
1611	50 
1612	90 
1613	42 
1614	64 
1615	48 
1616	53 
1617	75 
1618	9 
1619	86 
1620	8 
1621	54 
1622	18 
1623	17 
1624	70 
1625	30 
1626	10 
1627	13 
1628	3 
1629	68 
1630	58 
1631	8 
1632	87 
1633	74 
1634	73 
1635	31 
1636	1 
1637	16 
1638	44 
1639	73 
1640	34 
1641	21 
1642	12 
1643	65 
1644	41 
1645	25 
1646	36 
1647	5 
1648	12 
1649	57 
1650	9 
1651	62 
1652	42 
1653	61 
1654	73 
1655	57 
1656	13 
1657	59 
1658	54 
1659	83 
1660	79 
1661	41 
1662	9 
1663	20 
1664	44 
1665	55 
1666	60 
1667	53 
1668	11 
1669	38 
1670	47 
1671	75 
1672	29 
1673	71 
1674	58 
1675	61 
1676	38 
1677	84 
1678	34 
1679	39 
1680	34 
1681	59 
1682	18 
1683	70 
1684	14 
1685	14 
1686	65 
1687	33 
1688	53 
1689	83 
1690	20 
1691	67 
1692	84 
1693	19 
1694	51 
1695	73 
1696	64 
1697	30 
1698	80 
1699	24 
1700	36 
1701	58 
1702	30 
1703	71 
1704	71 
1705	7 
1706	39 
1707	64 
1708	15 
1709	84 
1710	74 
1711	25 
1712	27 
1713	72 
1714	78 
1715	61 
1716	24 
1717	65 
1718	58 
1719	22 
1720	25 
1721	30 
1722	77 
1723	60 
1724	12 
1725	21 
1726	40 
1727	75 
1728	38 
1729	86 
1730	14 
1731	28 
1732	83 
1733	28 
1734	25 
1735	30 
1736	22 
1737	47 
1738	54 
1739	17 
1740	4 
1741	20 
1742	25 
1743	56 
1744	67 
1745	50 
1746	39 
1747	56 
1748	39 
1749	32 
1750	67 
1751	14 
1752	23 
1753	4 
1754	11 
1755	41 
1756	68 
1757	84 
1758	37 
1759	32 
1760	21 
1761	43 
1762	50 
1763	65 
1764	81 
1765	86 
1766	54 
1767	63 
1768	20 
1769	39 
1770	16 
1771	75 
1772	6 
1773	51 
1774	55 
1775	33 
1776	41 
1777	18 
1778	67 
1779	30 
1780	64 
1781	89 
1782	69 
1783	73 
1784	56 
1785	85 
1786	17 
1787	62 
1788	19 
1789	47 
1790	16 
1791	67 
1792	85 
1793	63 
1794	28 
1795	30 
1796	40 
1797	72 
1798	72 
1799	57 
1800	57 
1801	78 
1802	22 
1803	65 
1804	17 
1805	78 
1806	33 
1807	55 
1808	46 
1809	12 
1810	75 
1811	15 
1812	11 
1813	2 
1814	18 
1815	62 
1816	60 
1817	55 
1818	73 
1819	2 
1820	46 
1821	75 
1822	76 
1823	7 
1824	20 
1825	9 
1826	47 
1827	44 
1828	54 
1829	84 
1830	43 
1831	42 
1832	20 
1833	18 
1834	65 
1835	89 
1836	51 
1837	85 
1838	40 
1839	29 
1840	88 
1841	35 
1842	5 
1843	51 
1844	2 
1845	63 
1846	9 
1847	48 
1848	29 
1849	64 
1850	30 
1851	2 
1852	86 
1853	2 
1854	79 
1855	6 
1856	73 
1857	71 
1858	14 
1859	74 
1860	3 
1861	67 
1862	89 
1863	10 
1864	66 
1865	90 
1866	85 
1867	47 
1868	76 
1869	29 
1870	8 
1871	44 
1872	70 
1873	49 
1874	73 
1875	64 
1876	6 
1877	35 
1878	12 
1879	28 
1880	84 
1881	67 
1882	29 
1883	34 
1884	89 
1885	48 
1886	49 
1887	51 
1888	20 
1889	69 
1890	44 
1891	35 
1892	69 
1893	51 
1894	63 
1895	61 
1896	26 
1897	18 
1898	54 
1899	9 
1900	6 
1901	33 
1902	36 
1903	56 
1904	42 
1905	68 
1906	22 
1907	11 
1908	23 
1909	28 
1910	1 
1911	21 
1912	88 
1913	56 
1914	73 
1915	74 
1916	8 
1917	44 
1918	40 
1919	86 
1920	79 
1921	79 
1922	48 
1923	64 
1924	48 
1925	87 
1926	51 
1927	6 
1928	36 
1929	11 
1930	9 
1931	18 
1932	39 
1933	87 
1934	86 
1935	6 
1936	69 
1937	18 
1938	52 
1939	47 
1940	11 
1941	58 
1942	90 
1943	25 
1944	81 
1945	52 
1946	6 
1947	66 
1948	2 
1949	30 
1950	51 
1951	86 
1952	23 
1953	14 
1954	31 
1955	14 
1956	1 
1957	28 
1958	73 
1959	38 
1960	84 
1961	26 
1962	28 
1963	79 
1964	85 
1965	46 
1966	20 
1967	3 
1968	86 
1969	66 
1970	65 
1971	51 
1972	55 
1973	46 
1974	86 
1975	72 
1976	59 
1977	18 
1978	33 
1979	42 
1980	79 
1981	60 
1982	17 
1983	51 
1984	67 
1985	47 
1986	69 
1987	11 
1988	77 
1989	49 
1990	30 
1991	50 
1992	51 
1993	76 
1994	10 
1995	24 
1996	90 
1997	84 
1998	42 
1999	69 
2000	2 
2001	40 
2002	79 
2003	54 
2004	37 
2005	3 
2006	35 
2007	26 
2008	63 
2009	44 
2010	80 
2011	55 
2012	40 
2013	88 
2014	71 
2015	80 
2016	85 
2017	24 
2018	35 
2019	74 
2020	23 
2021	74 
2022	84 
2023	63 
2024	31 
2025	77 
2026	19 
2027	88 
2028	35 
2029	37 
2030	73 
2031	72 
2032	19 
2033	25 
2034	15 
2035	2 
2036	75 
2037	32 
2038	46 
2039	73 
2040	20 
2041	71 
2042	30 
2043	39 
2044	23 
2045	1 
2046	74 
2047	22 
2048	15 
2049	58 
2050	23 
2051	88 
2052	50 
2053	38 
2054	50 
2055	48 
2056	55 
2057	30 
2058	9 
2059	25 
2060	6 
2061	43 
2062	13 
2063	81 
2064	36 
2065	27 
2066	16 
2067	45 
2068	87 
2069	1 
2070	3 
2071	61 
2072	70 
2073	9 
2074	10 
2075	80 
2076	32 
2077	62 
2078	45 
2079	26 
2080	16 
2081	25 
2082	67 
2083	54 
2084	85 
2085	84 
2086	67 
2087	69 
2088	18 
2089	39 
2090	59 
2091	1 
2092	70 
2093	29 
2094	49 
2095	75 
2096	3 
2097	15 
2098	75 
2099	28 
2100	59 
2101	83 
2102	35 
2103	9 
2104	79 
2105	47 
2106	90 
2107	25 
2108	54 
2109	72 
2110	74 
2111	85 
2112	10 
2113	55 
2114	52 
2115	32 
2116	89 
2117	68 
2118	30 
2119	77 
2120	39 
2121	4 
2122	82 
2123	69 
2124	57 
2125	17 
2126	74 
2127	46 
2128	83 
2129	27 
2130	20 
2131	88 
2132	53 
2133	57 
2134	71 
2135	21 
2136	67 
2137	53 
2138	17 
2139	1 
2140	22 
2141	76 
2142	72 
2143	55 
2144	57 
2145	48 
2146	20 
2147	9 
2148	79 
2149	20 
2150	3 
2151	52 
2152	12 
2153	41 
2154	20 
2155	4 
2156	55 
2157	49 
2158	40 
2159	3 
2160	25 
2161	71 
2162	53 
2163	63 
2164	38 
2165	41 
2166	86 
2167	75 
2168	40 
2169	71 
2170	74 
2171	49 
2172	15 
2173	4 
2174	74 
2175	20 
2176	84 
2177	51 
2178	14 
2179	63 
2180	57 
2181	78 
2182	30 
2183	51 
2184	75 
2185	26 
2186	30 
2187	13 
2188	41 
2189	11 
2190	14 
2191	5 
2192	50 
2193	15 
2194	49 
2195	72 
2196	29 
2197	67 
2198	8 
2199	15 
2200	81 
2201	89 
2202	18 
2203	16 
2204	8 
2205	13 
2206	81 
2207	39 
2208	55 
2209	48 
2210	68 
2211	12 
2212	74 
2213	80 
2214	77 
2215	50 
2216	12 
2217	70 
2218	36 
2219	46 
2220	86 
2221	32 
2222	25 
2223	75 
2224	37 
2225	75 
2226	55 
2227	41 
2228	34 
2229	54 
2230	29 
2231	68 
2232	48 
2233	24 
2234	10 
2235	15 
2236	82 
2237	53 
2238	16 
2239	25 
2240	71 
2241	74 
2242	37 
2243	66 
2244	30 
2245	59 
2246	21 
2247	90 
2248	45 
2249	11 
2250	62 
2251	59 
2252	12 
2253	58 
2254	38 
2255	27 
2256	49 
2257	78 
2258	55 
2259	1 
2260	77 
2261	19 
2262	21 
2263	90 
2264	10 
2265	70 
2266	36 
2267	36 
2268	54 
2269	2 
2270	46 
2271	81 
2272	73 
2273	62 
2274	54 
2275	1 
2276	39 
2277	37 
2278	13 
2279	19 
2280	69 
2281	90 
2282	18 
2283	31 
2284	14 
2285	50 
2286	9 
2287	53 
2288	48 
2289	24 
2290	72 
2291	75 
2292	20 
2293	30 
2294	32 
2295	55 
2296	6 
2297	18 
2298	82 
2299	88 
2300	26 
2301	10 
2302	2 
2303	74 
2304	86 
2305	75 
2306	39 
2307	57 
2308	20 
2309	14 
2310	20 
2311	49 
2312	27 
2313	16 
2314	48 
2315	23 
2316	84 
2317	68 
2318	9 
2319	65 
2320	67 
2321	90 
2322	35 
2323	29 
2324	87 
2325	13 
2326	65 
2327	53 
2328	17 
2329	44 
2330	20 
2331	11 
2332	86 
2333	25 
2334	52 
2335	9 
2336	52 
2337	73 
2338	81 
2339	5 
2340	71 
2341	22 
2342	80 
2343	79 
2344	82 
2345	63 
2346	2 
2347	76 
2348	19 
2349	82 
2350	54 
2351	26 
2352	12 
2353	39 
2354	71 
2355	47 
2356	63 
2357	48 
2358	62 
2359	43 
2360	87 
2361	38 
2362	68 
2363	18 
2364	71 
2365	9 
2366	7 
2367	63 
2368	46 
2369	60 
2370	25 
2371	68 
2372	65 
2373	66 
2374	81 
2375	41 
2376	50 
2377	30 
2378	88 
2379	24 
2380	74 
2381	26 
2382	77 
2383	12 
2384	66 
2385	72 
2386	88 
2387	62 
2388	51 
2389	64 
2390	25 
2391	20 
2392	39 
2393	45 
2394	72 
2395	81 
2396	12 
2397	83 
2398	72 
2399	72 
2400	53 
2401	58 
2402	86 
2403	90 
2404	62 
2405	29 
2406	13 
2407	48 
2408	26 
2409	48 
2410	74 
2411	82 
2412	56 
2413	2 
2414	44 
2415	58 
2416	61 
2417	74 
2418	17 
2419	45 
2420	3 
2421	68 
2422	32 
2423	65 
2424	45 
2425	56 
2426	39 
2427	39 
2428	22 
2429	50 
2430	59 
2431	73 
2432	87 
2433	80 
2434	13 
2435	38 
2436	83 
2437	13 
2438	3 
2439	87 
2440	5 
2441	51 
2442	45 
2443	7 
2444	73 
2445	12 
2446	27 
2447	45 
2448	27 
2449	23 
2450	27 
2451	83 
2452	68 
2453	52 
2454	61 
2455	49 
2456	81 
2457	27 
2458	82 
2459	81 
2460	17 
2461	40 
2462	36 
2463	32 
2464	22 
2465	4 
2466	34 
2467	40 
2468	57 
2469	44 
2470	64 
2471	50 
2472	49 
2473	74 
2474	6 
2475	38 
2476	12 
2477	72 
2478	81 
2479	34 
2480	14 
2481	8 
2482	39 
2483	36 
2484	48 
2485	9 
2486	24 
2487	73 
2488	89 
2489	80 
2490	3 
2491	20 
2492	1 
2493	38 
2494	20 
2495	78 
2496	12 
2497	46 
2498	22 
2499	15 
2500	22 
2501	47 
2502	85 
2503	35 
2504	52 
2505	14 
2506	73 
2507	15 
2508	55 
2509	21 
2510	15 
2511	75 
2512	12 
2513	27 
2514	26 
2515	77 
2516	49 
2517	61 
2518	16 
2519	49 
2520	59 
2521	35 
2522	78 
2523	66 
2524	1 
2525	5 
2526	74 
2527	25 
2528	48 
2529	18 
2530	52 
2531	20 
2532	50 
2533	73 
2534	84 
2535	68 
2536	29 
2537	71 
2538	7 
2539	81 
2540	52 
2541	49 
2542	55 
2543	27 
2544	17 
2545	57 
2546	28 
2547	25 
2548	22 
2549	15 
2550	69 
2551	86 
2552	78 
2553	46 
2554	14 
2555	72 
2556	82 
2557	25 
2558	81 
2559	41 
2560	13 
2561	47 
2562	57 
2563	3 
2564	33 
2565	60 
2566	42 
2567	26 
2568	18 
2569	69 
2570	49 
2571	44 
2572	46 
2573	53 
2574	32 
2575	12 
2576	20 
2577	87 
2578	66 
2579	27 
2580	32 
2581	9 
2582	57 
2583	27 
2584	61 
2585	67 
2586	72 
2587	5 
2588	79 
2589	20 
2590	51 
2591	30 
2592	26 
2593	27 
2594	25 
2595	63 
2596	22 
2597	85 
2598	55 
2599	57 
2600	4 
2601	85 
2602	52 
2603	7 
2604	40 
2605	20 
2606	50 
2607	85 
2608	27 
2609	18 
2610	75 
2611	75 
2612	43 
2613	79 
2614	65 
2615	70 
2616	28 
2617	21 
2618	49 
2619	10 
2620	71 
2621	68 
2622	26 
2623	56 
2624	39 
2625	75 
2626	53 
2627	20 
2628	34 
2629	26 
2630	19 
2631	46 
2632	11 
2633	43 
2634	75 
2635	86 
2636	72 
2637	25 
2638	17 
2639	42 
2640	63 
2641	40 
2642	88 
2643	34 
2644	10 
2645	11 
2646	72 
2647	81 
2648	46 
2649	8 
2650	46 
2651	85 
2652	88 
2653	11 
2654	36 
2655	60 
2656	39 
2657	81 
2658	60 
2659	89 
2660	14 
2661	18 
2662	18 
2663	46 
2664	46 
2665	82 
2666	69 
2667	74 
2668	14 
2669	22 
2670	64 
2671	41 
2672	9 
2673	80 
2674	42 
2675	90 
2676	23 
2677	49 
2678	26 
2679	53 
2680	20 
2681	29 
2682	21 
2683	51 
2684	69 
2685	30 
2686	84 
2687	45 
2688	70 
2689	75 
2690	84 
2691	11 
2692	1 
2693	22 
2694	20 
2695	88 
2696	4 
2697	17 
2698	70 
2699	54 
2700	63 
2701	17 
2702	82 
2703	32 
2704	28 
2705	27 
2706	8 
2707	10 
2708	18 
2709	56 
2710	16 
2711	4 
2712	2 
2713	44 
2714	8 
2715	16 
2716	28 
2717	41 
2718	56 
2719	16 
2720	87 
2721	14 
2722	21 
2723	76 
2724	88 
2725	61 
2726	17 
2727	69 
2728	2 
2729	1 
2730	42 
2731	75 
2732	24 
2733	22 
2734	16 
2735	48 
2736	48 
2737	47 
2738	4 
2739	78 
2740	28 
2741	21 
2742	59 
2743	40 
2744	44 
2745	48 
2746	27 
2747	27 
2748	25 
2749	36 
2750	22 
2751	48 
2752	36 
2753	80 
2754	36 
2755	73 
2756	24 
2757	71 
2758	10 
2759	80 
2760	69 
2761	55 
2762	20 
2763	1 
2764	34 
2765	20 
2766	11 
2767	59 
2768	69 
2769	35 
2770	85 
2771	48 
2772	85 
2773	31 
2774	21 
2775	1 
2776	85 
2777	66 
2778	32 
2779	58 
2780	43 
2781	33 
2782	20 
2783	57 
2784	42 
2785	12 
2786	90 
2787	3 
2788	17 
2789	82 
2790	44 
2791	25 
2792	50 
2793	88 
2794	30 
2795	76 
2796	55 
2797	74 
2798	32 
2799	65 
2800	52 
2801	55 
2802	37 
2803	54 
2804	61 
2805	65 
2806	39 
2807	43 
2808	33 
2809	12 
2810	72 
2811	15 
2812	81 
2813	78 
2814	4 
2815	72 
2816	26 
2817	50 
2818	71 
2819	61 
2820	19 
2821	73 
2822	7 
2823	17 
2824	27 
2825	45 
2826	9 
2827	9 
2828	71 
2829	72 
2830	35 
2831	81 
2832	8 
2833	90 
2834	2 
2835	75 
2836	47 
2837	32 
2838	76 
2839	73 
2840	83 
2841	32 
2842	78 
2843	52 
2844	34 
2845	28 
2846	7 
2847	76 
2848	42 
2849	25 
2850	58 
2851	30 
2852	36 
2853	77 
2854	16 
2855	78 
2856	50 
2857	40 
2858	4 
2859	48 
2860	45 
2861	90 
2862	27 
2863	14 
2864	32 
2865	25 
2866	42 
2867	60 
2868	75 
2869	90 
2870	46 
2871	20 
2872	75 
2873	83 
2874	35 
2875	47 
2876	46 
2877	16 
2878	51 
2879	48 
2880	14 
2881	46 
2882	36 
2883	68 
2884	54 
2885	86 
2886	8 
2887	88 
2888	81 
2889	35 
2890	72 
2891	20 
2892	69 
2893	68 
2894	6 
2895	51 
2896	10 
2897	80 
2898	24 
2899	89 
2900	85 
2901	62 
2902	3 
2903	64 
2904	66 
2905	55 
2906	84 
2907	26 
2908	56 
2909	65 
2910	8 
2911	69 
2912	29 
2913	54 
2914	52 
2915	41 
2916	41 
2917	16 
2918	70 
2919	1 
2920	2 
2921	1 
2922	46 
2923	85 
2924	9 
2925	71 
2926	55 
2927	72 
2928	47 
2929	66 
2930	74 
2931	2 
2932	34 
2933	21 
2934	45 
2935	66 
2936	4 
2937	26 
2938	11 
2939	54 
2940	74 
2941	82 
2942	5 
2943	56 
2944	33 
2945	21 
2946	27 
2947	70 
2948	52 
2949	14 
2950	76 
2951	12 
2952	84 
2953	45 
2954	39 
2955	25 
2956	58 
2957	22 
2958	56 
2959	64 
2960	52 
2961	74 
2962	9 
2963	43 
2964	36 
2965	17 
2966	14 
2967	1 
2968	27 
2969	81 
2970	65 
2971	38 
2972	63 
2973	54 
2974	22 
2975	72 
2976	33 
2977	72 
2978	70 
2979	39 
2980	86 
2981	80 
2982	41 
2983	64 
2984	88 
2985	47 
2986	86 
2987	20 
2988	17 
2989	53 
2990	32 
2991	57 
2992	19 
2993	55 
2994	42 
2995	70 
2996	79 
2997	61 
2998	27 
2999	26 
3000	4 
3001	35 
3002	4 
3003	12 
3004	59 
3005	22 
3006	86 
3007	11 
3008	1 
3009	39 
3010	23 
3011	9 
3012	12 
3013	19 
3014	39 
3015	7 
3016	12 
3017	38 
3018	3 
3019	58 
3020	44 
3021	17 
3022	40 
3023	10 
3024	55 
3025	33 
3026	67 
3027	40 
3028	30 
3029	7 
3030	35 
3031	70 
3032	40 
3033	45 
3034	7 
3035	38 
3036	12 
3037	58 
3038	53 
3039	15 
3040	65 
3041	90 
3042	88 
3043	88 
3044	62 
3045	10 
3046	7 
3047	28 
3048	62 
3049	2 
3050	41 
3051	28 
3052	32 
3053	48 
3054	24 
3055	89 
3056	32 
3057	66 
3058	55 
3059	21 
3060	85 
3061	29 
3062	57 
3063	17 
3064	65 
3065	66 
3066	87 
3067	53 
3068	4 
3069	87 
3070	84 
3071	24 
3072	74 
3073	34 
3074	63 
3075	88 
3076	56 
3077	65 
3078	52 
3079	68 
3080	3 
3081	28 
3082	53 
3083	81 
3084	9 
3085	20 
3086	87 
3087	28 
3088	20 
3089	31 
3090	85 
3091	68 
3092	73 
3093	23 
3094	28 
3095	74 
3096	12 
3097	73 
3098	4 
3099	75 
3100	27 
3101	7 
3102	34 
3103	20 
3104	17 
3105	20 
3106	80 
3107	60 
3108	55 
3109	53 
3110	87 
3111	79 
3112	36 
3113	53 
3114	82 
3115	56 
3116	75 
3117	60 
3118	44 
3119	17 
3120	15 
3121	16 
3122	14 
3123	81 
3124	72 
3125	34 
3126	70 
3127	77 
3128	88 
3129	36 
3130	45 
3131	29 
3132	65 
3133	90 
3134	73 
3135	73 
3136	20 
3137	2 
3138	30 
3139	37 
3140	37 
3141	29 
3142	14 
3143	37 
3144	5 
3145	15 
3146	84 
3147	10 
3148	69 
3149	20 
3150	25 
3151	77 
3152	17 
3153	85 
3154	85 
3155	67 
3156	83 
3157	88 
3158	6 
3159	75 
3160	31 
3161	30 
3162	85 
3163	46 
3164	39 
3165	80 
3166	11 
3167	67 
3168	90 
3169	21 
3170	50 
3171	87 
3172	10 
3173	81 
3174	76 
3175	37 
3176	6 
3177	71 
3178	20 
3179	71 
3180	10 
3181	9 
3182	85 
3183	53 
3184	88 
3185	21 
3186	48 
3187	42 
3188	37 
3189	52 
3190	12 
3191	52 
3192	33 
3193	17 
3194	65 
3195	17 
3196	40 
3197	67 
3198	19 
3199	85 
3200	10 
3201	58 
3202	56 
3203	19 
3204	25 
3205	53 
3206	63 
3207	65 
3208	88 
3209	84 
3210	73 
3211	11 
3212	45 
3213	38 
3214	86 
3215	82 
3216	74 
3217	38 
3218	87 
3219	22 
3220	52 
3221	54 
3222	38 
3223	19 
3224	26 
3225	80 
3226	72 
3227	32 
3228	58 
3229	29 
3230	31 
3231	33 
3232	25 
3233	8 
3234	49 
3235	49 
3236	12 
3237	48 
3238	32 
3239	21 
3240	80 
3241	67 
3242	68 
3243	80 
3244	82 
3245	34 
3246	29 
3247	64 
3248	52 
3249	19 
3250	69 
3251	69 
3252	42 
3253	32 
3254	60 
3255	54 
3256	23 
3257	74 
3258	65 
3259	44 
3260	12 
3261	85 
3262	69 
3263	5 
3264	28 
3265	2 
3266	67 
3267	65 
3268	45 
3269	15 
3270	22 
3271	36 
3272	34 
3273	36 
3274	32 
3275	67 
3276	74 
3277	36 
3278	63 
3279	25 
3280	57 
3281	2 
3282	54 
3283	75 
3284	81 
3285	28 
3286	84 
3287	35 
3288	71 
3289	51 
3290	12 
3291	8 
3292	22 
3293	85 
3294	85 
3295	52 
3296	69 
3297	89 
3298	26 
3299	40 
3300	44 
3301	26 
3302	89 
3303	6 
3304	59 
3305	40 
3306	43 
3307	75 
3308	5 
3309	75 
3310	52 
3311	27 
3312	62 
3313	65 
3314	65 
3315	62 
3316	69 
3317	29 
3318	25 
3319	5 
3320	22 
3321	72 
3322	59 
3323	2 
3324	16 
3325	31 
3326	9 
3327	10 
3328	44 
3329	17 
3330	16 
3331	16 
3332	24 
3333	80 
3334	73 
3335	28 
3336	11 
3337	66 
3338	83 
3339	60 
3340	5 
3341	4 
3342	38 
3343	21 
3344	10 
3345	55 
3346	16 
3347	26 
3348	10 
3349	49 
3350	12 
3351	25 
3352	24 
3353	14 
3354	86 
3355	86 
3356	71 
3357	41 
3358	64 
3359	51 
3360	37 
3361	29 
3362	72 
3363	12 
3364	35 
3365	40 
3366	34 
3367	29 
3368	29 
3369	42 
3370	86 
3371	87 
3372	74 
3373	67 
3374	35 
3375	89 
3376	20 
3377	59 
3378	81 
3379	30 
3380	39 
3381	32 
3382	72 
3383	39 
3384	74 
3385	56 
3386	72 
3387	65 
3388	69 
3389	15 
3390	47 
3391	60 
3392	20 
3393	26 
3394	13 
3395	15 
3396	33 
3397	70 
3398	59 
3399	10 
3400	41 
3401	36 
3402	53 
3403	72 
3404	52 
3405	80 
3406	56 
3407	56 
3408	8 
3409	74 
3410	27 
3411	44 
3412	6 
3413	5 
3414	84 
3415	9 
3416	34 
3417	13 
3418	11 
3419	49 
3420	88 
3421	44 
3422	82 
3423	54 
3424	66 
3425	46 
3426	23 
3427	69 
3428	65 
3429	7 
3430	27 
3431	83 
3432	36 
3433	9 
3434	73 
3435	36 
3436	47 
3437	19 
3438	29 
3439	80 
3440	31 
3441	1 
3442	62 
3443	42 
3444	18 
3445	59 
3446	47 
3447	11 
3448	10 
3449	45 
3450	15 
3451	33 
3452	53 
3453	18 
3454	51 
3455	85 
3456	18 
3457	34 
3458	1 
3459	21 
3460	2 
3461	44 
3462	68 
3463	1 
3464	78 
3465	50 
3466	83 
3467	42 
3468	69 
3469	25 
3470	3 
3471	77 
3472	66 
3473	54 
3474	71 
3475	68 
3476	29 
3477	68 
3478	44 
3479	13 
3480	34 
3481	70 
3482	22 
3483	66 
3484	3 
3485	55 
3486	66 
3487	43 
3488	29 
3489	39 
3490	85 
3491	54 
3492	61 
3493	2 
3494	81 
3495	66 
3496	34 
3497	85 
3498	23 
3499	27 
3500	22 
3501	51 
3502	53 
3503	14 
3504	63 
3505	69 
3506	2 
3507	29 
3508	20 
3509	20 
3510	34 
3511	80 
3512	2 
3513	7 
3514	44 
3515	50 
3516	62 
3517	34 
3518	56 
3519	18 
3520	80 
3521	23 
3522	57 
3523	36 
3524	88 
3525	17 
3526	48 
3527	20 
3528	22 
3529	28 
3530	17 
3531	89 
3532	47 
3533	81 
3534	73 
3535	83 
3536	45 
3537	51 
3538	69 
3539	53 
3540	79 
3541	17 
3542	87 
3543	89 
3544	52 
3545	69 
3546	42 
3547	66 
3548	42 
3549	62 
3550	66 
3551	8 
3552	39 
3553	73 
3554	46 
3555	20 
3556	49 
3557	57 
3558	25 
3559	55 
3560	28 
3561	87 
3562	1 
3563	54 
3564	13 
3565	5 
3566	52 
3567	11 
3568	34 
3569	52 
3570	15 
3571	19 
3572	5 
3573	28 
3574	40 
3575	36 
3576	87 
3577	25 
3578	13 
3579	11 
3580	28 
3581	52 
3582	4 
3583	76 
3584	70 
3585	50 
3586	49 
3587	73 
3588	18 
3589	18 
3590	84 
3591	7 
3592	26 
3593	39 
3594	38 
3595	87 
3596	50 
3597	68 
3598	13 
3599	23 
3600	71 
3601	35 
3602	72 
3603	81 
3604	13 
3605	60 
3606	13 
3607	60 
3608	38 
3609	55 
3610	30 
3611	33 
3612	1 
3613	58 
3614	55 
3615	43 
3616	27 
3617	12 
3618	43 
3619	65 
3620	40 
3621	10 
3622	22 
3623	62 
3624	53 
3625	82 
3626	69 
3627	40 
3628	57 
3629	54 
3630	17 
3631	60 
3632	12 
3633	87 
3634	35 
3635	38 
3636	84 
3637	47 
3638	80 
3639	30 
3640	48 
3641	59 
3642	2 
3643	71 
3644	38 
3645	31 
3646	56 
3647	54 
3648	27 
3649	12 
3650	69 
3651	42 
3652	22 
3653	12 
3654	75 
3655	60 
3656	44 
3657	8 
3658	20 
3659	23 
3660	82 
3661	74 
3662	13 
3663	51 
3664	1 
3665	78 
3666	73 
3667	22 
3668	42 
3669	56 
3670	86 
3671	38 
3672	43 
3673	75 
3674	9 
3675	3 
3676	40 
3677	61 
3678	75 
3679	60 
3680	58 
3681	5 
3682	38 
3683	71 
3684	24 
3685	47 
3686	70 
3687	13 
3688	85 
3689	83 
3690	90 
3691	83 
3692	72 
3693	18 
3694	35 
3695	85 
3696	32 
3697	13 
3698	5 
3699	82 
3700	50 
3701	40 
3702	14 
3703	12 
3704	85 
3705	10 
3706	41 
3707	37 
3708	61 
3709	87 
3710	88 
3711	58 
3712	74 
3713	65 
3714	49 
3715	17 
3716	34 
3717	85 
3718	56 
3719	14 
3720	44 
3721	63 
3722	35 
3723	53 
3724	15 
3725	70 
3726	22 
3727	48 
3728	46 
3729	19 
3730	35 
3731	86 
3732	68 
3733	32 
3734	41 
3735	13 
3736	42 
3737	4 
3738	90 
3739	26 
3740	85 
3741	59 
3742	24 
3743	75 
3744	73 
3745	48 
3746	72 
3747	39 
3748	85 
3749	22 
3750	22 
3751	2 
3752	57 
3753	78 
3754	67 
3755	52 
3756	13 
3757	75 
3758	35 
3759	47 
3760	17 
3761	40 
3762	15 
3763	29 
3764	73 
3765	77 
3766	87 
3767	84 
3768	28 
3769	75 
3770	90 
3771	37 
3772	76 
3773	86 
3774	32 
3775	39 
3776	87 
3777	83 
3778	5 
3779	1 
3780	63 
3781	13 
3782	12 
3783	59 
3784	73 
3785	28 
3786	43 
3787	19 
3788	12 
3789	22 
3790	60 
3791	52 
3792	44 
3793	74 
3794	39 
3795	20 
3796	25 
3797	18 
3798	63 
3799	12 
3800	56 
3801	70 
3802	4 
3803	71 
3804	57 
3805	81 
3806	85 
3807	90 
3808	88 
3809	40 
3810	6 
3811	39 
3812	19 
3813	56 
3814	4 
3815	68 
3816	48 
3817	69 
3818	56 
3819	72 
3820	65 
3821	87 
3822	85 
3823	72 
3824	21 
3825	20 
3826	1 
3827	70 
3828	48 
3829	32 
3830	22 
3831	9 
3832	1 
3833	27 
3834	75 
3835	78 
3836	35 
3837	58 
3838	19 
3839	58 
3840	20 
3841	9 
3842	38 
3843	19 
3844	20 
3845	52 
3846	26 
3847	16 
3848	20 
3849	12 
3850	90 
3851	18 
3852	17 
3853	54 
3854	82 
3855	61 
3856	45 
3857	38 
3858	48 
3859	60 
3860	64 
3861	54 
3862	69 
3863	26 
3864	57 
3865	24 
3866	54 
3867	45 
3868	84 
3869	68 
3870	30 
3871	19 
3872	79 
3873	5 
3874	53 
3875	45 
3876	28 
3877	80 
3878	73 
3879	30 
3880	9 
3881	72 
3882	31 
3883	83 
3884	41 
3885	81 
3886	82 
3887	72 
3888	21 
3889	54 
3890	78 
3891	81 
3892	11 
3893	15 
3894	81 
3895	26 
3896	60 
3897	49 
3898	35 
3899	77 
3900	67 
3901	25 
3902	65 
3903	61 
3904	44 
3905	18 
3906	4 
3907	3 
3908	64 
3909	77 
3910	77 
3911	90 
3912	79 
3913	13 
3914	12 
3915	5 
3916	27 
3917	38 
3918	39 
3919	90 
3920	53 
3921	55 
3922	73 
3923	75 
3924	37 
3925	28 
3926	87 
3927	51 
3928	75 
3929	18 
3930	27 
3931	26 
3932	20 
3933	85 
3934	26 
3935	63 
3936	11 
3937	11 
3938	84 
3939	68 
3940	61 
3941	57 
3942	22 
3943	43 
3944	71 
3945	14 
3946	89 
3947	3 
3948	9 
3949	15 
3950	12 
3951	87 
3952	22 
3953	13 
3954	65 
3955	44 
3956	18 
3957	53 
3958	44 
3959	80 
3960	56 
3961	47 
3962	2 
3963	83 
3964	46 
3965	52 
3966	55 
3967	14 
3968	87 
3969	50 
3970	24 
3971	9 
3972	86 
3973	85 
3974	65 
3975	44 
3976	80 
3977	83 
3978	11 
3979	34 
3980	18 
3981	88 
3982	90 
3983	13 
3984	77 
3985	26 
3986	32 
3987	5 
3988	50 
3989	46 
3990	33 
3991	70 
3992	28 
3993	45 
3994	28 
3995	85 
3996	55 
3997	20 
3998	77 
3999	20 
4000	29 
4001	23 
4002	90 
4003	52 
4004	89 
4005	29 
4006	31 
4007	17 
4008	38 
4009	46 
4010	43 
4011	75 
4012	69 
4013	46 
4014	82 
4015	25 
4016	12 
4017	17 
4018	38 
4019	89 
4020	51 
4021	30 
4022	80 
4023	30 
4024	3 
4025	82 
4026	69 
4027	86 
4028	5 
4029	53 
4030	11 
4031	12 
4032	58 
4033	44 
4034	20 
4035	56 
4036	14 
4037	71 
4038	5 
4039	75 
4040	21 
4041	50 
4042	23 
4043	36 
4044	88 
4045	75 
4046	35 
4047	22 
4048	24 
4049	72 
4050	27 
4051	86 
4052	8 
4053	87 
4054	14 
4055	14 
4056	20 
4057	87 
4058	47 
4059	86 
4060	47 
4061	75 
4062	35 
4063	41 
4064	63 
4065	46 
4066	29 
4067	30 
4068	63 
4069	75 
4070	5 
4071	51 
4072	84 
4073	65 
4074	90 
4075	25 
4076	72 
4077	69 
4078	12 
4079	72 
4080	1 
4081	33 
4082	7 
4083	19 
4084	23 
4085	70 
4086	46 
4087	42 
4088	64 
4089	73 
4090	6 
4091	6 
4092	47 
4093	50 
4094	69 
4095	12 
4096	45 
4097	55 
4098	85 
4099	69 
4100	35 
4101	73 
4102	12 
4103	80 
4104	44 
4105	3 
4106	17 
4107	81 
4108	47 
4109	83 
4110	63 
4111	48 
4112	36 
4113	53 
4114	23 
4115	81 
4116	90 
4117	3 
4118	50 
4119	86 
4120	79 
4121	47 
4122	60 
4123	16 
4124	43 
4125	42 
4126	5 
4127	25 
4128	74 
4129	42 
4130	49 
4131	65 
4132	72 
4133	55 
4134	23 
4135	54 
4136	75 
4137	82 
4138	47 
4139	33 
4140	77 
4141	54 
4142	66 
4143	83 
4144	35 
4145	17 
4146	11 
4147	73 
4148	27 
4149	31 
4150	62 
4151	65 
4152	27 
4153	69 
4154	57 
4155	69 
4156	31 
4157	8 
4158	24 
4159	40 
4160	67 
4161	73 
4162	14 
4163	63 
4164	56 
4165	24 
4166	32 
4167	9 
4168	75 
4169	52 
4170	90 
4171	15 
4172	72 
4173	33 
4174	56 
4175	28 
4176	48 
4177	38 
4178	27 
4179	23 
4180	36 
4181	81 
4182	30 
4183	29 
4184	47 
4185	70 
4186	90 
4187	11 
4188	13 
4189	1 
4190	32 
4191	73 
4192	70 
4193	80 
4194	48 
4195	22 
4196	14 
4197	65 
4198	87 
4199	47 
4200	90 
4201	26 
4202	82 
4203	34 
4204	84 
4205	66 
4206	67 
4207	37 
4208	12 
4209	79 
4210	71 
4211	87 
4212	27 
4213	51 
4214	89 
4215	13 
4216	47 
4217	17 
4218	48 
4219	14 
4220	17 
4221	86 
4222	81 
4223	1 
4224	41 
4225	3 
4226	53 
4227	15 
4228	54 
4229	21 
4230	5 
4231	55 
4232	89 
4233	12 
4234	14 
4235	44 
4236	90 
4237	49 
4238	58 
4239	90 
4240	58 
4241	25 
4242	87 
4243	55 
4244	33 
4245	53 
4246	64 
4247	29 
4248	68 
4249	84 
4250	77 
4251	15 
4252	86 
4253	69 
4254	14 
4255	52 
4256	42 
4257	90 
4258	27 
4259	68 
4260	24 
4261	81 
4262	54 
4263	27 
4264	48 
4265	39 
4266	84 
4267	6 
4268	12 
4269	49 
4270	32 
4271	45 
4272	12 
4273	87 
4274	46 
4275	86 
4276	30 
4277	4 
4278	2 
4279	14 
4280	43 
4281	4 
4282	10 
4283	63 
4284	69 
4285	15 
4286	6 
4287	49 
4288	34 
4289	58 
4290	18 
4291	43 
4292	55 
4293	44 
4294	51 
4295	52 
4296	12 
4297	90 
4298	66 
4299	31 
4300	59 
4301	69 
4302	90 
4303	75 
4304	26 
4305	41 
4306	83 
4307	27 
4308	28 
4309	62 
4310	60 
4311	20 
4312	51 
4313	56 
4314	65 
4315	20 
4316	28 
4317	27 
4318	22 
4319	8 
4320	29 
4321	72 
4322	9 
4323	15 
4324	61 
4325	78 
4326	42 
4327	32 
4328	24 
4329	62 
4330	43 
4331	74 
4332	87 
4333	23 
4334	20 
4335	1 
4336	66 
4337	70 
4338	25 
4339	20 
4340	27 
4341	72 
4342	42 
4343	23 
4344	47 
4345	50 
4346	12 
4347	88 
4348	85 
4349	19 
4350	2 
4351	74 
4352	41 
4353	66 
4354	69 
4355	20 
4356	17 
4357	21 
4358	7 
4359	3 
4360	32 
4361	82 
4362	63 
4363	59 
4364	7 
4365	57 
4366	12 
4367	26 
4368	62 
4369	1 
4370	14 
4371	18 
4372	13 
4373	2 
4374	90 
4375	27 
4376	12 
4377	69 
4378	16 
4379	22 
4380	51 
4381	46 
4382	39 
4383	49 
4384	20 
4385	59 
4386	67 
4387	32 
4388	47 
4389	10 
4390	34 
4391	51 
4392	77 
4393	46 
4394	3 
4395	13 
4396	44 
4397	1 
4398	80 
4399	75 
4400	8 
4401	7 
4402	81 
4403	63 
4404	50 
4405	3 
4406	60 
4407	63 
4408	83 
4409	68 
4410	12 
4411	85 
4412	79 
4413	47 
4414	8 
4415	36 
4416	51 
4417	62 
4418	49 
4419	55 
4420	67 
4421	46 
4422	65 
4423	41 
4424	24 
4425	4 
4426	11 
4427	4 
4428	22 
4429	29 
4430	72 
4431	1 
4432	83 
4433	24 
4434	53 
4435	13 
4436	75 
4437	9 
4438	69 
4439	90 
4440	85 
4441	13 
4442	65 
4443	27 
4444	37 
4445	70 
4446	82 
4447	77 
4448	83 
4449	88 
4450	71 
4451	7 
4452	86 
4453	47 
4454	46 
4455	89 
4456	24 
4457	60 
4458	41 
4459	25 
4460	1 
4461	16 
4462	89 
4463	64 
4464	57 
4465	63 
4466	69 
4467	62 
4468	67 
4469	20 
4470	63 
4471	55 
4472	49 
4473	76 
4474	57 
4475	72 
4476	77 
4477	50 
4478	36 
4479	19 
4480	44 
4481	1 
4482	30 
4483	47 
4484	72 
4485	73 
4486	84 
4487	86 
4488	35 
4489	1 
4490	2 
4491	8 
4492	66 
4493	10 
4494	27 
4495	23 
4496	70 
4497	4 
4498	29 
4499	82 
4500	44 
4501	54 
4502	88 
4503	3 
4504	88 
4505	27 
4506	48 
4507	46 
4508	17 
4509	2 
4510	89 
4511	65 
4512	54 
4513	27 
4514	90 
4515	80 
4516	89 
4517	32 
4518	54 
4519	48 
4520	44 
4521	6 
4522	20 
4523	13 
4524	83 
4525	35 
4526	64 
4527	21 
4528	60 
4529	71 
4530	52 
4531	12 
4532	69 
4533	65 
4534	20 
4535	29 
4536	27 
4537	75 
4538	46 
4539	15 
4540	37 
4541	80 
4542	71 
4543	58 
4544	53 
4545	57 
4546	80 
4547	24 
4548	8 
4549	21 
4550	1 
4551	42 
4552	9 
4553	83 
4554	88 
4555	15 
4556	9 
4557	11 
4558	37 
4559	65 
4560	25 
4561	90 
4562	83 
4563	41 
4564	74 
4565	36 
4566	14 
4567	53 
4568	41 
4569	88 
4570	66 
4571	68 
4572	90 
4573	63 
4574	41 
4575	52 
4576	3 
4577	41 
4578	36 
4579	71 
4580	78 
4581	45 
4582	86 
4583	14 
4584	19 
4585	42 
4586	53 
4587	9 
4588	62 
4589	8 
4590	67 
4591	63 
4592	70 
4593	39 
4594	28 
4595	46 
4596	70 
4597	67 
4598	75 
4599	23 
4600	29 
4601	56 
4602	85 
4603	5 
4604	33 
4605	47 
4606	33 
4607	48 
4608	30 
4609	72 
4610	7 
4611	39 
4612	4 
4613	73 
4614	51 
4615	41 
4616	4 
4617	16 
4618	46 
4619	8 
4620	81 
4621	87 
4622	32 
4623	75 
4624	59 
4625	15 
4626	73 
4627	79 
4628	29 
4629	13 
4630	58 
4631	9 
4632	45 
4633	53 
4634	51 
4635	49 
4636	28 
4637	9 
4638	20 
4639	81 
4640	46 
4641	31 
4642	41 
4643	67 
4644	36 
4645	25 
4646	10 
4647	68 
4648	59 
4649	45 
4650	72 
4651	75 
4652	14 
4653	59 
4654	64 
4655	59 
4656	81 
4657	82 
4658	26 
4659	32 
4660	13 
4661	89 
4662	28 
4663	69 
4664	10 
4665	8 
4666	87 
4667	85 
4668	57 
4669	12 
4670	82 
4671	10 
4672	82 
4673	15 
4674	16 
4675	53 
4676	37 
4677	41 
4678	51 
4679	82 
4680	46 
4681	43 
4682	86 
4683	3 
4684	84 
4685	90 
4686	89 
4687	12 
4688	41 
4689	8 
4690	24 
4691	72 
4692	54 
4693	28 
4694	48 
4695	13 
4696	61 
4697	48 
4698	40 
4699	29 
4700	25 
4701	43 
4702	5 
4703	45 
4704	45 
4705	31 
4706	70 
4707	62 
4708	56 
4709	83 
4710	39 
4711	15 
4712	30 
4713	30 
4714	63 
4715	48 
4716	4 
4717	87 
4718	45 
4719	48 
4720	40 
4721	84 
4722	70 
4723	5 
4724	72 
4725	66 
4726	88 
4727	58 
4728	72 
4729	4 
4730	28 
4731	10 
4732	71 
4733	58 
4734	13 
4735	55 
4736	64 
4737	68 
4738	7 
4739	12 
4740	64 
4741	82 
4742	5 
4743	64 
4744	50 
4745	21 
4746	63 
4747	26 
4748	77 
4749	63 
4750	61 
4751	87 
4752	17 
4753	4 
4754	48 
4755	52 
4756	21 
4757	41 
4758	20 
4759	82 
4760	60 
4761	56 
4762	69 
4763	63 
4764	20 
4765	18 
4766	70 
4767	28 
4768	9 
4769	71 
4770	50 
4771	65 
4772	8 
4773	22 
4774	70 
4775	76 
4776	69 
4777	59 
4778	51 
4779	47 
4780	26 
4781	52 
4782	21 
4783	70 
4784	83 
4785	74 
4786	34 
4787	53 
4788	24 
4789	71 
4790	28 
4791	87 
4792	32 
4793	32 
4794	70 
4795	9 
4796	48 
4797	4 
4798	15 
4799	78 
4800	58 
4801	55 
4802	27 
4803	35 
4804	6 
4805	69 
4806	87 
4807	5 
4808	51 
4809	63 
4810	68 
4811	25 
4812	27 
4813	43 
4814	18 
4815	81 
4816	14 
4817	83 
4818	72 
4819	31 
4820	48 
4821	21 
4822	14 
4823	60 
4824	26 
4825	1 
4826	16 
4827	46 
4828	36 
4829	37 
4830	32 
4831	86 
4832	26 
4833	32 
4834	7 
4835	5 
4836	4 
4837	23 
4838	16 
4839	71 
4840	71 
4841	80 
4842	44 
4843	51 
4844	41 
4845	59 
4846	20 
4847	78 
4848	69 
4849	74 
4850	72 
4851	50 
4852	41 
4853	71 
4854	33 
4855	4 
4856	35 
4857	10 
4858	5 
4859	52 
4860	16 
4861	88 
4862	48 
4863	28 
4864	90 
4865	32 
4866	55 
4867	44 
4868	55 
4869	9 
4870	39 
4871	64 
4872	10 
4873	38 
4874	37 
4875	81 
4876	73 
4877	22 
4878	82 
4879	36 
4880	7 
4881	54 
4882	55 
4883	36 
4884	65 
4885	87 
4886	65 
4887	17 
4888	69 
4889	5 
4890	71 
4891	46 
4892	4 
4893	60 
4894	4 
4895	30 
4896	17 
4897	55 
4898	51 
4899	9 
4900	32 
4901	87 
4902	79 
4903	67 
4904	12 
4905	75 
4906	87 
4907	23 
4908	70 
4909	86 
4910	24 
4911	60 
4912	74 
4913	74 
4914	27 
4915	3 
4916	87 
4917	31 
4918	59 
4919	22 
4920	9 
4921	12 
4922	80 
4923	87 
4924	11 
4925	40 
4926	42 
4927	69 
4928	51 
4929	47 
4930	63 
4931	68 
4932	53 
4933	28 
4934	63 
4935	13 
4936	12 
4937	32 
4938	18 
4939	20 
4940	61 
4941	44 
4942	86 
4943	13 
4944	85 
4945	10 
4946	62 
4947	83 
4948	7 
4949	15 
4950	2 
4951	73 
4952	56 
4953	21 
4954	16 
4955	27 
4956	9 
4957	54 
4958	43 
4959	72 
4960	48 
4961	2 
4962	15 
4963	35 
4964	54 
4965	45 
4966	55 
4967	23 
4968	32 
4969	77 
4970	57 
4971	71 
4972	43 
4973	58 
4974	22 
4975	45 
4976	31 
4977	54 
4978	13 
4979	88 
4980	32 
4981	45 
4982	52 
4983	56 
4984	21 
4985	66 
4986	8 
4987	53 
4988	89 
4989	18 
4990	76 
4991	78 
4992	12 
4993	58 
4994	56 
4995	11 
4996	83 
4997	30 
4998	48 
4999	90 
5000	27 
5001	48 
5002	2 
5003	10 
5004	55 
5005	62 
5006	31 
5007	72 
5008	34 
5009	13 
5010	3 
5011	23 
5012	23 
5013	68 
5014	31 
5015	70 
5016	56 
5017	81 
5018	31 
5019	9 
5020	86 
5021	79 
5022	41 
5023	54 
5024	82 
5025	25 
5026	48 
5027	60 
5028	38 
5029	69 
5030	63 
5031	11 
5032	32 
5033	72 
5034	90 
5035	43 
5036	6 
5037	26 
5038	74 
5039	26 
5040	53 
5041	22 
5042	81 
5043	35 
5044	53 
5045	90 
5046	32 
5047	20 
5048	28 
5049	62 
5050	30 
5051	46 
5052	79 
5053	28 
5054	23 
5055	30 
5056	9 
5057	31 
5058	41 
5059	42 
5060	41 
5061	81 
5062	15 
5063	76 
5064	81 
5065	77 
5066	4 
5067	23 
5068	81 
5069	12 
5070	74 
5071	52 
5072	75 
5073	35 
5074	72 
5075	8 
5076	43 
5077	38 
5078	37 
5079	21 
5080	48 
5081	48 
5082	33 
5083	88 
5084	65 
5085	30 
5086	63 
5087	12 
5088	87 
5089	86 
5090	20 
5091	87 
5092	80 
5093	18 
5094	54 
5095	23 
5096	27 
5097	77 
5098	27 
5099	23 
5100	23 
5101	49 
5102	65 
5103	34 
5104	27 
5105	16 
5106	32 
5107	36 
5108	1 
5109	1 
5110	77 
5111	26 
5112	36 
5113	51 
5114	64 
5115	75 
5116	63 
5117	40 
5118	54 
5119	29 
5120	26 
5121	25 
5122	14 
5123	7 
5124	40 
5125	11 
5126	7 
5127	45 
5128	62 
5129	70 
5130	59 
5131	55 
5132	82 
5133	20 
5134	73 
5135	65 
5136	81 
5137	89 
5138	36 
5139	2 
5140	58 
5141	39 
5142	57 
5143	60 
5144	72 
5145	55 
5146	18 
5147	47 
5148	34 
5149	25 
5150	1 
5151	1 
5152	58 
5153	53 
5154	1 
5155	54 
5156	71 
5157	47 
5158	33 
5159	66 
5160	36 
5161	10 
5162	20 
5163	49 
5164	70 
5165	87 
5166	72 
5167	73 
5168	32 
5169	76 
5170	38 
5171	75 
5172	21 
5173	84 
5174	62 
5175	12 
5176	57 
5177	44 
5178	87 
5179	18 
5180	58 
5181	80 
5182	40 
5183	4 
5184	50 
5185	73 
5186	43 
5187	60 
5188	17 
5189	20 
5190	41 
5191	66 
5192	10 
5193	48 
5194	73 
5195	28 
5196	18 
5197	19 
5198	70 
5199	14 
5200	27 
5201	34 
5202	69 
5203	56 
5204	21 
5205	38 
5206	6 
5207	80 
5208	38 
5209	16 
5210	18 
5211	59 
5212	84 
5213	22 
5214	28 
5215	32 
5216	18 
5217	70 
5218	61 
5219	37 
5220	30 
5221	60 
5222	17 
5223	69 
5224	45 
5225	11 
5226	28 
5227	20 
5228	12 
5229	90 
5230	12 
5231	50 
5232	2 
5233	31 
5234	87 
5235	76 
5236	83 
5237	69 
5238	28 
5239	52 
5240	57 
5241	16 
5242	29 
5243	41 
5244	37 
5245	88 
5246	40 
5247	25 
5248	87 
5249	37 
5250	46 
5251	45 
5252	30 
5253	71 
5254	28 
5255	41 
5256	79 
5257	83 
5258	48 
5259	86 
5260	79 
5261	49 
5262	18 
5263	8 
5264	2 
5265	21 
5266	28 
5267	85 
5268	54 
5269	13 
5270	89 
5271	70 
5272	4 
5273	48 
5274	36 
5275	3 
5276	17 
5277	26 
5278	39 
5279	83 
5280	59 
5281	17 
5282	30 
5283	5 
5284	8 
5285	11 
5286	2 
5287	59 
5288	33 
5289	67 
5290	33 
5291	33 
5292	76 
5293	75 
5294	27 
5295	5 
5296	15 
5297	21 
5298	90 
5299	82 
5300	65 
5301	11 
5302	30 
5303	63 
5304	26 
5305	27 
5306	40 
5307	72 
5308	71 
5309	35 
5310	60 
5311	49 
5312	55 
5313	52 
5314	27 
5315	75 
5316	51 
5317	10 
5318	85 
5319	35 
5320	40 
5321	15 
5322	68 
5323	70 
5324	35 
5325	45 
5326	13 
5327	69 
5328	36 
5329	41 
5330	46 
5331	19 
5332	50 
5333	72 
5334	17 
5335	28 
5336	24 
5337	63 
5338	84 
5339	74 
5340	31 
5341	66 
5342	19 
5343	61 
5344	9 
5345	36 
5346	79 
5347	17 
5348	6 
5349	75 
5350	24 
5351	30 
5352	2 
5353	81 
5354	41 
5355	25 
5356	26 
5357	41 
5358	76 
5359	54 
5360	24 
5361	51 
5362	19 
5363	13 
5364	21 
5365	55 
5366	64 
5367	28 
5368	60 
5369	15 
5370	37 
5371	78 
5372	27 
5373	29 
5374	73 
5375	27 
5376	25 
5377	5 
5378	21 
5379	36 
5380	27 
5381	33 
5382	72 
5383	65 
5384	79 
5385	50 
5386	60 
5387	78 
5388	35 
5389	74 
5390	56 
5391	66 
5392	62 
5393	15 
5394	54 
5395	28 
5396	56 
5397	85 
5398	36 
5399	87 
5400	80 
5401	3 
5402	90 
5403	81 
5404	30 
5405	39 
5406	6 
5407	70 
5408	52 
5409	88 
5410	22 
5411	71 
5412	22 
5413	51 
5414	44 
5415	75 
5416	47 
5417	41 
5418	48 
5419	46 
5420	72 
5421	41 
5422	22 
5423	2 
5424	24 
5425	10 
5426	14 
5427	28 
5428	44 
5429	60 
5430	61 
5431	86 
5432	61 
5433	17 
5434	89 
5435	88 
5436	60 
5437	69 
5438	36 
5439	21 
5440	53 
5441	53 
5442	57 
5443	17 
5444	89 
5445	47 
5446	66 
5447	67 
5448	65 
5449	35 
5450	79 
5451	25 
5452	15 
5453	36 
5454	1 
5455	47 
5456	23 
5457	20 
5458	77 
5459	60 
5460	52 
5461	44 
5462	62 
5463	57 
5464	63 
5465	47 
5466	8 
5467	19 
5468	82 
5469	35 
5470	32 
5471	11 
5472	5 
5473	71 
5474	66 
5475	27 
5476	55 
5477	38 
5478	51 
5479	48 
5480	20 
5481	52 
5482	81 
5483	74 
5484	8 
5485	43 
5486	39 
5487	7 
5488	17 
5489	81 
5490	27 
5491	39 
5492	37 
5493	33 
5494	62 
5495	87 
5496	33 
5497	44 
5498	63 
5499	30 
5500	54 
5501	48 
5502	49 
5503	14 
5504	68 
5505	88 
5506	76 
5507	27 
5508	60 
5509	87 
5510	50 
5511	11 
5512	65 
5513	86 
5514	35 
5515	47 
5516	43 
5517	87 
5518	32 
5519	88 
5520	26 
5521	90 
5522	44 
5523	46 
5524	61 
5525	13 
5526	1 
5527	51 
5528	45 
5529	64 
5530	26 
5531	76 
5532	27 
5533	60 
5534	68 
5535	50 
5536	50 
5537	87 
5538	35 
5539	57 
5540	38 
5541	56 
5542	31 
5543	23 
5544	7 
5545	57 
5546	27 
5547	20 
5548	25 
5549	37 
5550	35 
5551	75 
5552	31 
5553	70 
5554	24 
5555	40 
5556	47 
5557	5 
5558	20 
5559	62 
5560	88 
5561	7 
5562	35 
5563	74 
5564	25 
5565	14 
5566	30 
5567	43 
5568	17 
5569	64 
5570	28 
5571	13 
5572	82 
5573	65 
5574	16 
5575	65 
5576	9 
5577	18 
5578	62 
5579	59 
5580	25 
5581	53 
5582	43 
5583	60 
5584	83 
5585	77 
5586	17 
5587	36 
5588	89 
5589	75 
5590	69 
5591	52 
5592	86 
5593	63 
5594	18 
5595	46 
5596	34 
5597	23 
5598	20 
5599	39 
5600	23 
5601	90 
5602	12 
5603	60 
5604	70 
5605	7 
5606	15 
5607	83 
5608	19 
5609	44 
5610	25 
5611	7 
5612	49 
5613	4 
5614	59 
5615	18 
5616	4 
5617	42 
5618	84 
5619	44 
5620	12 
5621	55 
5622	52 
5623	17 
5624	70 
5625	1 
5626	45 
5627	81 
5628	75 
5629	57 
5630	89 
5631	43 
5632	37 
5633	52 
5634	57 
5635	81 
5636	63 
5637	6 
5638	86 
5639	64 
5640	33 
5641	37 
5642	32 
5643	14 
5644	20 
5645	45 
5646	61 
5647	54 
5648	19 
5649	90 
5650	41 
5651	78 
5652	54 
5653	72 
5654	71 
5655	69 
5656	70 
5657	26 
5658	17 
5659	67 
5660	42 
5661	28 
5662	73 
5663	78 
5664	64 
5665	57 
5666	68 
5667	40 
5668	56 
5669	55 
5670	28 
5671	47 
5672	63 
5673	76 
5674	47 
5675	74 
5676	68 
5677	26 
5678	63 
5679	42 
5680	44 
5681	29 
5682	59 
5683	31 
5684	69 
5685	43 
5686	2 
5687	56 
5688	85 
5689	25 
5690	68 
5691	62 
5692	75 
5693	57 
5694	38 
5695	4 
5696	67 
5697	75 
5698	60 
5699	17 
5700	37 
5701	24 
5702	21 
5703	1 
5704	73 
5705	74 
5706	48 
5707	16 
5708	21 
5709	12 
5710	51 
5711	40 
5712	61 
5713	43 
5714	9 
5715	69 
5716	8 
5717	59 
5718	9 
5719	2 
5720	36 
5721	31 
5722	4 
5723	5 
5724	53 
5725	73 
5726	83 
5727	1 
5728	25 
5729	81 
5730	9 
5731	77 
5732	90 
5733	25 
5734	52 
5735	35 
5736	70 
5737	85 
5738	81 
5739	48 
5740	36 
5741	86 
5742	46 
5743	80 
5744	83 
5745	69 
5746	73 
5747	75 
5748	36 
5749	66 
5750	26 
5751	62 
5752	33 
5753	48 
5754	77 
5755	68 
5756	38 
5757	2 
5758	54 
5759	88 
5760	30 
5761	44 
5762	40 
5763	89 
5764	15 
5765	35 
5766	74 
5767	56 
5768	15 
5769	74 
5770	85 
5771	10 
5772	19 
5773	78 
5774	69 
5775	60 
5776	77 
5777	46 
5778	85 
5779	76 
5780	30 
5781	33 
5782	34 
5783	7 
5784	32 
5785	17 
5786	20 
5787	4 
5788	55 
5789	57 
5790	3 
5791	20 
5792	46 
5793	73 
5794	55 
5795	66 
5796	43 
5797	35 
5798	52 
5799	55 
5800	21 
5801	78 
5802	21 
5803	53 
5804	12 
5805	7 
5806	47 
5807	55 
5808	56 
5809	41 
5810	27 
5811	20 
5812	22 
5813	53 
5814	71 
5815	78 
5816	86 
5817	87 
5818	39 
5819	52 
5820	2 
5821	84 
5822	90 
5823	71 
5824	38 
5825	72 
5826	56 
5827	78 
5828	88 
5829	59 
5830	28 
5831	39 
5832	22 
5833	81 
5834	18 
5835	33 
5836	62 
5837	26 
5838	67 
5839	81 
5840	75 
5841	36 
5842	78 
5843	19 
5844	69 
5845	44 
5846	88 
5847	65 
5848	69 
5849	76 
5850	43 
5851	42 
5852	75 
5853	81 
5854	17 
5855	44 
5856	26 
5857	8 
5858	43 
5859	89 
5860	28 
5861	84 
5862	67 
5863	43 
5864	70 
5865	41 
5866	32 
5867	77 
5868	21 
5869	27 
5870	84 
5871	67 
5872	7 
5873	20 
5874	37 
5875	5 
5876	38 
5877	71 
5878	39 
5879	49 
5880	63 
5881	32 
5882	44 
5883	62 
5884	87 
5885	73 
5886	88 
5887	71 
5888	38 
5889	82 
5890	54 
5891	47 
5892	21 
5893	73 
5894	12 
5895	19 
5896	52 
5897	49 
5898	13 
5899	32 
5900	50 
5901	54 
5902	39 
5903	47 
5904	9 
5905	30 
5906	20 
5907	6 
5908	40 
5909	24 
5910	4 
5911	56 
5912	78 
5913	2 
5914	52 
5915	17 
5916	15 
5917	57 
5918	78 
5919	21 
5920	78 
5921	76 
5922	35 
5923	86 
5924	14 
5925	74 
5926	9 
5927	81 
5928	5 
5929	26 
5930	29 
5931	12 
5932	47 
5933	68 
5934	56 
5935	51 
5936	10 
5937	6 
5938	14 
5939	36 
5940	74 
5941	27 
5942	33 
5943	7 
5944	60 
5945	35 
5946	4 
5947	61 
5948	46 
5949	15 
5950	14 
5951	86 
5952	34 
5953	44 
5954	16 
5955	53 
5956	12 
5957	49 
5958	47 
5959	44 
5960	82 
5961	44 
5962	81 
5963	19 
5964	69 
5965	34 
5966	76 
5967	20 
5968	73 
5969	19 
5970	30 
5971	46 
5972	47 
5973	64 
5974	23 
5975	81 
5976	65 
5977	4 
5978	17 
5979	73 
5980	49 
5981	14 
5982	49 
5983	48 
5984	42 
5985	17 
5986	3 
5987	65 
5988	35 
5989	51 
5990	38 
5991	21 
5992	10 
5993	65 
5994	42 
5995	48 
5996	80 
5997	88 
5998	80 
5999	67 
6000	21 
6001	18 
6002	64 
6003	62 
6004	1 
6005	3 
6006	69 
6007	78 
6008	48 
6009	22 
6010	52 
6011	82 
6012	12 
6013	65 
6014	34 
6015	80 
6016	88 
6017	46 
6018	87 
6019	20 
6020	33 
6021	2 
6022	68 
6023	82 
6024	18 
6025	61 
6026	44 
6027	25 
6028	89 
6029	37 
6030	36 
6031	6 
6032	87 
6033	65 
6034	17 
6035	36 
6036	56 
6037	80 
6038	8 
6039	32 
6040	52 
6041	14 
6042	31 
6043	44 
6044	52 
6045	73 
6046	17 
6047	5 
6048	34 
6049	26 
6050	55 
6051	83 
6052	79 
6053	39 
6054	19 
6055	76 
6056	30 
6057	65 
6058	31 
6059	44 
6060	40 
6061	21 
6062	24 
6063	89 
6064	27 
6065	17 
6066	71 
6067	84 
6068	62 
6069	82 
6070	4 
6071	8 
6072	20 
6073	11 
6074	84 
6075	55 
6076	19 
6077	24 
6078	86 
6079	6 
6080	78 
6081	19 
6082	50 
6083	19 
6084	21 
6085	76 
6086	56 
6087	74 
6088	39 
6089	42 
6090	3 
6091	20 
6092	48 
6093	20 
6094	13 
6095	2 
6096	44 
6097	14 
6098	85 
6099	43 
6100	64 
6101	20 
6102	61 
6103	28 
6104	82 
6105	15 
6106	29 
6107	35 
6108	14 
6109	78 
6110	31 
6111	48 
6112	43 
6113	54 
6114	17 
6115	74 
6116	90 
6117	65 
6118	14 
6119	86 
6120	4 
6121	67 
6122	65 
6123	2 
6124	61 
6125	54 
6126	38 
6127	59 
6128	57 
6129	65 
6130	87 
6131	1 
6132	58 
6133	23 
6134	81 
6135	12 
6136	77 
6137	85 
6138	32 
6139	79 
6140	15 
6141	28 
6142	51 
6143	55 
6144	23 
6145	78 
6146	77 
6147	80 
6148	53 
6149	11 
6150	12 
6151	45 
6152	48 
6153	88 
6154	43 
6155	71 
6156	59 
6157	27 
6158	81 
6159	47 
6160	13 
6161	69 
6162	87 
6163	44 
6164	53 
6165	28 
6166	82 
6167	11 
6168	23 
6169	7 
6170	75 
6171	21 
6172	68 
6173	24 
6174	26 
6175	73 
6176	83 
6177	73 
6178	69 
6179	63 
6180	71 
6181	44 
6182	4 
6183	49 
6184	18 
6185	26 
6186	42 
6187	30 
6188	4 
6189	50 
6190	21 
6191	40 
6192	39 
6193	75 
6194	36 
6195	87 
6196	63 
6197	87 
6198	78 
6199	53 
6200	87 
6201	20 
6202	44 
6203	72 
6204	8 
6205	35 
6206	11 
6207	28 
6208	80 
6209	46 
6210	85 
6211	67 
6212	61 
6213	16 
6214	50 
6215	65 
6216	68 
6217	72 
6218	36 
6219	22 
6220	16 
6221	76 
6222	88 
6223	11 
6224	17 
6225	20 
6226	4 
6227	55 
6228	83 
6229	14 
6230	48 
6231	46 
6232	63 
6233	56 
6234	8 
6235	85 
6236	4 
6237	14 
6238	24 
6239	30 
6240	20 
6241	89 
6242	18 
6243	87 
6244	84 
6245	52 
6246	4 
6247	71 
6248	55 
6249	56 
6250	79 
6251	61 
6252	72 
6253	6 
6254	1 
6255	63 
6256	51 
6257	87 
6258	16 
6259	61 
6260	39 
6261	38 
6262	65 
6263	5 
6264	8 
6265	50 
6266	85 
6267	88 
6268	10 
6269	46 
6270	84 
6271	86 
6272	72 
6273	47 
6274	28 
6275	72 
6276	9 
6277	8 
6278	20 
6279	60 
6280	89 
6281	2 
6282	13 
6283	44 
6284	90 
6285	90 
6286	20 
6287	58 
6288	24 
6289	77 
6290	64 
6291	82 
6292	43 
6293	31 
6294	4 
6295	69 
6296	46 
6297	73 
6298	83 
6299	15 
6300	27 
6301	72 
6302	88 
6303	18 
6304	44 
6305	52 
6306	41 
6307	18 
6308	73 
6309	87 
6310	44 
6311	46 
6312	88 
6313	13 
6314	52 
6315	34 
6316	5 
6317	52 
6318	66 
6319	71 
6320	58 
6321	18 
6322	87 
6323	16 
6324	90 
6325	19 
6326	11 
6327	48 
6328	53 
6329	25 
6330	35 
6331	34 
6332	13 
6333	67 
6334	58 
6335	41 
6336	68 
6337	10 
6338	7 
6339	73 
6340	41 
6341	5 
6342	90 
6343	9 
6344	62 
6345	65 
6346	27 
6347	71 
6348	69 
6349	65 
6350	30 
6351	37 
6352	25 
6353	49 
6354	9 
6355	15 
6356	13 
6357	53 
6358	88 
6359	33 
6360	86 
6361	37 
6362	21 
6363	82 
6364	41 
6365	78 
6366	53 
6367	33 
6368	18 
6369	62 
6370	55 
6371	44 
6372	85 
6373	38 
6374	8 
6375	79 
6376	72 
6377	54 
6378	71 
6379	36 
6380	70 
6381	53 
6382	18 
6383	41 
6384	36 
6385	9 
6386	64 
6387	72 
6388	49 
6389	74 
6390	87 
6391	32 
6392	22 
6393	2 
6394	64 
6395	66 
6396	86 
6397	7 
6398	82 
6399	37 
6400	45 
6401	85 
6402	37 
6403	20 
6404	39 
6405	23 
6406	37 
6407	9 
6408	6 
6409	13 
6410	39 
6411	43 
6412	51 
6413	46 
6414	54 
6415	48 
6416	67 
6417	83 
6418	35 
6419	82 
6420	46 
6421	80 
6422	25 
6423	5 
6424	30 
6425	30 
6426	22 
6427	53 
6428	53 
6429	15 
6430	37 
6431	27 
6432	55 
6433	84 
6434	16 
6435	14 
6436	8 
6437	51 
6438	60 
6439	18 
6440	37 
6441	89 
6442	42 
6443	38 
6444	37 
6445	47 
6446	83 
6447	78 
6448	65 
6449	20 
6450	84 
6451	35 
6452	84 
6453	1 
6454	32 
6455	51 
6456	90 
6457	41 
6458	56 
6459	11 
6460	81 
6461	64 
6462	86 
6463	24 
6464	81 
6465	48 
6466	24 
6467	35 
6468	71 
6469	32 
6470	21 
6471	79 
6472	21 
6473	55 
6474	65 
6475	16 
6476	73 
6477	84 
6478	16 
6479	75 
6480	44 
6481	1 
6482	19 
6483	88 
6484	76 
6485	17 
6486	37 
6487	88 
6488	79 
6489	15 
6490	35 
6491	54 
6492	27 
6493	43 
6494	76 
6495	32 
6496	13 
6497	20 
6498	86 
6499	25 
6500	1 
6501	47 
6502	85 
6503	48 
6504	63 
6505	73 
6506	75 
6507	17 
6508	66 
6509	26 
6510	52 
6511	10 
6512	64 
6513	37 
6514	1 
6515	29 
6516	26 
6517	73 
6518	55 
6519	64 
6520	58 
6521	6 
6522	29 
6523	63 
6524	76 
6525	72 
6526	39 
6527	87 
6528	66 
6529	27 
6530	27 
6531	71 
6532	30 
6533	68 
6534	66 
6535	46 
6536	20 
6537	86 
6538	66 
6539	13 
6540	29 
6541	87 
6542	58 
6543	11 
6544	30 
6545	54 
6546	42 
6547	73 
6548	28 
6549	16 
6550	70 
6551	88 
6552	64 
6553	87 
6554	54 
6555	67 
6556	80 
6557	72 
6558	44 
6559	29 
6560	51 
6561	18 
6562	71 
6563	48 
6564	90 
6565	35 
6566	51 
6567	12 
6568	28 
6569	75 
6570	6 
6571	16 
6572	64 
6573	20 
6574	15 
6575	39 
6576	18 
6577	48 
6578	36 
6579	25 
6580	38 
6581	19 
6582	7 
6583	77 
6584	39 
6585	49 
6586	75 
6587	32 
6588	31 
6589	22 
6590	2 
6591	72 
6592	64 
6593	14 
6594	49 
6595	64 
6596	28 
6597	65 
6598	43 
6599	54 
6600	1 
6601	28 
6602	28 
6603	2 
6604	50 
6605	51 
6606	10 
6607	32 
6608	47 
6609	17 
6610	31 
6611	56 
6612	24 
6613	18 
6614	26 
6615	15 
6616	26 
6617	5 
6618	55 
6619	81 
6620	81 
6621	25 
6622	34 
6623	20 
6624	28 
6625	15 
6626	67 
6627	59 
6628	7 
6629	40 
6630	65 
6631	1 
6632	36 
6633	77 
6634	25 
6635	5 
6636	35 
6637	8 
6638	20 
6639	16 
6640	40 
6641	13 
6642	45 
6643	55 
6644	43 
6645	23 
6646	32 
6647	88 
6648	49 
6649	55 
6650	41 
6651	70 
6652	30 
6653	73 
6654	20 
6655	19 
6656	55 
6657	5 
6658	8 
6659	75 
6660	21 
6661	8 
6662	5 
6663	78 
6664	51 
6665	74 
6666	79 
6667	11 
6668	9 
6669	35 
6670	32 
6671	28 
6672	5 
6673	87 
6674	54 
6675	5 
6676	21 
6677	23 
6678	32 
6679	76 
6680	21 
6681	77 
6682	62 
6683	67 
6684	54 
6685	27 
6686	24 
6687	40 
6688	21 
6689	32 
6690	64 
6691	37 
6692	14 
6693	28 
6694	25 
6695	52 
6696	50 
6697	73 
6698	88 
6699	18 
6700	60 
6701	41 
6702	33 
6703	79 
6704	46 
6705	51 
6706	19 
6707	23 
6708	75 
6709	11 
6710	55 
6711	82 
6712	40 
6713	50 
6714	12 
6715	69 
6716	18 
6717	15 
6718	24 
6719	58 
6720	32 
6721	55 
6722	4 
6723	85 
6724	65 
6725	69 
6726	86 
6727	20 
6728	12 
6729	75 
6730	10 
6731	19 
6732	80 
6733	52 
6734	14 
6735	88 
6736	89 
6737	74 
6738	80 
6739	13 
6740	59 
6741	3 
6742	41 
6743	23 
6744	76 
6745	7 
6746	2 
6747	85 
6748	47 
6749	60 
6750	5 
6751	28 
6752	69 
6753	27 
6754	19 
6755	17 
6756	81 
6757	76 
6758	78 
6759	16 
6760	59 
6761	75 
6762	45 
6763	70 
6764	56 
6765	28 
6766	62 
6767	33 
6768	45 
6769	35 
6770	89 
6771	81 
6772	13 
6773	59 
6774	41 
6775	77 
6776	90 
6777	1 
6778	62 
6779	85 
6780	87 
6781	60 
6782	72 
6783	59 
6784	29 
6785	16 
6786	54 
6787	6 
6788	38 
6789	84 
6790	49 
6791	40 
6792	77 
6793	85 
6794	51 
6795	53 
6796	27 
6797	24 
6798	4 
6799	58 
6800	68 
6801	46 
6802	22 
6803	5 
6804	16 
6805	52 
6806	56 
6807	65 
6808	2 
6809	88 
6810	28 
6811	24 
6812	64 
6813	89 
6814	32 
6815	46 
6816	78 
6817	31 
6818	10 
6819	77 
6820	4 
6821	65 
6822	61 
6823	54 
6824	72 
6825	25 
6826	56 
6827	5 
6828	85 
6829	85 
6830	3 
6831	36 
6832	80 
6833	45 
6834	79 
6835	17 
6836	82 
6837	39 
6838	7 
6839	49 
6840	41 
6841	20 
6842	49 
6843	38 
6844	70 
6845	26 
6846	73 
6847	63 
6848	25 
6849	5 
6850	5 
6851	33 
6852	16 
6853	47 
6854	34 
6855	2 
6856	4 
6857	70 
6858	72 
6859	21 
6860	37 
6861	16 
6862	33 
6863	42 
6864	32 
6865	75 
6866	37 
6867	25 
6868	53 
6869	16 
6870	75 
6871	16 
6872	24 
6873	82 
6874	88 
6875	25 
6876	37 
6877	84 
6878	33 
6879	11 
6880	49 
6881	41 
6882	27 
6883	3 
6884	72 
6885	62 
6886	74 
6887	60 
6888	87 
6889	39 
6890	48 
6891	1 
6892	35 
6893	8 
6894	13 
6895	53 
6896	39 
6897	74 
6898	50 
6899	25 
6900	81 
6901	1 
6902	33 
6903	25 
6904	90 
6905	54 
6906	3 
6907	4 
6908	26 
6909	69 
6910	35 
6911	74 
6912	41 
6913	88 
6914	90 
6915	68 
6916	51 
6917	58 
6918	15 
6919	82 
6920	53 
6921	36 
6922	73 
6923	42 
6924	16 
6925	4 
6926	83 
6927	6 
6928	54 
6929	79 
6930	63 
6931	76 
6932	63 
6933	12 
6934	87 
6935	36 
6936	44 
6937	11 
6938	56 
6939	46 
6940	90 
6941	20 
6942	68 
6943	26 
6944	35 
6945	28 
6946	53 
6947	38 
6948	46 
6949	13 
6950	77 
6951	68 
6952	80 
6953	15 
6954	89 
6955	17 
6956	4 
6957	81 
6958	74 
6959	56 
6960	15 
6961	89 
6962	86 
6963	25 
6964	30 
6965	35 
6966	19 
6967	72 
6968	82 
6969	72 
6970	76 
6971	83 
6972	61 
6973	82 
6974	42 
6975	66 
6976	42 
6977	51 
6978	48 
6979	48 
6980	6 
6981	26 
6982	55 
6983	4 
6984	35 
6985	60 
6986	87 
6987	60 
6988	72 
6989	20 
6990	10 
6991	32 
6992	12 
6993	72 
6994	73 
6995	53 
6996	46 
6997	56 
6998	75 
6999	54 
7000	79 
7001	80 
7002	35 
7003	15 
7004	8 
7005	11 
7006	42 
7007	71 
7008	54 
7009	75 
7010	86 
7011	57 
7012	3 
7013	46 
7014	14 
7015	46 
7016	4 
7017	34 
7018	87 
7019	71 
7020	51 
7021	15 
7022	67 
7023	35 
7024	75 
7025	72 
7026	2 
7027	50 
7028	63 
7029	2 
7030	5 
7031	74 
7032	12 
7033	51 
7034	29 
7035	28 
7036	12 
7037	48 
7038	28 
7039	61 
7040	14 
7041	77 
7042	75 
7043	35 
7044	22 
7045	50 
7046	45 
7047	80 
7048	51 
7049	27 
7050	37 
7051	28 
7052	75 
7053	67 
7054	52 
7055	26 
7056	85 
7057	73 
7058	44 
7059	47 
7060	14 
7061	63 
7062	7 
7063	58 
7064	15 
7065	87 
7066	15 
7067	60 
7068	56 
7069	22 
7070	23 
7071	63 
7072	48 
7073	4 
7074	90 
7075	43 
7076	42 
7077	10 
7078	31 
7079	79 
7080	90 
7081	69 
7082	45 
7083	86 
7084	2 
7085	56 
7086	70 
7087	77 
7088	40 
7089	80 
7090	59 
7091	62 
7092	2 
7093	55 
7094	88 
7095	88 
7096	4 
7097	2 
7098	20 
7099	72 
7100	50 
7101	76 
7102	20 
7103	25 
7104	45 
7105	32 
7106	77 
7107	44 
7108	20 
7109	63 
7110	60 
7111	84 
7112	56 
7113	77 
7114	61 
7115	7 
7116	62 
7117	56 
7118	57 
7119	15 
7120	88 
7121	89 
7122	83 
7123	20 
7124	45 
7125	16 
7126	75 
7127	14 
7128	11 
7129	47 
7130	20 
7131	7 
7132	37 
7133	48 
7134	22 
7135	61 
7136	70 
7137	69 
7138	43 
7139	74 
7140	78 
7141	23 
7142	44 
7143	13 
7144	36 
7145	71 
7146	35 
7147	62 
7148	17 
7149	57 
7150	60 
7151	37 
7152	52 
7153	56 
7154	16 
7155	1 
7156	62 
7157	35 
7158	44 
7159	44 
7160	87 
7161	6 
7162	87 
7163	8 
7164	71 
7165	53 
7166	45 
7167	20 
7168	15 
7169	5 
7170	39 
7171	19 
7172	20 
7173	10 
7174	40 
7175	28 
7176	25 
7177	13 
7178	69 
7179	69 
7180	73 
7181	27 
7182	87 
7183	81 
7184	69 
7185	63 
7186	11 
7187	13 
7188	60 
7189	86 
7190	26 
7191	41 
7192	73 
7193	26 
7194	89 
7195	13 
7196	1 
7197	44 
7198	82 
7199	71 
7200	65 
7201	15 
7202	64 
7203	25 
7204	16 
7205	6 
7206	2 
7207	45 
7208	62 
7209	12 
7210	68 
7211	44 
7212	52 
7213	35 
7214	64 
7215	74 
7216	39 
7217	28 
7218	16 
7219	60 
7220	7 
7221	3 
7222	35 
7223	52 
7224	53 
7225	44 
7226	7 
7227	80 
7228	4 
7229	40 
7230	10 
7231	44 
7232	68 
7233	72 
7234	87 
7235	86 
7236	76 
7237	30 
7238	42 
7239	25 
7240	18 
7241	20 
7242	83 
7243	10 
7244	78 
7245	41 
7246	28 
7247	61 
7248	37 
7249	72 
7250	25 
7251	41 
7252	14 
7253	12 
7254	14 
7255	16 
7256	34 
7257	25 
7258	4 
7259	12 
7260	86 
7261	44 
7262	71 
7263	11 
7264	76 
7265	35 
7266	67 
7267	34 
7268	62 
7269	2 
7270	51 
7271	9 
7272	27 
7273	29 
7274	6 
7275	8 
7276	76 
7277	39 
7278	56 
7279	33 
7280	27 
7281	15 
7282	12 
7283	71 
7284	27 
7285	35 
7286	69 
7287	47 
7288	87 
7289	12 
7290	44 
7291	26 
7292	25 
7293	22 
7294	57 
7295	6 
7296	15 
7297	4 
7298	22 
7299	16 
7300	18 
7301	41 
7302	65 
7303	87 
7304	30 
7305	15 
7306	62 
7307	41 
7308	88 
7309	89 
7310	29 
7311	79 
7312	42 
7313	85 
7314	49 
7315	73 
7316	35 
7317	32 
7318	43 
7319	30 
7320	27 
7321	16 
7322	29 
7323	86 
7324	66 
7325	58 
7326	55 
7327	84 
7328	20 
7329	50 
7330	62 
7331	19 
7332	9 
7333	21 
7334	88 
7335	2 
7336	86 
7337	45 
7338	46 
7339	19 
7340	75 
7341	55 
7342	27 
7343	43 
7344	42 
7345	7 
7346	24 
7347	40 
7348	74 
7349	20 
7350	12 
7351	75 
7352	21 
7353	20 
7354	66 
7355	2 
7356	63 
7357	25 
7358	1 
7359	25 
7360	65 
7361	20 
7362	88 
7363	16 
7364	22 
7365	65 
7366	50 
7367	61 
7368	6 
7369	25 
7370	5 
7371	30 
7372	85 
7373	79 
7374	45 
7375	8 
7376	28 
7377	79 
7378	3 
7379	64 
7380	52 
7381	46 
7382	66 
7383	34 
7384	48 
7385	39 
7386	90 
7387	14 
7388	39 
7389	2 
7390	1 
7391	16 
7392	6 
7393	80 
7394	76 
7395	18 
7396	83 
7397	47 
7398	17 
7399	13 
7400	2 
7401	88 
7402	81 
7403	75 
7404	48 
7405	11 
7406	51 
7407	87 
7408	62 
7409	5 
7410	4 
7411	65 
7412	29 
7413	70 
7414	76 
7415	69 
7416	28 
7417	52 
7418	2 
7419	76 
7420	33 
7421	50 
7422	13 
7423	81 
7424	22 
7425	5 
7426	20 
7427	71 
7428	4 
7429	60 
7430	76 
7431	11 
7432	35 
7433	32 
7434	42 
7435	20 
7436	48 
7437	11 
7438	72 
7439	77 
7440	72 
7441	55 
7442	51 
7443	18 
7444	53 
7445	31 
7446	85 
7447	90 
7448	34 
7449	5 
7450	32 
7451	25 
7452	39 
7453	44 
7454	22 
7455	88 
7456	10 
7457	36 
7458	4 
7459	41 
7460	86 
7461	71 
7462	53 
7463	85 
7464	87 
7465	47 
7466	62 
7467	24 
7468	37 
7469	15 
7470	23 
7471	72 
7472	4 
7473	71 
7474	51 
7475	33 
7476	90 
7477	88 
7478	66 
7479	63 
7480	21 
7481	63 
7482	39 
7483	17 
7484	82 
7485	40 
7486	44 
7487	67 
7488	4 
7489	52 
7490	23 
7491	1 
7492	10 
7493	21 
7494	64 
7495	60 
7496	25 
7497	61 
7498	29 
7499	41 
7500	21 
7501	5 
7502	2 
7503	2 
7504	70 
7505	3 
7506	26 
7507	84 
7508	21 
7509	22 
7510	10 
7511	11 
7512	16 
7513	76 
7514	21 
7515	30 
7516	87 
7517	7 
7518	66 
7519	58 
7520	78 
7521	82 
7522	47 
7523	42 
7524	23 
7525	6 
7526	52 
7527	18 
7528	28 
7529	61 
7530	12 
7531	86 
7532	71 
7533	6 
7534	8 
7535	15 
7536	58 
7537	80 
7538	61 
7539	23 
7540	74 
7541	20 
7542	47 
7543	23 
7544	30 
7545	49 
7546	59 
7547	31 
7548	77 
7549	32 
7550	20 
7551	88 
7552	51 
7553	32 
7554	82 
7555	82 
7556	42 
7557	54 
7558	79 
7559	45 
7560	60 
7561	23 
7562	31 
7563	80 
7564	22 
7565	60 
7566	74 
7567	2 
7568	49 
7569	66 
7570	16 
7571	47 
7572	17 
7573	5 
7574	16 
7575	41 
7576	61 
7577	28 
7578	23 
7579	69 
7580	77 
7581	27 
7582	14 
7583	75 
7584	55 
7585	67 
7586	87 
7587	20 
7588	34 
7589	14 
7590	52 
7591	74 
7592	18 
7593	75 
7594	23 
7595	68 
7596	72 
7597	58 
7598	16 
7599	89 
7600	19 
7601	23 
7602	4 
7603	37 
7604	43 
7605	89 
7606	26 
7607	85 
7608	43 
7609	48 
7610	15 
7611	69 
7612	21 
7613	3 
7614	88 
7615	73 
7616	86 
7617	54 
7618	79 
7619	20 
7620	64 
7621	65 
7622	32 
7623	83 
7624	22 
7625	87 
7626	61 
7627	71 
7628	35 
7629	72 
7630	90 
7631	47 
7632	72 
7633	87 
7634	37 
7635	74 
7636	30 
7637	15 
7638	21 
7639	33 
7640	55 
7641	1 
7642	79 
7643	88 
7644	12 
7645	58 
7646	18 
7647	71 
7648	58 
7649	40 
7650	69 
7651	5 
7652	21 
7653	73 
7654	39 
7655	44 
7656	74 
7657	47 
7658	68 
7659	1 
7660	13 
7661	27 
7662	56 
7663	25 
7664	88 
7665	72 
7666	9 
7667	30 
7668	84 
7669	33 
7670	50 
7671	42 
7672	30 
7673	54 
7674	54 
7675	47 
7676	55 
7677	12 
7678	53 
7679	14 
7680	65 
7681	25 
7682	90 
7683	78 
7684	4 
7685	32 
7686	57 
7687	4 
7688	58 
7689	31 
7690	15 
7691	58 
7692	71 
7693	85 
7694	23 
7695	51 
7696	48 
7697	67 
7698	43 
7699	17 
7700	44 
7701	87 
7702	74 
7703	14 
7704	89 
7705	87 
7706	75 
7707	75 
7708	32 
7709	81 
7710	47 
7711	11 
7712	83 
7713	35 
7714	58 
7715	70 
7716	25 
7717	41 
7718	59 
7719	41 
7720	63 
7721	12 
7722	7 
7723	74 
7724	85 
7725	62 
7726	13 
7727	28 
7728	13 
7729	20 
7730	38 
7731	35 
7732	16 
7733	7 
7734	32 
7735	75 
7736	83 
7737	21 
7738	47 
7739	42 
7740	2 
7741	46 
7742	68 
7743	56 
7744	55 
7745	84 
7746	52 
7747	76 
7748	24 
7749	77 
7750	58 
7751	18 
7752	62 
7753	21 
7754	52 
7755	62 
7756	32 
7757	44 
7758	63 
7759	12 
7760	73 
7761	46 
7762	43 
7763	67 
7764	51 
7765	83 
7766	48 
7767	21 
7768	70 
7769	35 
7770	7 
7771	22 
7772	28 
7773	13 
7774	53 
7775	17 
7776	14 
7777	48 
7778	74 
7779	66 
7780	77 
7781	14 
7782	5 
7783	52 
7784	40 
7785	52 
7786	90 
7787	5 
7788	21 
7789	14 
7790	68 
7791	75 
7792	48 
7793	46 
7794	86 
7795	47 
7796	57 
7797	20 
7798	39 
7799	13 
7800	49 
7801	2 
7802	28 
7803	81 
7804	55 
7805	32 
7806	67 
7807	9 
7808	84 
7809	12 
7810	87 
7811	85 
7812	74 
7813	31 
7814	50 
7815	84 
7816	73 
7817	23 
7818	87 
7819	20 
7820	14 
7821	35 
7822	24 
7823	53 
7824	21 
7825	68 
7826	21 
7827	81 
7828	73 
7829	86 
7830	22 
7831	51 
7832	71 
7833	36 
7834	59 
7835	19 
7836	71 
7837	23 
7838	39 
7839	20 
7840	31 
7841	7 
7842	89 
7843	66 
7844	45 
7845	76 
7846	20 
7847	41 
7848	87 
7849	27 
7850	45 
7851	87 
7852	3 
7853	66 
7854	72 
7855	20 
7856	8 
7857	22 
7858	26 
7859	7 
7860	26 
7861	25 
7862	25 
7863	66 
7864	31 
7865	80 
7866	26 
7867	18 
7868	20 
7869	85 
7870	2 
7871	27 
7872	18 
7873	14 
7874	22 
7875	87 
7876	87 
7877	64 
7878	52 
7879	86 
7880	61 
7881	77 
7882	42 
7883	15 
7884	13 
7885	66 
7886	1 
7887	89 
7888	21 
7889	81 
7890	87 
7891	24 
7892	38 
7893	32 
7894	77 
7895	41 
7896	45 
7897	2 
7898	7 
7899	17 
7900	33 
7901	59 
7902	43 
7903	14 
7904	20 
7905	77 
7906	56 
7907	86 
7908	68 
7909	40 
7910	33 
7911	29 
7912	34 
7913	63 
7914	1 
7915	34 
7916	43 
7917	81 
7918	21 
7919	23 
7920	72 
7921	70 
7922	81 
7923	45 
7924	83 
7925	12 
7926	90 
7927	52 
7928	51 
7929	59 
7930	15 
7931	25 
7932	80 
7933	19 
7934	57 
7935	1 
7936	61 
7937	22 
7938	85 
7939	53 
7940	70 
7941	22 
7942	48 
7943	38 
7944	22 
7945	35 
7946	45 
7947	50 
7948	35 
7949	20 
7950	58 
7951	8 
7952	27 
7953	41 
7954	9 
7955	22 
7956	86 
7957	85 
7958	38 
7959	6 
7960	84 
7961	66 
7962	37 
7963	1 
7964	10 
7965	2 
7966	68 
7967	85 
7968	57 
7969	20 
7970	55 
7971	68 
7972	61 
7973	49 
7974	75 
7975	33 
7976	57 
7977	48 
7978	44 
7979	44 
7980	1 
7981	89 
7982	61 
7983	7 
7984	24 
7985	42 
7986	75 
7987	44 
7988	69 
7989	79 
7990	38 
7991	18 
7992	87 
7993	20 
7994	38 
7995	1 
7996	27 
7997	48 
7998	14 
7999	40 
8000	82 
8001	20 
8002	71 
8003	63 
8004	49 
8005	4 
8006	85 
8007	47 
8008	45 
8009	90 
8010	13 
8011	27 
8012	28 
8013	20 
8014	11 
8015	22 
8016	28 
8017	5 
8018	56 
8019	15 
8020	26 
8021	12 
8022	14 
8023	39 
8024	26 
8025	55 
8026	14 
8027	38 
8028	5 
8029	14 
8030	41 
8031	17 
8032	13 
8033	68 
8034	39 
8035	30 
8036	35 
8037	58 
8038	34 
8039	11 
8040	25 
8041	88 
8042	49 
8043	65 
8044	52 
8045	23 
8046	10 
8047	78 
8048	83 
8049	75 
8050	89 
8051	45 
8052	85 
8053	58 
8054	18 
8055	40 
8056	10 
8057	15 
8058	80 
8059	76 
8060	49 
8061	87 
8062	90 
8063	73 
8064	56 
8065	47 
8066	89 
8067	64 
8068	52 
8069	21 
8070	68 
8071	55 
8072	37 
8073	71 
8074	52 
8075	55 
8076	52 
8077	10 
8078	21 
8079	84 
8080	74 
8081	80 
8082	23 
8083	37 
8084	2 
8085	8 
8086	32 
8087	63 
8088	34 
8089	17 
8090	79 
8091	87 
8092	30 
8093	63 
8094	24 
8095	6 
8096	80 
8097	60 
8098	70 
8099	17 
8100	14 
8101	72 
8102	75 
8103	20 
8104	78 
8105	10 
8106	72 
8107	62 
8108	40 
8109	42 
8110	2 
8111	59 
8112	57 
8113	3 
8114	15 
8115	87 
8116	11 
8117	85 
8118	8 
8119	84 
8120	47 
8121	19 
8122	74 
8123	47 
8124	56 
8125	55 
8126	24 
8127	90 
8128	75 
8129	41 
8130	60 
8131	28 
8132	63 
8133	68 
8134	5 
8135	54 
8136	67 
8137	50 
8138	47 
8139	25 
8140	18 
8141	52 
8142	27 
8143	34 
8144	4 
8145	16 
8146	36 
8147	4 
8148	1 
8149	32 
8150	74 
8151	42 
8152	14 
8153	13 
8154	21 
8155	70 
8156	55 
8157	74 
8158	60 
8159	6 
8160	32 
8161	19 
8162	55 
8163	12 
8164	74 
8165	79 
8166	38 
8167	65 
8168	52 
8169	87 
8170	30 
8171	38 
8172	61 
8173	57 
8174	20 
8175	70 
8176	90 
8177	34 
8178	28 
8179	88 
8180	44 
8181	52 
8182	22 
8183	12 
8184	22 
8185	45 
8186	14 
8187	54 
8188	10 
8189	47 
8190	55 
8191	28 
8192	34 
8193	90 
8194	41 
8195	61 
8196	11 
8197	69 
8198	11 
8199	43 
8200	17 
8201	26 
8202	30 
8203	10 
8204	54 
8205	23 
8206	13 
8207	23 
8208	46 
8209	48 
8210	41 
8211	35 
8212	51 
8213	53 
8214	16 
8215	39 
8216	47 
8217	82 
8218	4 
8219	21 
8220	66 
8221	76 
8222	18 
8223	67 
8224	29 
8225	42 
8226	39 
8227	6 
8228	78 
8229	65 
8230	13 
8231	48 
8232	56 
8233	88 
8234	84 
8235	14 
8236	57 
8237	46 
8238	89 
8239	72 
8240	28 
8241	87 
8242	52 
8243	81 
8244	12 
8245	62 
8246	12 
8247	23 
8248	80 
8249	87 
8250	35 
8251	56 
8252	50 
8253	58 
8254	82 
8255	57 
8256	65 
8257	20 
8258	38 
8259	28 
8260	24 
8261	67 
8262	25 
8263	20 
8264	21 
8265	8 
8266	5 
8267	22 
8268	17 
8269	35 
8270	72 
8271	13 
8272	72 
8273	77 
8274	34 
8275	36 
8276	82 
8277	3 
8278	64 
8279	56 
8280	67 
8281	42 
8282	80 
8283	78 
8284	71 
8285	87 
8286	85 
8287	1 
8288	88 
8289	1 
8290	64 
8291	70 
8292	69 
8293	83 
8294	10 
8295	72 
8296	81 
8297	7 
8298	3 
8299	2 
8300	43 
8301	45 
8302	2 
8303	66 
8304	17 
8305	1 
8306	18 
8307	63 
8308	26 
8309	35 
8310	20 
8311	7 
8312	14 
8313	78 
8314	46 
8315	57 
8316	32 
8317	46 
8318	38 
8319	80 
8320	78 
8321	42 
8322	36 
8323	80 
8324	24 
8325	86 
8326	40 
8327	53 
8328	62 
8329	56 
8330	43 
8331	37 
8332	83 
8333	17 
8334	38 
8335	61 
8336	13 
8337	34 
8338	32 
8339	17 
8340	83 
8341	21 
8342	19 
8343	48 
8344	48 
8345	30 
8346	18 
8347	59 
8348	48 
8349	4 
8350	75 
8351	88 
8352	43 
8353	53 
8354	86 
8355	84 
8356	66 
8357	2 
8358	41 
8359	7 
8360	18 
8361	88 
8362	72 
8363	77 
8364	20 
8365	42 
8366	10 
8367	32 
8368	27 
8369	18 
8370	26 
8371	83 
8372	65 
8373	52 
8374	66 
8375	3 
8376	15 
8377	84 
8378	75 
8379	7 
8380	79 
8381	25 
8382	55 
8383	18 
8384	8 
8385	45 
8386	57 
8387	80 
8388	55 
8389	20 
8390	39 
8391	49 
8392	4 
8393	82 
8394	41 
8395	39 
8396	61 
8397	32 
8398	88 
8399	58 
8400	68 
8401	39 
8402	43 
8403	27 
8404	61 
8405	62 
8406	2 
8407	61 
8408	4 
8409	14 
8410	13 
8411	41 
8412	15 
8413	11 
8414	31 
8415	69 
8416	56 
8417	46 
8418	52 
8419	62 
8420	76 
8421	59 
8422	73 
8423	13 
8424	37 
8425	70 
8426	88 
8427	82 
8428	80 
8429	3 
8430	21 
8431	3 
8432	49 
8433	46 
8434	2 
8435	30 
8436	39 
8437	13 
8438	8 
8439	12 
8440	79 
8441	47 
8442	46 
8443	10 
8444	13 
8445	46 
8446	13 
8447	48 
8448	29 
8449	52 
8450	20 
8451	90 
8452	46 
8453	30 
8454	44 
8455	15 
8456	64 
8457	68 
8458	16 
8459	90 
8460	9 
8461	36 
8462	45 
8463	4 
8464	59 
8465	56 
8466	10 
8467	61 
8468	40 
8469	44 
8470	42 
8471	75 
8472	21 
8473	18 
8474	35 
8475	49 
8476	56 
8477	30 
8478	68 
8479	50 
8480	60 
8481	87 
8482	73 
8483	90 
8484	84 
8485	16 
8486	61 
8487	2 
8488	46 
8489	72 
8490	63 
8491	81 
8492	28 
8493	14 
8494	49 
8495	10 
8496	51 
8497	65 
8498	69 
8499	47 
8500	42 
8501	64 
8502	48 
8503	46 
8504	16 
8505	46 
8506	56 
8507	74 
8508	81 
8509	58 
8510	20 
8511	68 
8512	63 
8513	48 
8514	11 
8515	17 
8516	38 
8517	62 
8518	1 
8519	72 
8520	36 
8521	90 
8522	2 
8523	28 
8524	69 
8525	9 
8526	20 
8527	20 
8528	34 
8529	82 
8530	80 
8531	9 
8532	52 
8533	27 
8534	53 
8535	38 
8536	49 
8537	4 
8538	72 
8539	3 
8540	33 
8541	25 
8542	34 
8543	68 
8544	26 
8545	29 
8546	35 
8547	33 
8548	57 
8549	20 
8550	38 
8551	65 
8552	28 
8553	1 
8554	73 
8555	17 
8556	83 
8557	18 
8558	88 
8559	53 
8560	15 
8561	56 
8562	85 
8563	55 
8564	30 
8565	65 
8566	30 
8567	56 
8568	50 
8569	5 
8570	8 
8571	67 
8572	31 
8573	10 
8574	27 
8575	90 
8576	5 
8577	43 
8578	48 
8579	27 
8580	6 
8581	19 
8582	1 
8583	90 
8584	1 
8585	3 
8586	66 
8587	60 
8588	29 
8589	19 
8590	44 
8591	48 
8592	75 
8593	62 
8594	23 
8595	83 
8596	71 
8597	51 
8598	39 
8599	8 
8600	19 
8601	35 
8602	24 
8603	34 
8604	45 
8605	31 
8606	86 
8607	90 
8608	45 
8609	7 
8610	83 
8611	25 
8612	10 
8613	11 
8614	2 
8615	17 
8616	70 
8617	54 
8618	17 
8619	37 
8620	23 
8621	52 
8622	73 
8623	66 
8624	82 
8625	74 
8626	88 
8627	43 
8628	14 
8629	14 
8630	38 
8631	10 
8632	87 
8633	51 
8634	85 
8635	17 
8636	43 
8637	22 
8638	28 
8639	59 
8640	15 
8641	72 
8642	4 
8643	69 
8644	40 
8645	80 
8646	7 
8647	58 
8648	75 
8649	16 
8650	44 
8651	24 
8652	54 
8653	12 
8654	78 
8655	34 
8656	28 
8657	50 
8658	80 
8659	4 
8660	75 
8661	61 
8662	6 
8663	69 
8664	82 
8665	82 
8666	7 
8667	20 
8668	53 
8669	49 
8670	61 
8671	63 
8672	47 
8673	29 
8674	20 
8675	47 
8676	39 
8677	65 
8678	54 
8679	74 
8680	25 
8681	35 
8682	17 
8683	15 
8684	41 
8685	51 
8686	17 
8687	56 
8688	19 
8689	3 
8690	14 
8691	38 
8692	57 
8693	24 
8694	4 
8695	46 
8696	74 
8697	23 
8698	37 
8699	48 
8700	8 
8701	89 
8702	78 
8703	75 
8704	7 
8705	32 
8706	26 
8707	22 
8708	85 
8709	83 
8710	22 
8711	14 
8712	50 
8713	74 
8714	21 
8715	73 
8716	65 
8717	30 
8718	5 
8719	35 
8720	74 
8721	9 
8722	11 
8723	70 
8724	66 
8725	2 
8726	46 
8727	31 
8728	44 
8729	60 
8730	11 
8731	14 
8732	24 
8733	72 
8734	19 
8735	32 
8736	46 
8737	29 
8738	1 
8739	62 
8740	67 
8741	69 
8742	48 
8743	3 
8744	27 
8745	59 
8746	13 
8747	73 
8748	27 
8749	62 
8750	20 
8751	6 
8752	18 
8753	56 
8754	58 
8755	69 
8756	72 
8757	75 
8758	77 
8759	15 
8760	21 
8761	63 
8762	77 
8763	57 
8764	65 
8765	50 
8766	59 
8767	24 
8768	81 
8769	6 
8770	48 
8771	73 
8772	51 
8773	85 
8774	82 
8775	69 
8776	14 
8777	15 
8778	28 
8779	62 
8780	9 
8781	24 
8782	58 
8783	70 
8784	33 
8785	71 
8786	15 
8787	68 
8788	64 
8789	27 
8790	53 
8791	19 
8792	79 
8793	20 
8794	49 
8795	4 
8796	38 
8797	71 
8798	55 
8799	85 
8800	52 
8801	82 
8802	37 
8803	59 
8804	23 
8805	31 
8806	33 
8807	46 
8808	90 
8809	85 
8810	52 
8811	18 
8812	78 
8813	45 
8814	46 
8815	73 
8816	74 
8817	55 
8818	31 
8819	1 
8820	16 
8821	27 
8822	82 
8823	8 
8824	90 
8825	9 
8826	78 
8827	70 
8828	55 
8829	1 
8830	47 
8831	65 
8832	54 
8833	30 
8834	39 
8835	85 
8836	65 
8837	78 
8838	88 
8839	30 
8840	68 
8841	4 
8842	54 
8843	39 
8844	5 
8845	30 
8846	30 
8847	62 
8848	48 
8849	59 
8850	68 
8851	8 
8852	29 
8853	53 
8854	82 
8855	9 
8856	52 
8857	41 
8858	79 
8859	65 
8860	41 
8861	68 
8862	19 
8863	13 
8864	82 
8865	65 
8866	63 
8867	23 
8868	36 
8869	25 
8870	78 
8871	24 
8872	71 
8873	59 
8874	30 
8875	26 
8876	70 
8877	73 
8878	63 
8879	67 
8880	29 
8881	14 
8882	78 
8883	69 
8884	15 
8885	42 
8886	55 
8887	81 
8888	86 
8889	10 
8890	21 
8891	60 
8892	2 
8893	36 
8894	27 
8895	30 
8896	24 
8897	64 
8898	53 
8899	47 
8900	77 
8901	83 
8902	66 
8903	26 
8904	89 
8905	61 
8906	53 
8907	13 
8908	75 
8909	37 
8910	76 
8911	52 
8912	85 
8913	50 
8914	16 
8915	26 
8916	39 
8917	33 
8918	60 
8919	81 
8920	90 
8921	48 
8922	84 
8923	80 
8924	40 
8925	17 
8926	52 
8927	1 
8928	15 
8929	84 
8930	3 
8931	8 
8932	22 
8933	55 
8934	26 
8935	27 
8936	14 
8937	47 
8938	59 
8939	51 
8940	65 
8941	71 
8942	23 
8943	56 
8944	79 
8945	38 
8946	25 
8947	14 
8948	10 
8949	6 
8950	65 
8951	39 
8952	10 
8953	59 
8954	66 
8955	2 
8956	14 
8957	76 
8958	38 
8959	20 
8960	5 
8961	88 
8962	55 
8963	61 
8964	7 
8965	88 
8966	85 
8967	46 
8968	17 
8969	79 
8970	30 
8971	4 
8972	29 
8973	63 
8974	54 
8975	79 
8976	65 
8977	27 
8978	52 
8979	46 
8980	48 
8981	19 
8982	68 
8983	1 
8984	57 
8985	69 
8986	49 
8987	18 
8988	7 
8989	36 
8990	33 
8991	29 
8992	12 
8993	55 
8994	38 
8995	43 
8996	67 
8997	15 
8998	4 
8999	1 
9000	75 
9001	47 
9002	52 
9003	66 
9004	90 
9005	28 
9006	24 
9007	29 
9008	28 
9009	76 
9010	72 
9011	62 
9012	61 
9013	23 
9014	15 
9015	41 
9016	21 
9017	10 
9018	75 
9019	50 
9020	46 
9021	70 
9022	76 
9023	64 
9024	4 
9025	59 
9026	52 
9027	87 
9028	63 
9029	89 
9030	68 
9031	6 
9032	40 
9033	42 
9034	30 
9035	85 
9036	42 
9037	76 
9038	90 
9039	59 
9040	68 
9041	57 
9042	29 
9043	21 
9044	25 
9045	71 
9046	30 
9047	18 
9048	90 
9049	36 
9050	60 
9051	42 
9052	30 
9053	62 
9054	71 
9055	22 
9056	12 
9057	78 
9058	68 
9059	24 
9060	26 
9061	75 
9062	87 
9063	83 
9064	86 
9065	53 
9066	35 
9067	67 
9068	61 
9069	73 
9070	29 
9071	58 
9072	15 
9073	78 
9074	76 
9075	41 
9076	23 
9077	20 
9078	39 
9079	82 
9080	4 
9081	29 
9082	33 
9083	61 
9084	24 
9085	10 
9086	24 
9087	36 
9088	71 
9089	53 
9090	52 
9091	15 
9092	76 
9093	7 
9094	32 
9095	83 
9096	21 
9097	30 
9098	7 
9099	64 
9100	85 
9101	57 
9102	23 
9103	65 
9104	77 
9105	59 
9106	57 
9107	68 
9108	66 
9109	64 
9110	49 
9111	20 
9112	86 
9113	52 
9114	18 
9115	69 
9116	63 
9117	26 
9118	54 
9119	39 
9120	32 
9121	46 
9122	31 
9123	53 
9124	35 
9125	81 
9126	22 
9127	61 
9128	53 
9129	87 
9130	42 
9131	55 
9132	65 
9133	53 
9134	55 
9135	82 
9136	80 
9137	72 
9138	67 
9139	20 
9140	27 
9141	19 
9142	38 
9143	46 
9144	67 
9145	57 
9146	5 
9147	5 
9148	40 
9149	30 
9150	53 
9151	23 
9152	70 
9153	30 
9154	52 
9155	76 
9156	65 
9157	19 
9158	50 
9159	56 
9160	2 
9161	12 
9162	51 
9163	53 
9164	1 
9165	72 
9166	20 
9167	32 
9168	26 
9169	78 
9170	22 
9171	69 
9172	67 
9173	58 
9174	25 
9175	55 
9176	43 
9177	57 
9178	22 
9179	7 
9180	64 
9181	55 
9182	75 
9183	65 
9184	60 
9185	29 
9186	40 
9187	80 
9188	11 
9189	69 
9190	73 
9191	88 
9192	82 
9193	69 
9194	81 
9195	13 
9196	62 
9197	1 
9198	53 
9199	81 
9200	19 
9201	84 
9202	17 
9203	56 
9204	81 
9205	87 
9206	30 
9207	41 
9208	79 
9209	72 
9210	49 
9211	5 
9212	38 
9213	70 
9214	88 
9215	43 
9216	62 
9217	5 
9218	84 
9219	56 
9220	26 
9221	47 
9222	8 
9223	23 
9224	50 
9225	41 
9226	9 
9227	58 
9228	51 
9229	12 
9230	68 
9231	40 
9232	56 
9233	76 
9234	7 
9235	83 
9236	64 
9237	1 
9238	42 
9239	89 
9240	29 
9241	8 
9242	20 
9243	34 
9244	77 
9245	87 
9246	39 
9247	58 
9248	80 
9249	72 
9250	28 
9251	39 
9252	26 
9253	15 
9254	77 
9255	22 
9256	12 
9257	4 
9258	45 
9259	81 
9260	82 
9261	70 
9262	52 
9263	10 
9264	59 
9265	38 
9266	84 
9267	66 
9268	50 
9269	26 
9270	4 
9271	20 
9272	61 
9273	43 
9274	47 
9275	55 
9276	7 
9277	32 
9278	74 
9279	67 
9280	16 
9281	82 
9282	69 
9283	44 
9284	67 
9285	51 
9286	43 
9287	3 
9288	65 
9289	6 
9290	79 
9291	24 
9292	86 
9293	59 
9294	33 
9295	68 
9296	77 
9297	54 
9298	35 
9299	13 
9300	5 
9301	59 
9302	80 
9303	32 
9304	11 
9305	26 
9306	3 
9307	8 
9308	13 
9309	55 
9310	61 
9311	84 
9312	9 
9313	48 
9314	14 
9315	16 
9316	23 
9317	56 
9318	82 
9319	67 
9320	19 
9321	56 
9322	8 
9323	20 
9324	69 
9325	59 
9326	3 
9327	23 
9328	4 
9329	80 
9330	87 
9331	88 
9332	71 
9333	43 
9334	26 
9335	88 
9336	51 
9337	81 
9338	85 
9339	78 
9340	21 
9341	84 
9342	38 
9343	72 
9344	12 
9345	1 
9346	82 
9347	75 
9348	42 
9349	4 
9350	54 
9351	10 
9352	46 
9353	20 
9354	46 
9355	50 
9356	16 
9357	54 
9358	87 
9359	68 
9360	54 
9361	15 
9362	65 
9363	13 
9364	12 
9365	35 
9366	58 
9367	62 
9368	45 
9369	5 
9370	70 
9371	20 
9372	35 
9373	24 
9374	72 
9375	20 
9376	64 
9377	65 
9378	76 
9379	54 
9380	60 
9381	45 
9382	21 
9383	24 
9384	15 
9385	66 
9386	88 
9387	61 
9388	65 
9389	90 
9390	14 
9391	27 
9392	83 
9393	33 
9394	40 
9395	58 
9396	38 
9397	12 
9398	7 
9399	60 
9400	19 
9401	32 
9402	30 
9403	48 
9404	51 
9405	8 
9406	2 
9407	44 
9408	55 
9409	52 
9410	19 
9411	51 
9412	37 
9413	58 
9414	10 
9415	59 
9416	4 
9417	68 
9418	53 
9419	36 
9420	31 
9421	12 
9422	48 
9423	51 
9424	28 
9425	76 
9426	68 
9427	27 
9428	85 
9429	51 
9430	42 
9431	60 
9432	48 
9433	72 
9434	39 
9435	52 
9436	26 
9437	85 
9438	27 
9439	11 
9440	62 
9441	56 
9442	81 
9443	6 
9444	36 
9445	37 
9446	36 
9447	26 
9448	9 
9449	75 
9450	64 
9451	9 
9452	71 
9453	6 
9454	36 
9455	70 
9456	70 
9457	73 
9458	21 
9459	75 
9460	85 
9461	23 
9462	60 
9463	67 
9464	48 
9465	40 
9466	62 
9467	29 
9468	43 
9469	81 
9470	46 
9471	51 
9472	57 
9473	69 
9474	18 
9475	48 
9476	14 
9477	47 
9478	37 
9479	72 
9480	63 
9481	18 
9482	27 
9483	61 
9484	77 
9485	37 
9486	83 
9487	68 
9488	74 
9489	13 
9490	72 
9491	12 
9492	14 
9493	13 
9494	84 
9495	16 
9496	20 
9497	7 
9498	25 
9499	48 
9500	47 
9501	38 
9502	68 
9503	79 
9504	46 
9505	22 
9506	4 
9507	32 
9508	18 
9509	15 
9510	84 
9511	74 
9512	28 
9513	3 
9514	25 
9515	52 
9516	76 
9517	6 
9518	41 
9519	43 
9520	68 
9521	39 
9522	14 
9523	68 
9524	2 
9525	21 
9526	61 
9527	25 
9528	18 
9529	2 
9530	7 
9531	77 
9532	44 
9533	83 
9534	6 
9535	39 
9536	38 
9537	31 
9538	8 
9539	80 
9540	63 
9541	9 
9542	13 
9543	28 
9544	36 
9545	12 
9546	6 
9547	65 
9548	24 
9549	25 
9550	40 
9551	39 
9552	67 
9553	47 
9554	60 
9555	20 
9556	55 
9557	12 
9558	83 
9559	37 
9560	78 
9561	63 
9562	75 
9563	86 
9564	1 
9565	34 
9566	36 
9567	83 
9568	28 
9569	38 
9570	7 
9571	5 
9572	76 
9573	77 
9574	68 
9575	69 
9576	85 
9577	82 
9578	89 
9579	71 
9580	47 
9581	42 
9582	58 
9583	11 
9584	3 
9585	3 
9586	84 
9587	3 
9588	63 
9589	7 
9590	50 
9591	1 
9592	19 
9593	12 
9594	43 
9595	2 
9596	12 
9597	80 
9598	36 
9599	39 
9600	71 
9601	52 
9602	82 
9603	41 
9604	28 
9605	16 
9606	74 
9607	57 
9608	50 
9609	16 
9610	89 
9611	65 
9612	35 
9613	69 
9614	11 
9615	56 
9616	65 
9617	49 
9618	86 
9619	1 
9620	24 
9621	84 
9622	60 
9623	3 
9624	52 
9625	64 
9626	72 
9627	48 
9628	30 
9629	23 
9630	56 
9631	51 
9632	4 
9633	37 
9634	68 
9635	8 
9636	21 
9637	51 
9638	2 
9639	75 
9640	20 
9641	73 
9642	4 
9643	42 
9644	78 
9645	74 
9646	27 
9647	87 
9648	75 
9649	5 
9650	67 
9651	58 
9652	16 
9653	17 
9654	2 
9655	22 
9656	67 
9657	65 
9658	57 
9659	62 
9660	5 
9661	48 
9662	13 
9663	27 
9664	31 
9665	54 
9666	34 
9667	69 
9668	34 
9669	85 
9670	89 
9671	75 
9672	44 
9673	51 
9674	48 
9675	57 
9676	71 
9677	43 
9678	27 
9679	4 
9680	5 
9681	71 
9682	84 
9683	33 
9684	7 
9685	42 
9686	44 
9687	86 
9688	8 
9689	63 
9690	11 
9691	2 
9692	43 
9693	32 
9694	56 
9695	90 
9696	45 
9697	71 
9698	17 
9699	51 
9700	63 
9701	24 
9702	59 
9703	52 
9704	54 
9705	46 
9706	53 
9707	63 
9708	81 
9709	32 
9710	89 
9711	59 
9712	79 
9713	40 
9714	3 
9715	67 
9716	16 
9717	27 
9718	21 
9719	10 
9720	51 
9721	67 
9722	1 
9723	86 
9724	29 
9725	54 
9726	14 
9727	60 
9728	22 
9729	13 
9730	13 
9731	44 
9732	60 
9733	17 
9734	30 
9735	55 
9736	28 
9737	60 
9738	44 
9739	22 
9740	88 
9741	50 
9742	70 
9743	34 
9744	40 
9745	71 
9746	32 
9747	60 
9748	25 
9749	22 
9750	54 
9751	43 
9752	31 
9753	19 
9754	86 
9755	51 
9756	10 
9757	83 
9758	21 
9759	30 
9760	42 
9761	24 
9762	10 
9763	84 
9764	82 
9765	56 
9766	61 
9767	1 
9768	33 
9769	49 
9770	49 
9771	35 
9772	42 
9773	88 
9774	20 
9775	7 
9776	69 
9777	60 
9778	57 
9779	55 
9780	73 
9781	32 
9782	23 
9783	74 
9784	77 
9785	36 
9786	18 
9787	16 
9788	81 
9789	39 
9790	25 
9791	14 
9792	21 
9793	34 
9794	46 
9795	4 
9796	79 
9797	65 
9798	82 
9799	21 
9800	63 
9801	32 
9802	6 
9803	21 
9804	35 
9805	41 
9806	47 
9807	32 
9808	45 
9809	55 
9810	32 
9811	90 
9812	83 
9813	4 
9814	44 
9815	68 
9816	30 
9817	3 
9818	40 
9819	41 
9820	21 
9821	22 
9822	17 
9823	54 
9824	25 
9825	13 
9826	12 
9827	20 
9828	41 
9829	87 
9830	29 
9831	56 
9832	70 
9833	77 
9834	8 
9835	20 
9836	63 
9837	9 
9838	3 
9839	53 
9840	76 
9841	3 
9842	3 
9843	21 
9844	35 
9845	17 
9846	41 
9847	72 
9848	12 
9849	31 
9850	29 
9851	46 
9852	54 
9853	87 
9854	74 
9855	27 
9856	75 
9857	32 
9858	59 
9859	52 
9860	50 
9861	11 
9862	90 
9863	81 
9864	48 
9865	3 
9866	50 
9867	22 
9868	72 
9869	18 
9870	53 
9871	20 
9872	81 
9873	20 
9874	27 
9875	33 
9876	44 
9877	25 
9878	21 
9879	47 
9880	50 
9881	32 
9882	22 
9883	90 
9884	13 
9885	84 
9886	3 
9887	7 
9888	27 
9889	3 
9890	53 
9891	84 
9892	54 
9893	23 
9894	20 
9895	76 
9896	42 
9897	17 
9898	90 
9899	60 
9900	13 
9901	32 
9902	71 
9903	43 
9904	32 
9905	12 
9906	21 
9907	82 
9908	2 
9909	27 
9910	75 
9911	20 
9912	64 
9913	59 
9914	60 
9915	75 
9916	36 
9917	86 
9918	25 
9919	83 
9920	16 
9921	48 
9922	58 
9923	70 
9924	29 
9925	39 
9926	76 
9927	58 
9928	50 
9929	49 
9930	15 
9931	22 
9932	71 
9933	80 
9934	28 
9935	81 
9936	74 
9937	77 
9938	46 
9939	34 
9940	2 
9941	87 
9942	84 
9943	40 
9944	36 
9945	70 
9946	72 
9947	53 
9948	15 
9949	56 
9950	46 
9951	78 
9952	65 
9953	56 
9954	81 
9955	17 
9956	53 
9957	53 
9958	69 
9959	27 
9960	65 
9961	53 
9962	27 
9963	75 
9964	18 
9965	53 
9966	70 
9967	41 
9968	84 
9969	9 
9970	84 
9971	65 
9972	61 
9973	10 
9974	67 
9975	20 
9976	75 
9977	56 
9978	67 
9979	3 
9980	17 
9981	46 
9982	53 
9983	3 
9984	75 
9985	34 
9986	87 
9987	9 
9988	51 
9989	31 
9990	9 
9991	24 
9992	15 
9993	42 
9994	62 
9995	79 
9996	74 
9997	33 
9998	75 
9999	77 
10000	33 
