1	76 
2	16 
3	402 
4	25 
5	208 
6	402 
7	87 
8	43 
9	360 
10	90 
11	316 
12	274 
13	107 
14	291 
15	14 
16	118 
17	31 
18	264 
19	201 
20	9 
21	369 
22	264 
23	80 
24	7 
25	199 
26	26 
27	181 
28	226 
29	334 
30	375 
31	348 
32	199 
33	327 
34	247 
35	322 
36	140 
37	149 
38	10 
39	5 
40	317 
41	380 
42	313 
43	210 
44	233 
45	367 
46	146 
47	286 
48	226 
49	27 
50	332 
51	349 
52	385 
53	63 
54	339 
55	382 
56	149 
57	292 
58	317 
59	342 
60	314 
61	37 
62	342 
63	120 
64	369 
65	397 
66	104 
67	76 
68	68 
69	144 
70	187 
71	58 
72	252 
73	198 
74	273 
75	161 
76	251 
77	302 
78	227 
79	110 
80	76 
81	329 
82	68 
83	49 
84	76 
85	404 
86	219 
87	371 
88	175 
89	271 
90	196 
91	63 
92	298 
93	129 
94	34 
95	380 
96	278 
97	201 
98	151 
99	2 
100	22 
101	309 
102	334 
103	153 
104	371 
105	173 
106	180 
107	186 
108	144 
109	59 
110	261 
111	277 
112	388 
113	386 
114	74 
115	336 
116	330 
117	158 
118	276 
119	324 
120	342 
121	94 
122	256 
123	1 
124	205 
125	114 
126	408 
127	170 
128	96 
129	160 
130	214 
131	367 
132	198 
133	110 
134	175 
135	338 
136	309 
137	66 
138	42 
139	407 
140	242 
141	108 
142	362 
143	307 
144	324 
145	341 
146	177 
147	185 
148	174 
149	283 
150	373 
151	112 
152	13 
153	56 
154	178 
155	276 
156	63 
157	240 
158	313 
159	187 
160	79 
161	80 
162	219 
163	348 
164	230 
165	282 
166	332 
167	395 
168	156 
169	262 
170	390 
171	174 
172	36 
173	49 
174	275 
175	128 
176	139 
177	100 
178	50 
179	25 
180	93 
181	44 
182	48 
183	182 
184	360 
185	29 
186	231 
187	363 
188	405 
189	170 
190	340 
191	39 
192	177 
193	238 
194	14 
195	97 
196	210 
197	309 
198	184 
199	208 
200	77 
201	184 
202	82 
203	391 
204	141 
205	268 
206	159 
207	171 
208	271 
209	410 
210	88 
211	173 
212	38 
213	125 
214	102 
215	120 
216	367 
217	16 
218	339 
219	350 
220	163 
221	188 
222	150 
223	185 
224	336 
225	114 
226	332 
227	244 
228	410 
229	316 
230	186 
231	249 
232	204 
233	50 
234	127 
235	391 
236	393 
237	17 
238	92 
239	382 
240	192 
241	241 
242	286 
243	309 
244	201 
245	95 
246	273 
247	196 
248	263 
249	103 
250	279 
251	410 
252	30 
253	27 
254	303 
255	22 
256	283 
257	269 
258	382 
259	368 
260	330 
261	209 
262	157 
263	194 
264	330 
265	190 
266	166 
267	173 
268	186 
269	69 
270	244 
271	93 
272	43 
273	285 
274	359 
275	63 
276	273 
277	56 
278	359 
279	384 
280	116 
281	97 
282	176 
283	200 
284	307 
285	407 
286	51 
287	267 
288	223 
289	350 
290	317 
291	274 
292	206 
293	137 
294	322 
295	159 
296	135 
297	19 
298	309 
299	232 
300	29 
301	183 
302	60 
303	236 
304	226 
305	140 
306	15 
307	130 
308	113 
309	199 
310	59 
311	150 
312	20 
313	276 
314	151 
315	101 
316	47 
317	112 
318	241 
319	370 
320	288 
321	289 
322	106 
323	88 
324	64 
325	175 
326	104 
327	157 
328	249 
329	155 
330	301 
331	359 
332	340 
333	112 
334	34 
335	257 
336	96 
337	63 
338	257 
339	332 
340	151 
341	366 
342	346 
343	264 
344	263 
345	384 
346	337 
347	264 
348	123 
349	329 
350	345 
351	174 
352	66 
353	205 
354	19 
355	254 
356	192 
357	96 
358	124 
359	210 
360	349 
361	246 
362	130 
363	303 
364	51 
365	184 
366	396 
367	316 
368	72 
369	69 
370	140 
371	80 
372	290 
373	58 
374	385 
375	10 
376	234 
377	186 
378	35 
379	24 
380	108 
381	249 
382	97 
383	389 
384	398 
385	86 
386	234 
387	394 
388	127 
389	123 
390	319 
391	229 
392	314 
393	129 
394	355 
395	349 
396	160 
397	383 
398	340 
399	318 
400	363 
401	64 
402	156 
403	44 
404	364 
405	410 
406	165 
407	318 
408	189 
409	89 
410	229 
411	39 
412	115 
413	312 
414	342 
415	286 
416	333 
417	34 
418	179 
419	215 
420	288 
421	86 
422	23 
423	64 
424	393 
425	234 
426	270 
427	201 
428	252 
429	121 
430	20 
431	295 
432	317 
433	390 
434	391 
435	51 
436	114 
437	28 
438	368 
439	14 
440	381 
441	406 
442	276 
443	140 
444	36 
445	99 
446	351 
447	324 
448	240 
449	326 
450	245 
451	321 
452	276 
453	363 
454	93 
455	227 
456	112 
457	253 
458	34 
459	53 
460	391 
461	332 
462	273 
463	390 
464	377 
465	343 
466	327 
467	96 
468	149 
469	3 
470	381 
471	335 
472	309 
473	322 
474	108 
475	161 
476	325 
477	272 
478	239 
479	91 
480	68 
481	170 
482	93 
483	55 
484	410 
485	327 
486	162 
487	243 
488	5 
489	49 
490	14 
491	139 
492	339 
493	168 
494	210 
495	374 
496	395 
497	239 
498	407 
499	69 
500	307 
501	367 
502	54 
503	151 
504	11 
505	70 
506	119 
507	398 
508	214 
509	30 
510	321 
511	188 
512	208 
513	124 
514	211 
515	367 
516	68 
517	117 
518	13 
519	58 
520	75 
521	284 
522	194 
523	54 
524	87 
525	205 
526	270 
527	154 
528	162 
529	168 
530	36 
531	147 
532	173 
533	114 
534	95 
535	159 
536	365 
537	408 
538	217 
539	28 
540	217 
541	65 
542	115 
543	146 
544	233 
545	224 
546	339 
547	17 
548	390 
549	371 
550	381 
551	335 
552	398 
553	137 
554	379 
555	313 
556	38 
557	102 
558	306 
559	298 
560	158 
561	148 
562	388 
563	141 
564	352 
565	157 
566	32 
567	201 
568	129 
569	381 
570	154 
571	199 
572	238 
573	114 
574	301 
575	22 
576	380 
577	161 
578	33 
579	230 
580	299 
581	316 
582	145 
583	382 
584	386 
585	204 
586	81 
587	87 
588	303 
589	344 
590	17 
591	283 
592	347 
593	91 
594	76 
595	355 
596	51 
597	59 
598	36 
599	165 
600	408 
601	332 
602	143 
603	25 
604	210 
605	326 
606	105 
607	1 
608	170 
609	372 
610	43 
611	339 
612	111 
613	327 
614	192 
615	405 
616	36 
617	123 
618	368 
619	405 
620	369 
621	387 
622	370 
623	8 
624	192 
625	240 
626	236 
627	188 
628	78 
629	78 
630	254 
631	290 
632	9 
633	85 
634	335 
635	385 
636	211 
637	177 
638	9 
639	298 
640	129 
641	322 
642	216 
643	332 
644	93 
645	48 
646	149 
647	160 
648	340 
649	101 
650	383 
651	280 
652	47 
653	406 
654	196 
655	39 
656	291 
657	249 
658	291 
659	144 
660	196 
661	299 
662	144 
663	250 
664	155 
665	21 
666	276 
667	102 
668	73 
669	228 
670	219 
671	51 
672	167 
673	251 
674	404 
675	324 
676	275 
677	166 
678	353 
679	208 
680	122 
681	68 
682	93 
683	233 
684	153 
685	166 
686	45 
687	4 
688	135 
689	35 
690	159 
691	38 
692	184 
693	293 
694	378 
695	67 
696	96 
697	376 
698	301 
699	210 
700	329 
701	28 
702	189 
703	235 
704	134 
705	26 
706	364 
707	204 
708	299 
709	277 
710	186 
711	36 
712	247 
713	237 
714	177 
715	176 
716	378 
717	225 
718	37 
719	146 
720	391 
721	76 
722	208 
723	406 
724	210 
725	289 
726	44 
727	322 
728	178 
729	394 
730	71 
731	381 
732	176 
733	215 
734	201 
735	44 
736	136 
737	56 
738	226 
739	35 
740	221 
741	46 
742	409 
743	8 
744	22 
745	98 
746	265 
747	229 
748	17 
749	177 
750	315 
751	213 
752	170 
753	170 
754	364 
755	4 
756	180 
757	259 
758	15 
759	363 
760	28 
761	119 
762	68 
763	126 
764	197 
765	175 
766	184 
767	310 
768	167 
769	86 
770	285 
771	329 
772	131 
773	149 
774	55 
775	250 
776	56 
777	236 
778	390 
779	125 
780	124 
781	28 
782	403 
783	406 
784	282 
785	329 
786	405 
787	48 
788	348 
789	6 
790	283 
791	279 
792	286 
793	194 
794	195 
795	15 
796	396 
797	107 
798	284 
799	205 
800	28 
801	244 
802	293 
803	224 
804	330 
805	359 
806	366 
807	29 
808	368 
809	30 
810	117 
811	253 
812	173 
813	368 
814	212 
815	115 
816	169 
817	152 
818	347 
819	271 
820	309 
821	393 
822	192 
823	178 
824	162 
825	37 
826	244 
827	306 
828	342 
829	77 
830	70 
831	177 
832	264 
833	86 
834	84 
835	108 
836	342 
837	387 
838	130 
839	188 
840	34 
841	47 
842	337 
843	26 
844	370 
845	276 
846	69 
847	405 
848	168 
849	235 
850	19 
851	322 
852	42 
853	51 
854	369 
855	93 
856	178 
857	344 
858	227 
859	62 
860	159 
861	249 
862	84 
863	233 
864	91 
865	96 
866	47 
867	330 
868	212 
869	337 
870	354 
871	4 
872	409 
873	402 
874	199 
875	345 
876	377 
877	208 
878	147 
879	195 
880	177 
881	262 
882	409 
883	141 
884	305 
885	203 
886	324 
887	191 
888	227 
889	56 
890	237 
891	119 
892	241 
893	26 
894	195 
895	254 
896	277 
897	141 
898	336 
899	10 
900	152 
901	230 
902	281 
903	43 
904	222 
905	26 
906	214 
907	307 
908	287 
909	198 
910	368 
911	249 
912	306 
913	354 
914	107 
915	166 
916	111 
917	357 
918	220 
919	402 
920	175 
921	349 
922	141 
923	378 
924	143 
925	403 
926	323 
927	193 
928	154 
929	393 
930	314 
931	377 
932	20 
933	39 
934	336 
935	85 
936	334 
937	103 
938	18 
939	212 
940	269 
941	257 
942	262 
943	202 
944	314 
945	353 
946	280 
947	88 
948	341 
949	48 
950	318 
951	370 
952	160 
953	51 
954	143 
955	112 
956	143 
957	340 
958	232 
959	149 
960	76 
961	218 
962	35 
963	258 
964	146 
965	200 
966	268 
967	78 
968	246 
969	115 
970	332 
971	24 
972	88 
973	353 
974	236 
975	188 
976	17 
977	51 
978	298 
979	119 
980	332 
981	301 
982	370 
983	304 
984	244 
985	258 
986	102 
987	107 
988	132 
989	161 
990	323 
991	17 
992	410 
993	323 
994	157 
995	8 
996	207 
997	113 
998	175 
999	74 
1000	392 
1001	265 
1002	71 
1003	119 
1004	68 
1005	276 
1006	39 
1007	69 
1008	118 
1009	200 
1010	363 
1011	115 
1012	110 
1013	336 
1014	229 
1015	173 
1016	39 
1017	35 
1018	16 
1019	299 
1020	113 
1021	24 
1022	315 
1023	372 
1024	277 
1025	298 
1026	44 
1027	408 
1028	144 
1029	51 
1030	2 
1031	73 
1032	386 
1033	147 
1034	84 
1035	180 
1036	367 
1037	286 
1038	123 
1039	102 
1040	221 
1041	245 
1042	1 
1043	177 
1044	112 
1045	100 
1046	276 
1047	329 
1048	388 
1049	69 
1050	408 
1051	377 
1052	201 
1053	50 
1054	155 
1055	66 
1056	140 
1057	342 
1058	276 
1059	24 
1060	303 
1061	170 
1062	334 
1063	129 
1064	122 
1065	138 
1066	268 
1067	71 
1068	263 
1069	8 
1070	181 
1071	338 
1072	308 
1073	151 
1074	152 
1075	56 
1076	126 
1077	87 
1078	302 
1079	25 
1080	96 
1081	112 
1082	275 
1083	22 
1084	25 
1085	291 
1086	29 
1087	410 
1088	87 
1089	167 
1090	250 
1091	343 
1092	349 
1093	317 
1094	369 
1095	75 
1096	37 
1097	27 
1098	78 
1099	217 
1100	336 
1101	280 
1102	74 
1103	201 
1104	98 
1105	327 
1106	223 
1107	170 
1108	13 
1109	207 
1110	381 
1111	96 
1112	359 
1113	149 
1114	269 
1115	287 
1116	174 
1117	171 
1118	166 
1119	135 
1120	336 
1121	347 
1122	154 
1123	340 
1124	222 
1125	44 
1126	380 
1127	43 
1128	121 
1129	206 
1130	74 
1131	281 
1132	102 
1133	320 
1134	106 
1135	371 
1136	395 
1137	204 
1138	94 
1139	228 
1140	382 
1141	221 
1142	1 
1143	409 
1144	53 
1145	407 
1146	127 
1147	410 
1148	26 
1149	26 
1150	367 
1151	284 
1152	188 
1153	89 
1154	397 
1155	140 
1156	173 
1157	148 
1158	10 
1159	175 
1160	278 
1161	117 
1162	261 
1163	218 
1164	160 
1165	202 
1166	273 
1167	130 
1168	130 
1169	7 
1170	236 
1171	68 
1172	341 
1173	148 
1174	56 
1175	176 
1176	188 
1177	292 
1178	63 
1179	332 
1180	247 
1181	293 
1182	402 
1183	93 
1184	275 
1185	364 
1186	8 
1187	131 
1188	257 
1189	112 
1190	394 
1191	253 
1192	32 
1193	262 
1194	102 
1195	188 
1196	87 
1197	315 
1198	62 
1199	354 
1200	237 
1201	246 
1202	286 
1203	2 
1204	103 
1205	350 
1206	322 
1207	144 
1208	106 
1209	355 
1210	142 
1211	369 
1212	190 
1213	91 
1214	159 
1215	15 
1216	186 
1217	369 
1218	21 
1219	25 
1220	88 
1221	165 
1222	401 
1223	150 
1224	163 
1225	224 
1226	276 
1227	237 
1228	317 
1229	175 
1230	180 
1231	67 
1232	83 
1233	318 
1234	282 
1235	313 
1236	230 
1237	264 
1238	115 
1239	401 
1240	78 
1241	154 
1242	201 
1243	306 
1244	330 
1245	324 
1246	87 
1247	128 
1248	328 
1249	59 
1250	79 
1251	403 
1252	214 
1253	67 
1254	30 
1255	120 
1256	296 
1257	150 
1258	271 
1259	204 
1260	170 
1261	90 
1262	284 
1263	87 
1264	68 
1265	244 
1266	268 
1267	189 
1268	252 
1269	284 
1270	224 
1271	254 
1272	197 
1273	60 
1274	61 
1275	220 
1276	261 
1277	140 
1278	331 
1279	278 
1280	41 
1281	306 
1282	384 
1283	107 
1284	85 
1285	149 
1286	347 
1287	23 
1288	144 
1289	69 
1290	187 
1291	371 
1292	74 
1293	336 
1294	295 
1295	281 
1296	81 
1297	61 
1298	372 
1299	343 
1300	235 
1301	123 
1302	258 
1303	231 
1304	140 
1305	402 
1306	330 
1307	324 
1308	222 
1309	75 
1310	54 
1311	336 
1312	368 
1313	379 
1314	168 
1315	361 
1316	264 
1317	279 
1318	102 
1319	196 
1320	238 
1321	302 
1322	63 
1323	167 
1324	164 
1325	32 
1326	66 
1327	331 
1328	342 
1329	130 
1330	409 
1331	73 
1332	327 
1333	78 
1334	49 
1335	362 
1336	285 
1337	378 
1338	268 
1339	228 
1340	381 
1341	89 
1342	281 
1343	391 
1344	32 
1345	381 
1346	367 
1347	163 
1348	64 
1349	262 
1350	143 
1351	267 
1352	91 
1353	332 
1354	77 
1355	34 
1356	51 
1357	280 
1358	313 
1359	63 
1360	32 
1361	267 
1362	119 
1363	27 
1364	16 
1365	340 
1366	167 
1367	84 
1368	23 
1369	367 
1370	27 
1371	69 
1372	147 
1373	170 
1374	13 
1375	369 
1376	217 
1377	353 
1378	57 
1379	216 
1380	361 
1381	83 
1382	136 
1383	82 
1384	286 
1385	28 
1386	163 
1387	250 
1388	64 
1389	116 
1390	6 
1391	293 
1392	165 
1393	410 
1394	120 
1395	115 
1396	125 
1397	190 
1398	12 
1399	211 
1400	173 
1401	393 
1402	214 
1403	169 
1404	198 
1405	123 
1406	235 
1407	25 
1408	286 
1409	208 
1410	286 
1411	375 
1412	305 
1413	330 
1414	77 
1415	318 
1416	311 
1417	226 
1418	362 
1419	91 
1420	123 
1421	40 
1422	92 
1423	361 
1424	299 
1425	410 
1426	251 
1427	200 
1428	81 
1429	396 
1430	23 
1431	154 
1432	93 
1433	378 
1434	301 
1435	321 
1436	199 
1437	370 
1438	257 
1439	283 
1440	174 
1441	382 
1442	208 
1443	172 
1444	396 
1445	246 
1446	224 
1447	224 
1448	114 
1449	388 
1450	365 
1451	342 
1452	15 
1453	408 
1454	223 
1455	31 
1456	52 
1457	359 
1458	67 
1459	122 
1460	237 
1461	93 
1462	8 
1463	109 
1464	338 
1465	239 
1466	356 
1467	208 
1468	192 
1469	125 
1470	372 
1471	163 
1472	128 
1473	290 
1474	49 
1475	404 
1476	309 
1477	59 
1478	23 
1479	142 
1480	123 
1481	363 
1482	234 
1483	233 
1484	410 
1485	35 
1486	102 
1487	263 
1488	283 
1489	330 
1490	6 
1491	258 
1492	44 
1493	369 
1494	346 
1495	144 
1496	404 
1497	83 
1498	187 
1499	94 
1500	383 
1501	350 
1502	84 
1503	166 
1504	374 
1505	168 
1506	260 
1507	299 
1508	226 
1509	286 
1510	348 
1511	88 
1512	307 
1513	353 
1514	374 
1515	145 
1516	170 
1517	399 
1518	263 
1519	262 
1520	290 
1521	86 
1522	152 
1523	264 
1524	302 
1525	128 
1526	215 
1527	121 
1528	194 
1529	316 
1530	353 
1531	28 
1532	375 
1533	172 
1534	300 
1535	351 
1536	139 
1537	100 
1538	233 
1539	233 
1540	112 
1541	357 
1542	88 
1543	406 
1544	85 
1545	172 
1546	332 
1547	245 
1548	346 
1549	110 
1550	139 
1551	12 
1552	300 
1553	349 
1554	144 
1555	155 
1556	78 
1557	4 
1558	201 
1559	134 
1560	71 
1561	229 
1562	28 
1563	21 
1564	95 
1565	147 
1566	303 
1567	243 
1568	251 
1569	111 
1570	146 
1571	324 
1572	76 
1573	103 
1574	324 
1575	107 
1576	405 
1577	48 
1578	92 
1579	158 
1580	42 
1581	1 
1582	220 
1583	372 
1584	98 
1585	403 
1586	291 
1587	170 
1588	214 
1589	289 
1590	210 
1591	118 
1592	137 
1593	240 
1594	55 
1595	354 
1596	368 
1597	29 
1598	379 
1599	281 
1600	171 
1601	87 
1602	36 
1603	264 
1604	220 
1605	143 
1606	191 
1607	65 
1608	343 
1609	92 
1610	328 
1611	63 
1612	35 
1613	338 
1614	265 
1615	79 
1616	55 
1617	112 
1618	23 
1619	220 
1620	34 
1621	54 
1622	98 
1623	265 
1624	185 
1625	273 
1626	356 
1627	304 
1628	280 
1629	358 
1630	108 
1631	271 
1632	219 
1633	372 
1634	106 
1635	267 
1636	271 
1637	206 
1638	2 
1639	135 
1640	270 
1641	244 
1642	322 
1643	126 
1644	187 
1645	181 
1646	34 
1647	179 
1648	311 
1649	32 
1650	28 
1651	131 
1652	16 
1653	268 
1654	360 
1655	12 
1656	92 
1657	26 
1658	45 
1659	139 
1660	216 
1661	198 
1662	159 
1663	39 
1664	257 
1665	60 
1666	36 
1667	143 
1668	304 
1669	63 
1670	84 
1671	207 
1672	103 
1673	88 
1674	322 
1675	17 
1676	63 
1677	187 
1678	182 
1679	96 
1680	14 
1681	103 
1682	219 
1683	386 
1684	163 
1685	330 
1686	127 
1687	107 
1688	146 
1689	114 
1690	52 
1691	49 
1692	44 
1693	358 
1694	2 
1695	57 
1696	51 
1697	398 
1698	273 
1699	109 
1700	51 
1701	327 
1702	31 
1703	175 
1704	241 
1705	322 
1706	203 
1707	367 
1708	365 
1709	188 
1710	36 
1711	362 
1712	74 
1713	268 
1714	359 
1715	332 
1716	208 
1717	109 
1718	111 
1719	359 
1720	94 
1721	246 
1722	14 
1723	251 
1724	283 
1725	289 
1726	297 
1727	187 
1728	313 
1729	246 
1730	318 
1731	49 
1732	250 
1733	30 
1734	146 
1735	201 
1736	262 
1737	225 
1738	343 
1739	175 
1740	198 
1741	261 
1742	112 
1743	227 
1744	372 
1745	148 
1746	371 
1747	295 
1748	157 
1749	187 
1750	262 
1751	144 
1752	169 
1753	117 
1754	376 
1755	185 
1756	114 
1757	371 
1758	309 
1759	241 
1760	346 
1761	358 
1762	237 
1763	363 
1764	133 
1765	159 
1766	256 
1767	331 
1768	155 
1769	292 
1770	168 
1771	344 
1772	341 
1773	115 
1774	217 
1775	284 
1776	136 
1777	394 
1778	35 
1779	297 
1780	58 
1781	359 
1782	78 
1783	409 
1784	398 
1785	150 
1786	128 
1787	329 
1788	12 
1789	182 
1790	236 
1791	125 
1792	58 
1793	346 
1794	226 
1795	88 
1796	238 
1797	268 
1798	398 
1799	18 
1800	324 
1801	240 
1802	276 
1803	175 
1804	235 
1805	303 
1806	118 
1807	255 
1808	225 
1809	364 
1810	220 
1811	174 
1812	134 
1813	256 
1814	391 
1815	184 
1816	28 
1817	115 
1818	46 
1819	386 
1820	321 
1821	108 
1822	244 
1823	335 
1824	196 
1825	126 
1826	132 
1827	236 
1828	327 
1829	332 
1830	161 
1831	38 
1832	25 
1833	57 
1834	1 
1835	32 
1836	20 
1837	78 
1838	273 
1839	214 
1840	115 
1841	344 
1842	96 
1843	236 
1844	318 
1845	53 
1846	1 
1847	373 
1848	179 
1849	196 
1850	192 
1851	400 
1852	137 
1853	102 
1854	34 
1855	189 
1856	396 
1857	235 
1858	173 
1859	238 
1860	151 
1861	260 
1862	292 
1863	349 
1864	295 
1865	41 
1866	120 
1867	365 
1868	35 
1869	170 
1870	284 
1871	168 
1872	213 
1873	262 
1874	89 
1875	151 
1876	70 
1877	105 
1878	372 
1879	171 
1880	211 
1881	311 
1882	321 
1883	200 
1884	4 
1885	328 
1886	198 
1887	172 
1888	76 
1889	6 
1890	265 
1891	398 
1892	187 
1893	29 
1894	66 
1895	331 
1896	103 
1897	343 
1898	22 
1899	240 
1900	361 
1901	362 
1902	266 
1903	103 
1904	366 
1905	62 
1906	72 
1907	255 
1908	35 
1909	274 
1910	396 
1911	67 
1912	267 
1913	160 
1914	377 
1915	26 
1916	329 
1917	331 
1918	138 
1919	367 
1920	43 
1921	369 
1922	83 
1923	387 
1924	262 
1925	137 
1926	309 
1927	146 
1928	13 
1929	16 
1930	173 
1931	31 
1932	245 
1933	276 
1934	175 
1935	297 
1936	82 
1937	223 
1938	287 
1939	166 
1940	192 
1941	160 
1942	406 
1943	406 
1944	120 
1945	107 
1946	190 
1947	358 
1948	126 
1949	154 
1950	349 
1951	244 
1952	346 
1953	292 
1954	153 
1955	119 
1956	286 
1957	254 
1958	391 
1959	140 
1960	406 
1961	374 
1962	387 
1963	313 
1964	320 
1965	33 
1966	407 
1967	134 
1968	157 
1969	404 
1970	27 
1971	393 
1972	182 
1973	242 
1974	294 
1975	130 
1976	231 
1977	124 
1978	119 
1979	261 
1980	114 
1981	344 
1982	264 
1983	371 
1984	125 
1985	111 
1986	301 
1987	236 
1988	381 
1989	314 
1990	87 
1991	86 
1992	393 
1993	345 
1994	122 
1995	228 
1996	383 
1997	305 
1998	196 
1999	150 
2000	245 
2001	31 
2002	5 
2003	391 
2004	305 
2005	216 
2006	365 
2007	82 
2008	198 
2009	30 
2010	383 
2011	298 
2012	278 
2013	96 
2014	40 
2015	302 
2016	302 
2017	286 
2018	159 
2019	183 
2020	368 
2021	106 
2022	57 
2023	197 
2024	307 
2025	70 
2026	317 
2027	287 
2028	323 
2029	108 
2030	212 
2031	217 
2032	381 
2033	230 
2034	126 
2035	306 
2036	382 
2037	40 
2038	47 
2039	96 
2040	65 
2041	200 
2042	105 
2043	79 
2044	25 
2045	317 
2046	318 
2047	332 
2048	235 
2049	66 
2050	189 
2051	84 
2052	314 
2053	173 
2054	124 
2055	369 
2056	61 
2057	268 
2058	373 
2059	196 
2060	270 
2061	343 
2062	340 
2063	395 
2064	363 
2065	225 
2066	362 
2067	364 
2068	211 
2069	385 
2070	406 
2071	408 
2072	342 
2073	43 
2074	256 
2075	253 
2076	240 
2077	203 
2078	158 
2079	112 
2080	61 
2081	125 
2082	203 
2083	330 
2084	226 
2085	274 
2086	312 
2087	318 
2088	374 
2089	261 
2090	157 
2091	75 
2092	253 
2093	388 
2094	193 
2095	316 
2096	187 
2097	196 
2098	195 
2099	154 
2100	397 
2101	161 
2102	355 
2103	405 
2104	210 
2105	66 
2106	399 
2107	200 
2108	221 
2109	177 
2110	312 
2111	305 
2112	202 
2113	231 
2114	309 
2115	123 
2116	314 
2117	95 
2118	161 
2119	23 
2120	364 
2121	3 
2122	376 
2123	32 
2124	380 
2125	377 
2126	245 
2127	346 
2128	226 
2129	389 
2130	159 
2131	153 
2132	298 
2133	219 
2134	1 
2135	48 
2136	133 
2137	297 
2138	343 
2139	1 
2140	291 
2141	155 
2142	297 
2143	372 
2144	42 
2145	56 
2146	199 
2147	125 
2148	332 
2149	63 
2150	25 
2151	264 
2152	169 
2153	155 
2154	123 
2155	106 
2156	30 
2157	1 
2158	331 
2159	324 
2160	168 
2161	236 
2162	184 
2163	387 
2164	377 
2165	308 
2166	258 
2167	59 
2168	394 
2169	78 
2170	78 
2171	159 
2172	7 
2173	308 
2174	230 
2175	186 
2176	176 
2177	34 
2178	282 
2179	15 
2180	261 
2181	326 
2182	238 
2183	244 
2184	286 
2185	101 
2186	345 
2187	132 
2188	146 
2189	133 
2190	1 
2191	25 
2192	62 
2193	314 
2194	249 
2195	369 
2196	410 
2197	49 
2198	154 
2199	174 
2200	180 
2201	37 
2202	113 
2203	280 
2204	88 
2205	245 
2206	173 
2207	98 
2208	223 
2209	346 
2210	212 
2211	187 
2212	346 
2213	359 
2214	405 
2215	392 
2216	407 
2217	401 
2218	32 
2219	133 
2220	363 
2221	297 
2222	139 
2223	70 
2224	359 
2225	291 
2226	14 
2227	325 
2228	374 
2229	225 
2230	208 
2231	365 
2232	317 
2233	368 
2234	62 
2235	367 
2236	185 
2237	249 
2238	59 
2239	222 
2240	137 
2241	327 
2242	233 
2243	357 
2244	123 
2245	68 
2246	386 
2247	401 
2248	200 
2249	6 
2250	61 
2251	308 
2252	188 
2253	404 
2254	327 
2255	343 
2256	136 
2257	140 
2258	128 
2259	29 
2260	384 
2261	410 
2262	227 
2263	8 
2264	407 
2265	405 
2266	115 
2267	223 
2268	61 
2269	294 
2270	146 
2271	64 
2272	88 
2273	51 
2274	285 
2275	243 
2276	192 
2277	210 
2278	91 
2279	201 
2280	87 
2281	205 
2282	89 
2283	1 
2284	102 
2285	264 
2286	402 
2287	60 
2288	313 
2289	9 
2290	231 
2291	129 
2292	173 
2293	302 
2294	96 
2295	8 
2296	81 
2297	272 
2298	295 
2299	112 
2300	319 
2301	144 
2302	323 
2303	283 
2304	54 
2305	140 
2306	19 
2307	382 
2308	261 
2309	382 
2310	232 
2311	383 
2312	280 
2313	68 
2314	282 
2315	143 
2316	132 
2317	398 
2318	35 
2319	1 
2320	153 
2321	51 
2322	341 
2323	146 
2324	206 
2325	4 
2326	225 
2327	93 
2328	187 
2329	200 
2330	298 
2331	207 
2332	223 
2333	18 
2334	85 
2335	352 
2336	242 
2337	294 
2338	146 
2339	78 
2340	42 
2341	26 
2342	243 
2343	395 
2344	146 
2345	243 
2346	404 
2347	150 
2348	408 
2349	358 
2350	146 
2351	183 
2352	373 
2353	107 
2354	384 
2355	386 
2356	73 
2357	293 
2358	87 
2359	49 
2360	330 
2361	90 
2362	351 
2363	236 
2364	373 
2365	30 
2366	205 
2367	330 
2368	227 
2369	267 
2370	102 
2371	246 
2372	398 
2373	50 
2374	241 
2375	60 
2376	11 
2377	214 
2378	304 
2379	113 
2380	9 
2381	214 
2382	90 
2383	284 
2384	110 
2385	403 
2386	306 
2387	200 
2388	405 
2389	350 
2390	161 
2391	103 
2392	318 
2393	66 
2394	179 
2395	395 
2396	31 
2397	365 
2398	226 
2399	78 
2400	367 
2401	224 
2402	330 
2403	244 
2404	97 
2405	208 
2406	21 
2407	80 
2408	81 
2409	102 
2410	283 
2411	398 
2412	367 
2413	192 
2414	198 
2415	123 
2416	51 
2417	175 
2418	397 
2419	109 
2420	197 
2421	341 
2422	372 
2423	78 
2424	296 
2425	225 
2426	297 
2427	265 
2428	350 
2429	22 
2430	19 
2431	199 
2432	162 
2433	84 
2434	369 
2435	62 
2436	172 
2437	5 
2438	46 
2439	103 
2440	377 
2441	223 
2442	146 
2443	345 
2444	252 
2445	126 
2446	271 
2447	319 
2448	152 
2449	359 
2450	262 
2451	219 
2452	318 
2453	160 
2454	400 
2455	349 
2456	142 
2457	281 
2458	2 
2459	389 
2460	3 
2461	369 
2462	263 
2463	92 
2464	40 
2465	329 
2466	338 
2467	34 
2468	245 
2469	197 
2470	191 
2471	104 
2472	214 
2473	387 
2474	109 
2475	173 
2476	402 
2477	317 
2478	101 
2479	47 
2480	4 
2481	212 
2482	252 
2483	288 
2484	161 
2485	248 
2486	25 
2487	325 
2488	303 
2489	400 
2490	175 
2491	333 
2492	246 
2493	283 
2494	302 
2495	288 
2496	384 
2497	307 
2498	235 
2499	303 
2500	7 
2501	96 
2502	13 
2503	62 
2504	167 
2505	316 
2506	77 
2507	208 
2508	366 
2509	265 
2510	330 
2511	191 
2512	184 
2513	393 
2514	210 
2515	174 
2516	405 
2517	153 
2518	317 
2519	21 
2520	346 
2521	238 
2522	368 
2523	30 
2524	246 
2525	273 
2526	70 
2527	70 
2528	87 
2529	85 
2530	109 
2531	108 
2532	372 
2533	373 
2534	343 
2535	365 
2536	97 
2537	102 
2538	385 
2539	144 
2540	50 
2541	42 
2542	26 
2543	190 
2544	70 
2545	155 
2546	381 
2547	361 
2548	388 
2549	211 
2550	379 
2551	123 
2552	39 
2553	263 
2554	328 
2555	288 
2556	261 
2557	313 
2558	349 
2559	326 
2560	371 
2561	336 
2562	366 
2563	212 
2564	214 
2565	200 
2566	135 
2567	331 
2568	59 
2569	105 
2570	46 
2571	18 
2572	101 
2573	13 
2574	408 
2575	349 
2576	38 
2577	402 
2578	371 
2579	85 
2580	130 
2581	49 
2582	188 
2583	60 
2584	80 
2585	345 
2586	315 
2587	193 
2588	117 
2589	117 
2590	174 
2591	213 
2592	396 
2593	342 
2594	183 
2595	89 
2596	23 
2597	360 
2598	30 
2599	193 
2600	209 
2601	82 
2602	312 
2603	75 
2604	93 
2605	100 
2606	334 
2607	32 
2608	333 
2609	175 
2610	68 
2611	306 
2612	327 
2613	363 
2614	170 
2615	108 
2616	187 
2617	101 
2618	36 
2619	201 
2620	247 
2621	92 
2622	401 
2623	28 
2624	76 
2625	309 
2626	39 
2627	268 
2628	209 
2629	199 
2630	391 
2631	173 
2632	283 
2633	241 
2634	145 
2635	20 
2636	106 
2637	96 
2638	102 
2639	372 
2640	372 
2641	349 
2642	123 
2643	356 
2644	401 
2645	11 
2646	179 
2647	102 
2648	171 
2649	33 
2650	72 
2651	93 
2652	217 
2653	21 
2654	338 
2655	341 
2656	318 
2657	390 
2658	69 
2659	211 
2660	206 
2661	329 
2662	356 
2663	363 
2664	315 
2665	274 
2666	87 
2667	254 
2668	392 
2669	116 
2670	78 
2671	321 
2672	376 
2673	248 
2674	391 
2675	221 
2676	55 
2677	65 
2678	280 
2679	401 
2680	108 
2681	63 
2682	50 
2683	60 
2684	159 
2685	402 
2686	371 
2687	11 
2688	181 
2689	96 
2690	32 
2691	275 
2692	274 
2693	41 
2694	25 
2695	394 
2696	265 
2697	168 
2698	299 
2699	63 
2700	142 
2701	103 
2702	27 
2703	87 
2704	209 
2705	82 
2706	56 
2707	108 
2708	132 
2709	76 
2710	69 
2711	63 
2712	264 
2713	286 
2714	25 
2715	135 
2716	291 
2717	223 
2718	369 
2719	93 
2720	159 
2721	37 
2722	331 
2723	233 
2724	252 
2725	47 
2726	17 
2727	347 
2728	104 
2729	355 
2730	125 
2731	127 
2732	287 
2733	183 
2734	212 
2735	58 
2736	313 
2737	154 
2738	316 
2739	310 
2740	385 
2741	263 
2742	138 
2743	331 
2744	59 
2745	330 
2746	210 
2747	102 
2748	307 
2749	361 
2750	134 
2751	4 
2752	164 
2753	244 
2754	42 
2755	68 
2756	58 
2757	107 
2758	297 
2759	165 
2760	301 
2761	146 
2762	400 
2763	209 
2764	220 
2765	354 
2766	7 
2767	236 
2768	119 
2769	200 
2770	265 
2771	252 
2772	280 
2773	332 
2774	317 
2775	268 
2776	59 
2777	406 
2778	65 
2779	102 
2780	352 
2781	324 
2782	99 
2783	67 
2784	230 
2785	170 
2786	295 
2787	170 
2788	347 
2789	187 
2790	99 
2791	134 
2792	3 
2793	362 
2794	144 
2795	247 
2796	78 
2797	239 
2798	60 
2799	349 
2800	186 
2801	256 
2802	372 
2803	86 
2804	160 
2805	120 
2806	292 
2807	248 
2808	349 
2809	367 
2810	389 
2811	37 
2812	319 
2813	41 
2814	367 
2815	183 
2816	271 
2817	86 
2818	128 
2819	276 
2820	350 
2821	291 
2822	340 
2823	396 
2824	261 
2825	235 
2826	325 
2827	35 
2828	311 
2829	105 
2830	230 
2831	373 
2832	235 
2833	229 
2834	343 
2835	88 
2836	286 
2837	315 
2838	242 
2839	308 
2840	367 
2841	202 
2842	59 
2843	365 
2844	408 
2845	266 
2846	245 
2847	402 
2848	298 
2849	36 
2850	332 
2851	256 
2852	35 
2853	38 
2854	26 
2855	234 
2856	374 
2857	371 
2858	17 
2859	140 
2860	90 
2861	8 
2862	124 
2863	386 
2864	303 
2865	63 
2866	217 
2867	286 
2868	222 
2869	17 
2870	160 
2871	210 
2872	40 
2873	304 
2874	22 
2875	409 
2876	122 
2877	151 
2878	174 
2879	391 
2880	102 
2881	115 
2882	86 
2883	117 
2884	164 
2885	381 
2886	152 
2887	145 
2888	112 
2889	192 
2890	172 
2891	59 
2892	109 
2893	203 
2894	63 
2895	60 
2896	345 
2897	69 
2898	258 
2899	284 
2900	136 
2901	350 
2902	354 
2903	85 
2904	160 
2905	83 
2906	130 
2907	196 
2908	142 
2909	122 
2910	16 
2911	143 
2912	201 
2913	193 
2914	255 
2915	274 
2916	67 
2917	229 
2918	259 
2919	208 
2920	104 
2921	371 
2922	198 
2923	332 
2924	173 
2925	219 
2926	71 
2927	252 
2928	108 
2929	59 
2930	130 
2931	176 
2932	42 
2933	82 
2934	127 
2935	29 
2936	13 
2937	348 
2938	81 
2939	245 
2940	59 
2941	399 
2942	157 
2943	119 
2944	212 
2945	368 
2946	122 
2947	99 
2948	82 
2949	366 
2950	234 
2951	143 
2952	216 
2953	215 
2954	82 
2955	317 
2956	303 
2957	131 
2958	59 
2959	305 
2960	217 
2961	317 
2962	264 
2963	357 
2964	332 
2965	279 
2966	307 
2967	236 
2968	88 
2969	26 
2970	276 
2971	56 
2972	292 
2973	141 
2974	36 
2975	222 
2976	98 
2977	300 
2978	394 
2979	239 
2980	26 
2981	315 
2982	387 
2983	253 
2984	276 
2985	360 
2986	324 
2987	167 
2988	366 
2989	100 
2990	357 
2991	215 
2992	391 
2993	376 
2994	88 
2995	68 
2996	83 
2997	310 
2998	205 
2999	408 
3000	72 
3001	185 
3002	296 
3003	54 
3004	203 
3005	7 
3006	334 
3007	144 
3008	120 
3009	174 
3010	253 
3011	183 
3012	161 
3013	379 
3014	260 
3015	336 
3016	11 
3017	329 
3018	236 
3019	121 
3020	391 
3021	294 
3022	175 
3023	396 
3024	51 
3025	43 
3026	99 
3027	332 
3028	298 
3029	145 
3030	331 
3031	265 
3032	357 
3033	124 
3034	343 
3035	146 
3036	373 
3037	118 
3038	131 
3039	169 
3040	75 
3041	108 
3042	326 
3043	378 
3044	198 
3045	12 
3046	382 
3047	324 
3048	191 
3049	93 
3050	408 
3051	224 
3052	283 
3053	66 
3054	183 
3055	217 
3056	201 
3057	51 
3058	303 
3059	255 
3060	25 
3061	248 
3062	360 
3063	351 
3064	394 
3065	48 
3066	7 
3067	107 
3068	31 
3069	94 
3070	95 
3071	142 
3072	372 
3073	128 
3074	346 
3075	372 
3076	264 
3077	224 
3078	116 
3079	227 
3080	141 
3081	123 
3082	247 
3083	208 
3084	264 
3085	105 
3086	177 
3087	53 
3088	108 
3089	306 
3090	101 
3091	348 
3092	93 
3093	346 
3094	340 
3095	216 
3096	247 
3097	104 
3098	235 
3099	367 
3100	63 
3101	153 
3102	321 
3103	200 
3104	214 
3105	44 
3106	180 
3107	168 
3108	216 
3109	345 
3110	36 
3111	214 
3112	170 
3113	112 
3114	257 
3115	238 
3116	3 
3117	112 
3118	112 
3119	263 
3120	207 
3121	366 
3122	195 
3123	75 
3124	41 
3125	15 
3126	268 
3127	381 
3128	8 
3129	162 
3130	239 
3131	332 
3132	329 
3133	245 
3134	173 
3135	89 
3136	307 
3137	44 
3138	185 
3139	374 
3140	93 
3141	174 
3142	329 
3143	154 
3144	101 
3145	380 
3146	367 
3147	305 
3148	132 
3149	48 
3150	237 
3151	200 
3152	324 
3153	122 
3154	348 
3155	207 
3156	344 
3157	366 
3158	35 
3159	131 
3160	22 
3161	370 
3162	136 
3163	85 
3164	279 
3165	280 
3166	317 
3167	80 
3168	183 
3169	212 
3170	106 
3171	237 
3172	54 
3173	135 
3174	281 
3175	336 
3176	118 
3177	394 
3178	259 
3179	35 
3180	72 
3181	106 
3182	36 
3183	49 
3184	278 
3185	347 
3186	230 
3187	317 
3188	263 
3189	130 
3190	96 
3191	26 
3192	298 
3193	87 
3194	343 
3195	14 
3196	24 
3197	140 
3198	43 
3199	78 
3200	84 
3201	230 
3202	187 
3203	146 
3204	274 
3205	263 
3206	28 
3207	137 
3208	382 
3209	399 
3210	322 
3211	157 
3212	191 
3213	93 
3214	228 
3215	358 
3216	88 
3217	394 
3218	63 
3219	309 
3220	187 
3221	175 
3222	175 
3223	149 
3224	9 
3225	161 
3226	93 
3227	82 
3228	251 
3229	249 
3230	263 
3231	396 
3232	176 
3233	2 
3234	117 
3235	288 
3236	112 
3237	179 
3238	196 
3239	285 
3240	244 
3241	253 
3242	321 
3243	120 
3244	209 
3245	161 
3246	241 
3247	34 
3248	208 
3249	95 
3250	44 
3251	235 
3252	310 
3253	37 
3254	205 
3255	44 
3256	14 
3257	262 
3258	397 
3259	364 
3260	359 
3261	236 
3262	367 
3263	206 
3264	224 
3265	203 
3266	259 
3267	112 
3268	301 
3269	212 
3270	311 
3271	51 
3272	363 
3273	108 
3274	328 
3275	44 
3276	333 
3277	6 
3278	277 
3279	271 
3280	201 
3281	195 
3282	402 
3283	287 
3284	43 
3285	26 
3286	228 
3287	237 
3288	283 
3289	296 
3290	161 
3291	172 
3292	210 
3293	235 
3294	74 
3295	330 
3296	160 
3297	174 
3298	133 
3299	323 
3300	140 
3301	386 
3302	175 
3303	281 
3304	252 
3305	103 
3306	317 
3307	202 
3308	366 
3309	15 
3310	322 
3311	29 
3312	28 
3313	25 
3314	361 
3315	31 
3316	319 
3317	53 
3318	91 
3319	98 
3320	322 
3321	235 
3322	62 
3323	279 
3324	36 
3325	279 
3326	269 
3327	409 
3328	410 
3329	145 
3330	233 
3331	196 
3332	260 
3333	68 
3334	41 
3335	234 
3336	286 
3337	63 
3338	96 
3339	339 
3340	319 
3341	5 
3342	136 
3343	314 
3344	7 
3345	260 
3346	120 
3347	67 
3348	220 
3349	381 
3350	183 
3351	118 
3352	301 
3353	15 
3354	93 
3355	159 
3356	284 
3357	136 
3358	139 
3359	321 
3360	344 
3361	127 
3362	212 
3363	274 
3364	211 
3365	73 
3366	28 
3367	269 
3368	235 
3369	337 
3370	19 
3371	22 
3372	112 
3373	383 
3374	385 
3375	199 
3376	93 
3377	369 
3378	344 
3379	170 
3380	353 
3381	62 
3382	404 
3383	157 
3384	203 
3385	372 
3386	274 
3387	320 
3388	295 
3389	16 
3390	81 
3391	11 
3392	365 
3393	257 
3394	297 
3395	64 
3396	323 
3397	232 
3398	199 
3399	298 
3400	146 
3401	96 
3402	371 
3403	337 
3404	302 
3405	311 
3406	141 
3407	343 
3408	390 
3409	324 
3410	51 
3411	210 
3412	54 
3413	173 
3414	356 
3415	123 
3416	372 
3417	179 
3418	317 
3419	174 
3420	265 
3421	31 
3422	134 
3423	332 
3424	9 
3425	193 
3426	202 
3427	243 
3428	332 
3429	406 
3430	159 
3431	213 
3432	144 
3433	197 
3434	18 
3435	332 
3436	220 
3437	48 
3438	344 
3439	61 
3440	95 
3441	29 
3442	197 
3443	366 
3444	294 
3445	49 
3446	99 
3447	391 
3448	274 
3449	190 
3450	259 
3451	276 
3452	88 
3453	220 
3454	130 
3455	32 
3456	346 
3457	230 
3458	75 
3459	236 
3460	294 
3461	202 
3462	114 
3463	393 
3464	199 
3465	118 
3466	403 
3467	184 
3468	134 
3469	5 
3470	26 
3471	36 
3472	208 
3473	72 
3474	343 
3475	102 
3476	149 
3477	32 
3478	152 
3479	328 
3480	291 
3481	147 
3482	163 
3483	369 
3484	199 
3485	185 
3486	408 
3487	265 
3488	169 
3489	16 
3490	42 
3491	330 
3492	298 
3493	215 
3494	210 
3495	187 
3496	342 
3497	386 
3498	371 
3499	280 
3500	80 
3501	402 
3502	397 
3503	51 
3504	249 
3505	83 
3506	145 
3507	374 
3508	24 
3509	273 
3510	256 
3511	301 
3512	337 
3513	325 
3514	156 
3515	259 
3516	295 
3517	59 
3518	77 
3519	328 
3520	327 
3521	131 
3522	241 
3523	361 
3524	6 
3525	249 
3526	285 
3527	295 
3528	101 
3529	76 
3530	164 
3531	169 
3532	266 
3533	394 
3534	175 
3535	276 
3536	297 
3537	208 
3538	195 
3539	232 
3540	38 
3541	163 
3542	156 
3543	407 
3544	329 
3545	193 
3546	327 
3547	59 
3548	76 
3549	36 
3550	79 
3551	17 
3552	30 
3553	85 
3554	303 
3555	317 
3556	42 
3557	68 
3558	322 
3559	270 
3560	403 
3561	306 
3562	322 
3563	215 
3564	402 
3565	192 
3566	286 
3567	335 
3568	272 
3569	1 
3570	109 
3571	49 
3572	236 
3573	278 
3574	398 
3575	402 
3576	74 
3577	391 
3578	104 
3579	167 
3580	23 
3581	52 
3582	246 
3583	68 
3584	326 
3585	389 
3586	262 
3587	386 
3588	333 
3589	359 
3590	407 
3591	323 
3592	374 
3593	235 
3594	190 
3595	175 
3596	98 
3597	257 
3598	138 
3599	380 
3600	369 
3601	351 
3602	30 
3603	364 
3604	119 
3605	177 
3606	315 
3607	153 
3608	403 
3609	159 
3610	367 
3611	93 
3612	40 
3613	282 
3614	18 
3615	141 
3616	343 
3617	343 
3618	340 
3619	108 
3620	174 
3621	338 
3622	134 
3623	366 
3624	244 
3625	281 
3626	334 
3627	136 
3628	250 
3629	88 
3630	244 
3631	186 
3632	99 
3633	280 
3634	10 
3635	2 
3636	133 
3637	324 
3638	44 
3639	239 
3640	276 
3641	48 
3642	274 
3643	182 
3644	191 
3645	48 
3646	264 
3647	264 
3648	304 
3649	401 
3650	251 
3651	176 
3652	257 
3653	121 
3654	275 
3655	113 
3656	50 
3657	349 
3658	119 
3659	20 
3660	340 
3661	78 
3662	365 
3663	179 
3664	271 
3665	205 
3666	407 
3667	343 
3668	123 
3669	76 
3670	100 
3671	320 
3672	40 
3673	202 
3674	203 
3675	195 
3676	261 
3677	340 
3678	70 
3679	214 
3680	229 
3681	116 
3682	146 
3683	285 
3684	370 
3685	298 
3686	275 
3687	173 
3688	196 
3689	11 
3690	213 
3691	364 
3692	4 
3693	9 
3694	388 
3695	318 
3696	249 
3697	371 
3698	117 
3699	384 
3700	73 
3701	391 
3702	131 
3703	85 
3704	321 
3705	284 
3706	101 
3707	156 
3708	301 
3709	263 
3710	379 
3711	9 
3712	157 
3713	103 
3714	170 
3715	341 
3716	310 
3717	22 
3718	374 
3719	211 
3720	363 
3721	375 
3722	402 
3723	135 
3724	52 
3725	168 
3726	78 
3727	127 
3728	249 
3729	130 
3730	241 
3731	210 
3732	262 
3733	46 
3734	20 
3735	346 
3736	119 
3737	342 
3738	19 
3739	257 
3740	100 
3741	203 
3742	205 
3743	305 
3744	210 
3745	242 
3746	149 
3747	391 
3748	5 
3749	284 
3750	368 
3751	168 
3752	5 
3753	292 
3754	30 
3755	361 
3756	341 
3757	250 
3758	404 
3759	147 
3760	288 
3761	359 
3762	209 
3763	98 
3764	307 
3765	284 
3766	244 
3767	342 
3768	234 
3769	410 
3770	281 
3771	55 
3772	15 
3773	309 
3774	391 
3775	397 
3776	246 
3777	36 
3778	44 
3779	148 
3780	119 
3781	172 
3782	323 
3783	150 
3784	261 
3785	121 
3786	399 
3787	230 
3788	30 
3789	152 
3790	339 
3791	112 
3792	131 
3793	277 
3794	289 
3795	368 
3796	308 
3797	36 
3798	244 
3799	76 
3800	282 
3801	183 
3802	300 
3803	43 
3804	168 
3805	235 
3806	21 
3807	34 
3808	106 
3809	307 
3810	306 
3811	349 
3812	95 
3813	123 
3814	397 
3815	28 
3816	248 
3817	157 
3818	144 
3819	59 
3820	246 
3821	185 
3822	402 
3823	32 
3824	192 
3825	367 
3826	272 
3827	125 
3828	240 
3829	322 
3830	123 
3831	162 
3832	109 
3833	55 
3834	394 
3835	277 
3836	261 
3837	311 
3838	206 
3839	324 
3840	144 
3841	90 
3842	48 
3843	218 
3844	2 
3845	2 
3846	307 
3847	76 
3848	183 
3849	20 
3850	52 
3851	92 
3852	7 
3853	246 
3854	258 
3855	331 
3856	59 
3857	114 
3858	200 
3859	131 
3860	378 
3861	311 
3862	169 
3863	181 
3864	312 
3865	364 
3866	130 
3867	312 
3868	409 
3869	103 
3870	375 
3871	27 
3872	12 
3873	201 
3874	59 
3875	325 
3876	161 
3877	390 
3878	306 
3879	327 
3880	47 
3881	47 
3882	147 
3883	63 
3884	389 
3885	370 
3886	41 
3887	287 
3888	198 
3889	161 
3890	105 
3891	280 
3892	274 
3893	247 
3894	321 
3895	192 
3896	343 
3897	165 
3898	397 
3899	339 
3900	375 
3901	210 
3902	273 
3903	78 
3904	369 
3905	111 
3906	175 
3907	398 
3908	121 
3909	337 
3910	348 
3911	93 
3912	298 
3913	188 
3914	9 
3915	297 
3916	65 
3917	198 
3918	101 
3919	7 
3920	166 
3921	157 
3922	142 
3923	159 
3924	135 
3925	221 
3926	65 
3927	191 
3928	12 
3929	31 
3930	362 
3931	93 
3932	113 
3933	26 
3934	80 
3935	210 
3936	179 
3937	295 
3938	203 
3939	229 
3940	103 
3941	248 
3942	97 
3943	387 
3944	162 
3945	250 
3946	283 
3947	309 
3948	343 
3949	69 
3950	185 
3951	132 
3952	79 
3953	110 
3954	6 
3955	283 
3956	127 
3957	387 
3958	123 
3959	354 
3960	278 
3961	113 
3962	26 
3963	188 
3964	100 
3965	258 
3966	131 
3967	359 
3968	51 
3969	310 
3970	404 
3971	200 
3972	60 
3973	133 
3974	102 
3975	197 
3976	324 
3977	107 
3978	80 
3979	241 
3980	105 
3981	198 
3982	133 
3983	340 
3984	133 
3985	332 
3986	255 
3987	368 
3988	311 
3989	315 
3990	376 
3991	332 
3992	148 
3993	156 
3994	152 
3995	17 
3996	31 
3997	28 
3998	238 
3999	318 
4000	298 
4001	185 
4002	343 
4003	114 
4004	67 
4005	28 
4006	87 
4007	367 
4008	171 
4009	280 
4010	44 
4011	327 
4012	163 
4013	88 
4014	281 
4015	333 
4016	227 
4017	238 
4018	138 
4019	276 
4020	319 
4021	146 
4022	214 
4023	212 
4024	322 
4025	48 
4026	205 
4027	155 
4028	31 
4029	267 
4030	97 
4031	232 
4032	87 
4033	89 
4034	282 
4035	92 
4036	161 
4037	377 
4038	82 
4039	170 
4040	25 
4041	387 
4042	305 
4043	408 
4044	42 
4045	369 
4046	262 
4047	26 
4048	81 
4049	370 
4050	99 
4051	206 
4052	207 
4053	405 
4054	272 
4055	319 
4056	330 
4057	96 
4058	306 
4059	401 
4060	25 
4061	217 
4062	36 
4063	361 
4064	141 
4065	80 
4066	300 
4067	35 
4068	47 
4069	151 
4070	240 
4071	112 
4072	271 
4073	12 
4074	365 
4075	367 
4076	68 
4077	331 
4078	229 
4079	341 
4080	241 
4081	332 
4082	129 
4083	368 
4084	70 
4085	303 
4086	387 
4087	371 
4088	217 
4089	305 
4090	246 
4091	253 
4092	295 
4093	5 
4094	386 
4095	148 
4096	38 
4097	50 
4098	9 
4099	265 
4100	189 
4101	362 
4102	103 
4103	289 
4104	297 
4105	186 
4106	276 
4107	320 
4108	354 
4109	236 
4110	265 
4111	300 
4112	172 
4113	83 
4114	30 
4115	23 
4116	210 
4117	284 
4118	108 
4119	352 
4120	407 
4121	8 
4122	391 
4123	372 
4124	87 
4125	56 
4126	358 
4127	18 
4128	40 
4129	158 
4130	103 
4131	234 
4132	214 
4133	78 
4134	4 
4135	244 
4136	184 
4137	383 
4138	246 
4139	369 
4140	358 
4141	235 
4142	225 
4143	236 
4144	319 
4145	237 
4146	392 
4147	247 
4148	310 
4149	91 
4150	277 
4151	299 
4152	214 
4153	246 
4154	279 
4155	269 
4156	269 
4157	379 
4158	39 
4159	115 
4160	236 
4161	287 
4162	33 
4163	242 
4164	79 
4165	99 
4166	135 
4167	113 
4168	382 
4169	368 
4170	48 
4171	157 
4172	120 
4173	235 
4174	78 
4175	257 
4176	378 
4177	123 
4178	231 
4179	303 
4180	222 
4181	354 
4182	4 
4183	147 
4184	198 
4185	93 
4186	315 
4187	333 
4188	116 
4189	264 
4190	204 
4191	388 
4192	169 
4193	326 
4194	125 
4195	208 
4196	74 
4197	110 
4198	307 
4199	399 
4200	251 
4201	242 
4202	202 
4203	348 
4204	391 
4205	288 
4206	47 
4207	107 
4208	303 
4209	3 
4210	59 
4211	228 
4212	191 
4213	251 
4214	105 
4215	225 
4216	139 
4217	304 
4218	267 
4219	347 
4220	307 
4221	340 
4222	112 
4223	15 
4224	46 
4225	325 
4226	173 
4227	409 
4228	49 
4229	367 
4230	14 
4231	185 
4232	283 
4233	207 
4234	375 
4235	281 
4236	91 
4237	236 
4238	7 
4239	103 
4240	64 
4241	236 
4242	174 
4243	379 
4244	351 
4245	274 
4246	315 
4247	96 
4248	255 
4249	29 
4250	391 
4251	199 
4252	164 
4253	175 
4254	87 
4255	32 
4256	309 
4257	154 
4258	381 
4259	278 
4260	335 
4261	382 
4262	28 
4263	406 
4264	156 
4265	383 
4266	11 
4267	280 
4268	19 
4269	97 
4270	18 
4271	121 
4272	83 
4273	391 
4274	54 
4275	143 
4276	291 
4277	29 
4278	273 
4279	107 
4280	28 
4281	156 
4282	410 
4283	68 
4284	129 
4285	254 
4286	371 
4287	17 
4288	349 
4289	68 
4290	251 
4291	322 
4292	161 
4293	85 
4294	387 
4295	71 
4296	306 
4297	342 
4298	239 
4299	318 
4300	315 
4301	236 
4302	378 
4303	187 
4304	396 
4305	229 
4306	269 
4307	9 
4308	224 
4309	185 
4310	208 
4311	315 
4312	316 
4313	153 
4314	19 
4315	78 
4316	219 
4317	374 
4318	320 
4319	284 
4320	327 
4321	130 
4322	256 
4323	25 
4324	183 
4325	217 
4326	120 
4327	128 
4328	70 
4329	328 
4330	151 
4331	285 
4332	356 
4333	162 
4334	188 
4335	175 
4336	342 
4337	62 
4338	44 
4339	393 
4340	158 
4341	133 
4342	213 
4343	280 
4344	35 
4345	76 
4346	93 
4347	251 
4348	345 
4349	166 
4350	375 
4351	113 
4352	264 
4353	181 
4354	373 
4355	51 
4356	111 
4357	377 
4358	106 
4359	82 
4360	108 
4361	387 
4362	122 
4363	124 
4364	122 
4365	321 
4366	221 
4367	345 
4368	25 
4369	109 
4370	341 
4371	274 
4372	122 
4373	90 
4374	187 
4375	364 
4376	234 
4377	102 
4378	382 
4379	354 
4380	176 
4381	274 
4382	224 
4383	200 
4384	198 
4385	196 
4386	174 
4387	378 
4388	352 
4389	236 
4390	9 
4391	304 
4392	28 
4393	36 
4394	53 
4395	402 
4396	3 
4397	100 
4398	191 
4399	77 
4400	380 
4401	306 
4402	159 
4403	307 
4404	246 
4405	232 
4406	137 
4407	76 
4408	199 
4409	409 
4410	231 
4411	119 
4412	349 
4413	44 
4414	108 
4415	272 
4416	333 
4417	352 
4418	183 
4419	144 
4420	212 
4421	175 
4422	109 
4423	343 
4424	2 
4425	161 
4426	108 
4427	78 
4428	8 
4429	178 
4430	369 
4431	364 
4432	167 
4433	158 
4434	40 
4435	284 
4436	306 
4437	361 
4438	13 
4439	372 
4440	110 
4441	214 
4442	268 
4443	345 
4444	93 
4445	320 
4446	235 
4447	109 
4448	196 
4449	358 
4450	51 
4451	321 
4452	211 
4453	77 
4454	90 
4455	280 
4456	267 
4457	311 
4458	262 
4459	187 
4460	229 
4461	125 
4462	220 
4463	242 
4464	38 
4465	269 
4466	231 
4467	253 
4468	208 
4469	308 
4470	161 
4471	235 
4472	404 
4473	327 
4474	264 
4475	158 
4476	93 
4477	275 
4478	249 
4479	33 
4480	19 
4481	253 
4482	391 
4483	96 
4484	356 
4485	135 
4486	255 
4487	278 
4488	312 
4489	134 
4490	264 
4491	392 
4492	395 
4493	192 
4494	365 
4495	66 
4496	316 
4497	392 
4498	155 
4499	396 
4500	39 
4501	167 
4502	345 
4503	222 
4504	259 
4505	68 
4506	208 
4507	156 
4508	346 
4509	68 
4510	107 
4511	265 
4512	392 
4513	2 
4514	389 
4515	232 
4516	7 
4517	49 
4518	121 
4519	408 
4520	224 
4521	276 
4522	44 
4523	257 
4524	21 
4525	70 
4526	47 
4527	146 
4528	201 
4529	29 
4530	67 
4531	69 
4532	61 
4533	12 
4534	42 
4535	367 
4536	354 
4537	245 
4538	155 
4539	324 
4540	164 
4541	359 
4542	165 
4543	240 
4544	99 
4545	87 
4546	161 
4547	177 
4548	298 
4549	246 
4550	265 
4551	353 
4552	398 
4553	402 
4554	239 
4555	96 
4556	248 
4557	257 
4558	204 
4559	192 
4560	109 
4561	368 
4562	279 
4563	317 
4564	8 
4565	243 
4566	64 
4567	186 
4568	284 
4569	128 
4570	321 
4571	69 
4572	66 
4573	171 
4574	266 
4575	382 
4576	113 
4577	292 
4578	373 
4579	332 
4580	137 
4581	270 
4582	349 
4583	262 
4584	328 
4585	363 
4586	49 
4587	389 
4588	238 
4589	256 
4590	17 
4591	306 
4592	202 
4593	252 
4594	386 
4595	352 
4596	331 
4597	182 
4598	261 
4599	78 
4600	98 
4601	61 
4602	102 
4603	374 
4604	128 
4605	52 
4606	104 
4607	55 
4608	369 
4609	328 
4610	164 
4611	134 
4612	264 
4613	367 
4614	170 
4615	356 
4616	234 
4617	264 
4618	320 
4619	307 
4620	314 
4621	322 
4622	212 
4623	314 
4624	192 
4625	299 
4626	328 
4627	380 
4628	294 
4629	78 
4630	149 
4631	84 
4632	318 
4633	396 
4634	16 
4635	321 
4636	280 
4637	135 
4638	356 
4639	304 
4640	332 
4641	255 
4642	270 
4643	73 
4644	211 
4645	175 
4646	139 
4647	408 
4648	30 
4649	135 
4650	52 
4651	164 
4652	376 
4653	56 
4654	370 
4655	234 
4656	175 
4657	361 
4658	32 
4659	246 
4660	187 
4661	197 
4662	2 
4663	324 
4664	227 
4665	111 
4666	206 
4667	281 
4668	41 
4669	289 
4670	398 
4671	25 
4672	155 
4673	387 
4674	175 
4675	300 
4676	330 
4677	91 
4678	368 
4679	182 
4680	274 
4681	330 
4682	36 
4683	66 
4684	381 
4685	215 
4686	275 
4687	63 
4688	94 
4689	196 
4690	309 
4691	155 
4692	48 
4693	73 
4694	378 
4695	148 
4696	205 
4697	324 
4698	144 
4699	386 
4700	165 
4701	34 
4702	41 
4703	227 
4704	314 
4705	8 
4706	94 
4707	144 
4708	385 
4709	397 
4710	20 
4711	369 
4712	291 
4713	246 
4714	369 
4715	383 
4716	28 
4717	160 
4718	86 
4719	293 
4720	313 
4721	14 
4722	16 
4723	59 
4724	126 
4725	49 
4726	283 
4727	389 
4728	371 
4729	384 
4730	360 
4731	132 
4732	158 
4733	87 
4734	98 
4735	297 
4736	159 
4737	272 
4738	364 
4739	396 
4740	263 
4741	262 
4742	92 
4743	275 
4744	72 
4745	257 
4746	36 
4747	410 
4748	114 
4749	264 
4750	135 
4751	183 
4752	106 
4753	6 
4754	277 
4755	318 
4756	410 
4757	402 
4758	333 
4759	342 
4760	377 
4761	19 
4762	116 
4763	168 
4764	224 
4765	270 
4766	382 
4767	339 
4768	323 
4769	138 
4770	397 
4771	302 
4772	83 
4773	223 
4774	140 
4775	210 
4776	67 
4777	210 
4778	137 
4779	339 
4780	280 
4781	60 
4782	267 
4783	130 
4784	55 
4785	30 
4786	302 
4787	159 
4788	364 
4789	160 
4790	265 
4791	205 
4792	294 
4793	325 
4794	45 
4795	271 
4796	144 
4797	73 
4798	267 
4799	290 
4800	154 
4801	257 
4802	34 
4803	51 
4804	101 
4805	366 
4806	210 
4807	324 
4808	122 
4809	25 
4810	319 
4811	36 
4812	374 
4813	328 
4814	246 
4815	323 
4816	163 
4817	365 
4818	386 
4819	27 
4820	30 
4821	179 
4822	120 
4823	249 
4824	324 
4825	309 
4826	175 
4827	45 
4828	73 
4829	394 
4830	80 
4831	394 
4832	102 
4833	354 
4834	63 
4835	75 
4836	199 
4837	59 
4838	217 
4839	256 
4840	342 
4841	144 
4842	316 
4843	213 
4844	198 
4845	381 
4846	378 
4847	378 
4848	314 
4849	43 
4850	1 
4851	15 
4852	202 
4853	354 
4854	205 
4855	82 
4856	354 
4857	405 
4858	131 
4859	130 
4860	76 
4861	40 
4862	378 
4863	119 
4864	249 
4865	205 
4866	222 
4867	198 
4868	118 
4869	120 
4870	231 
4871	189 
4872	221 
4873	29 
4874	275 
4875	212 
4876	65 
4877	388 
4878	10 
4879	139 
4880	260 
4881	277 
4882	322 
4883	220 
4884	113 
4885	322 
4886	372 
4887	372 
4888	83 
4889	195 
4890	140 
4891	117 
4892	58 
4893	229 
4894	363 
4895	333 
4896	340 
4897	135 
4898	297 
4899	307 
4900	298 
4901	24 
4902	264 
4903	171 
4904	104 
4905	26 
4906	288 
4907	76 
4908	318 
4909	174 
4910	67 
4911	160 
4912	48 
4913	177 
4914	352 
4915	358 
4916	247 
4917	48 
4918	362 
4919	204 
4920	318 
4921	301 
4922	251 
4923	205 
4924	383 
4925	10 
4926	362 
4927	262 
4928	309 
4929	51 
4930	173 
4931	391 
4932	189 
4933	252 
4934	37 
4935	209 
4936	43 
4937	279 
4938	367 
4939	394 
4940	101 
4941	187 
4942	180 
4943	219 
4944	330 
4945	275 
4946	322 
4947	25 
4948	103 
4949	280 
4950	24 
4951	385 
4952	309 
4953	305 
4954	77 
4955	398 
4956	396 
4957	174 
4958	96 
4959	196 
4960	392 
4961	224 
4962	273 
4963	112 
4964	109 
4965	406 
4966	312 
4967	2 
4968	332 
4969	114 
4970	305 
4971	306 
4972	199 
4973	36 
4974	54 
4975	309 
4976	16 
4977	122 
4978	63 
4979	178 
4980	34 
4981	247 
4982	37 
4983	119 
4984	81 
4985	392 
4986	121 
4987	349 
4988	297 
4989	309 
4990	63 
4991	343 
4992	194 
4993	174 
4994	387 
4995	54 
4996	300 
4997	154 
4998	281 
4999	91 
5000	9 
5001	409 
5002	191 
5003	78 
5004	130 
5005	307 
5006	305 
5007	94 
5008	93 
5009	81 
5010	217 
5011	207 
5012	57 
5013	218 
5014	407 
5015	33 
5016	10 
5017	28 
5018	26 
5019	178 
5020	13 
5021	125 
5022	8 
5023	168 
5024	206 
5025	87 
5026	332 
5027	274 
5028	343 
5029	43 
5030	216 
5031	22 
5032	12 
5033	214 
5034	344 
5035	127 
5036	209 
5037	288 
5038	105 
5039	187 
5040	404 
5041	335 
5042	356 
5043	253 
5044	173 
5045	383 
5046	372 
5047	343 
5048	401 
5049	70 
5050	115 
5051	368 
5052	51 
5053	365 
5054	141 
5055	185 
5056	276 
5057	343 
5058	54 
5059	185 
5060	70 
5061	327 
5062	185 
5063	349 
5064	399 
5065	402 
5066	116 
5067	395 
5068	162 
5069	98 
5070	320 
5071	378 
5072	171 
5073	115 
5074	340 
5075	32 
5076	160 
5077	387 
5078	319 
5079	186 
5080	399 
5081	281 
5082	80 
5083	69 
5084	163 
5085	211 
5086	314 
5087	275 
5088	360 
5089	2 
5090	347 
5091	57 
5092	212 
5093	374 
5094	249 
5095	28 
5096	280 
5097	336 
5098	106 
5099	272 
5100	106 
5101	152 
5102	276 
5103	195 
5104	293 
5105	258 
5106	233 
5107	63 
5108	72 
5109	400 
5110	165 
5111	318 
5112	146 
5113	6 
5114	344 
5115	115 
5116	346 
5117	69 
5118	170 
5119	375 
5120	250 
5121	293 
5122	150 
5123	135 
5124	342 
5125	257 
5126	327 
5127	161 
5128	283 
5129	130 
5130	289 
5131	312 
5132	81 
5133	331 
5134	174 
5135	213 
5136	220 
5137	109 
5138	106 
5139	268 
5140	6 
5141	214 
5142	363 
5143	161 
5144	169 
5145	142 
5146	126 
5147	407 
5148	190 
5149	144 
5150	176 
5151	404 
5152	68 
5153	223 
5154	302 
5155	18 
5156	325 
5157	386 
5158	112 
5159	108 
5160	298 
5161	294 
5162	227 
5163	135 
5164	31 
5165	185 
5166	287 
5167	35 
5168	168 
5169	72 
5170	194 
5171	355 
5172	263 
5173	129 
5174	310 
5175	357 
5176	405 
5177	174 
5178	258 
5179	216 
5180	172 
5181	17 
5182	167 
5183	208 
5184	138 
5185	291 
5186	164 
5187	340 
5188	391 
5189	393 
5190	148 
5191	271 
5192	167 
5193	333 
5194	236 
5195	330 
5196	116 
5197	363 
5198	320 
5199	232 
5200	231 
5201	333 
5202	343 
5203	283 
5204	229 
5205	50 
5206	285 
5207	131 
5208	160 
5209	165 
5210	376 
5211	379 
5212	338 
5213	241 
5214	97 
5215	139 
5216	96 
5217	21 
5218	296 
5219	396 
5220	235 
5221	307 
5222	137 
5223	9 
5224	342 
5225	23 
5226	279 
5227	402 
5228	180 
5229	133 
5230	207 
5231	42 
5232	353 
5233	269 
5234	8 
5235	354 
5236	224 
5237	405 
5238	130 
5239	379 
5240	405 
5241	132 
5242	69 
5243	405 
5244	122 
5245	199 
5246	9 
5247	234 
5248	309 
5249	38 
5250	69 
5251	293 
5252	8 
5253	340 
5254	248 
5255	391 
5256	396 
5257	287 
5258	327 
5259	128 
5260	210 
5261	320 
5262	281 
5263	123 
5264	123 
5265	139 
5266	163 
5267	241 
5268	35 
5269	386 
5270	103 
5271	128 
5272	220 
5273	3 
5274	266 
5275	10 
5276	290 
5277	55 
5278	157 
5279	166 
5280	16 
5281	230 
5282	303 
5283	251 
5284	87 
5285	53 
5286	302 
5287	44 
5288	129 
5289	231 
5290	327 
5291	244 
5292	323 
5293	160 
5294	378 
5295	23 
5296	14 
5297	192 
5298	84 
5299	121 
5300	87 
5301	23 
5302	35 
5303	299 
5304	52 
5305	198 
5306	368 
5307	376 
5308	389 
5309	75 
5310	79 
5311	192 
5312	349 
5313	175 
5314	144 
5315	102 
5316	123 
5317	289 
5318	303 
5319	87 
5320	76 
5321	404 
5322	49 
5323	142 
5324	291 
5325	344 
5326	280 
5327	92 
5328	212 
5329	399 
5330	166 
5331	112 
5332	106 
5333	79 
5334	45 
5335	98 
5336	18 
5337	349 
5338	64 
5339	219 
5340	243 
5341	24 
5342	371 
5343	372 
5344	146 
5345	254 
5346	347 
5347	308 
5348	152 
5349	108 
5350	96 
5351	194 
5352	95 
5353	402 
5354	212 
5355	335 
5356	140 
5357	182 
5358	53 
5359	199 
5360	330 
5361	78 
5362	319 
5363	378 
5364	296 
5365	22 
5366	193 
5367	285 
5368	341 
5369	115 
5370	332 
5371	179 
5372	110 
5373	190 
5374	156 
5375	187 
5376	22 
5377	6 
5378	279 
5379	396 
5380	32 
5381	316 
5382	405 
5383	233 
5384	40 
5385	197 
5386	321 
5387	300 
5388	344 
5389	35 
5390	410 
5391	201 
5392	160 
5393	63 
5394	187 
5395	93 
5396	306 
5397	322 
5398	351 
5399	118 
5400	345 
5401	62 
5402	224 
5403	406 
5404	187 
5405	299 
5406	69 
5407	187 
5408	376 
5409	165 
5410	191 
5411	400 
5412	207 
5413	381 
5414	194 
5415	172 
5416	285 
5417	321 
5418	23 
5419	81 
5420	149 
5421	368 
5422	364 
5423	32 
5424	267 
5425	243 
5426	400 
5427	183 
5428	321 
5429	299 
5430	31 
5431	112 
5432	298 
5433	242 
5434	261 
5435	124 
5436	64 
5437	63 
5438	410 
5439	56 
5440	48 
5441	284 
5442	196 
5443	20 
5444	44 
5445	323 
5446	7 
5447	280 
5448	134 
5449	393 
5450	213 
5451	167 
5452	180 
5453	20 
5454	406 
5455	294 
5456	189 
5457	350 
5458	232 
5459	109 
5460	104 
5461	138 
5462	200 
5463	128 
5464	347 
5465	183 
5466	258 
5467	141 
5468	82 
5469	264 
5470	123 
5471	76 
5472	112 
5473	297 
5474	64 
5475	148 
5476	327 
5477	174 
5478	185 
5479	64 
5480	19 
5481	32 
5482	185 
5483	353 
5484	367 
5485	102 
5486	221 
5487	164 
5488	90 
5489	163 
5490	275 
5491	295 
5492	375 
5493	359 
5494	301 
5495	283 
5496	9 
5497	371 
5498	133 
5499	146 
5500	31 
5501	9 
5502	223 
5503	277 
5504	3 
5505	51 
5506	25 
5507	307 
5508	370 
5509	81 
5510	159 
5511	96 
5512	362 
5513	46 
5514	401 
5515	343 
5516	141 
5517	9 
5518	325 
5519	331 
5520	232 
5521	321 
5522	407 
5523	149 
5524	125 
5525	194 
5526	308 
5527	347 
5528	204 
5529	400 
5530	407 
5531	236 
5532	162 
5533	342 
5534	338 
5535	218 
5536	378 
5537	150 
5538	334 
5539	363 
5540	214 
5541	144 
5542	247 
5543	332 
5544	237 
5545	337 
5546	93 
5547	98 
5548	273 
5549	221 
5550	164 
5551	47 
5552	28 
5553	43 
5554	397 
5555	159 
5556	162 
5557	57 
5558	352 
5559	26 
5560	190 
5561	246 
5562	359 
5563	403 
5564	118 
5565	115 
5566	383 
5567	137 
5568	39 
5569	226 
5570	207 
5571	25 
5572	185 
5573	210 
5574	283 
5575	226 
5576	2 
5577	25 
5578	356 
5579	102 
5580	73 
5581	218 
5582	276 
5583	98 
5584	249 
5585	24 
5586	321 
5587	159 
5588	44 
5589	372 
5590	199 
5591	252 
5592	106 
5593	240 
5594	264 
5595	291 
5596	249 
5597	91 
5598	145 
5599	187 
5600	244 
5601	218 
5602	336 
5603	117 
5604	370 
5605	110 
5606	106 
5607	65 
5608	344 
5609	53 
5610	249 
5611	175 
5612	29 
5613	320 
5614	61 
5615	132 
5616	235 
5617	283 
5618	65 
5619	393 
5620	206 
5621	8 
5622	319 
5623	36 
5624	410 
5625	340 
5626	91 
5627	322 
5628	222 
5629	316 
5630	138 
5631	405 
5632	187 
5633	141 
5634	394 
5635	376 
5636	249 
5637	338 
5638	32 
5639	22 
5640	327 
5641	244 
5642	244 
5643	222 
5644	217 
5645	95 
5646	260 
5647	55 
5648	365 
5649	332 
5650	275 
5651	366 
5652	94 
5653	56 
5654	194 
5655	241 
5656	120 
5657	394 
5658	241 
5659	269 
5660	8 
5661	242 
5662	30 
5663	288 
5664	337 
5665	238 
5666	119 
5667	96 
5668	239 
5669	173 
5670	200 
5671	394 
5672	93 
5673	294 
5674	199 
5675	190 
5676	100 
5677	214 
5678	258 
5679	230 
5680	212 
5681	363 
5682	230 
5683	157 
5684	230 
5685	57 
5686	112 
5687	181 
5688	199 
5689	238 
5690	59 
5691	79 
5692	189 
5693	59 
5694	292 
5695	285 
5696	239 
5697	363 
5698	255 
5699	174 
5700	45 
5701	299 
5702	331 
5703	349 
5704	120 
5705	74 
5706	312 
5707	396 
5708	190 
5709	103 
5710	163 
5711	295 
5712	222 
5713	73 
5714	372 
5715	95 
5716	235 
5717	231 
5718	97 
5719	330 
5720	88 
5721	318 
5722	189 
5723	282 
5724	175 
5725	57 
5726	160 
5727	87 
5728	226 
5729	406 
5730	385 
5731	4 
5732	60 
5733	198 
5734	141 
5735	1 
5736	42 
5737	175 
5738	82 
5739	133 
5740	187 
5741	5 
5742	410 
5743	248 
5744	45 
5745	314 
5746	18 
5747	276 
5748	212 
5749	260 
5750	48 
5751	346 
5752	366 
5753	170 
5754	317 
5755	360 
5756	241 
5757	159 
5758	406 
5759	363 
5760	103 
5761	405 
5762	202 
5763	195 
5764	169 
5765	244 
5766	306 
5767	266 
5768	361 
5769	157 
5770	375 
5771	135 
5772	347 
5773	384 
5774	287 
5775	2 
5776	200 
5777	397 
5778	284 
5779	273 
5780	174 
5781	68 
5782	94 
5783	63 
5784	322 
5785	38 
5786	144 
5787	21 
5788	173 
5789	114 
5790	337 
5791	154 
5792	225 
5793	76 
5794	368 
5795	139 
5796	165 
5797	210 
5798	3 
5799	192 
5800	296 
5801	159 
5802	128 
5803	158 
5804	48 
5805	116 
5806	80 
5807	291 
5808	361 
5809	369 
5810	96 
5811	409 
5812	354 
5813	117 
5814	370 
5815	123 
5816	400 
5817	271 
5818	8 
5819	119 
5820	179 
5821	335 
5822	340 
5823	199 
5824	266 
5825	275 
5826	97 
5827	98 
5828	378 
5829	232 
5830	98 
5831	236 
5832	28 
5833	98 
5834	99 
5835	245 
5836	410 
5837	94 
5838	367 
5839	191 
5840	142 
5841	317 
5842	183 
5843	59 
5844	78 
5845	400 
5846	382 
5847	53 
5848	26 
5849	286 
5850	145 
5851	323 
5852	327 
5853	76 
5854	47 
5855	314 
5856	258 
5857	326 
5858	393 
5859	286 
5860	48 
5861	204 
5862	145 
5863	91 
5864	177 
5865	49 
5866	45 
5867	1 
5868	132 
5869	391 
5870	176 
5871	325 
5872	64 
5873	402 
5874	177 
5875	268 
5876	193 
5877	55 
5878	246 
5879	141 
5880	102 
5881	323 
5882	228 
5883	297 
5884	353 
5885	211 
5886	63 
5887	1 
5888	132 
5889	141 
5890	154 
5891	54 
5892	190 
5893	261 
5894	310 
5895	393 
5896	203 
5897	216 
5898	119 
5899	249 
5900	147 
5901	327 
5902	273 
5903	321 
5904	277 
5905	272 
5906	206 
5907	29 
5908	396 
5909	329 
5910	50 
5911	281 
5912	393 
5913	220 
5914	190 
5915	277 
5916	136 
5917	183 
5918	32 
5919	138 
5920	6 
5921	390 
5922	280 
5923	74 
5924	122 
5925	95 
5926	110 
5927	238 
5928	32 
5929	160 
5930	97 
5931	204 
5932	301 
5933	400 
5934	269 
5935	187 
5936	264 
5937	122 
5938	359 
5939	137 
5940	31 
5941	246 
5942	168 
5943	208 
5944	264 
5945	170 
5946	278 
5947	31 
5948	345 
5949	103 
5950	282 
5951	325 
5952	312 
5953	65 
5954	247 
5955	112 
5956	336 
5957	187 
5958	66 
5959	369 
5960	284 
5961	35 
5962	186 
5963	253 
5964	275 
5965	166 
5966	49 
5967	267 
5968	176 
5969	9 
5970	21 
5971	240 
5972	355 
5973	379 
5974	240 
5975	181 
5976	180 
5977	340 
5978	35 
5979	96 
5980	89 
5981	213 
5982	194 
5983	306 
5984	330 
5985	294 
5986	210 
5987	391 
5988	391 
5989	403 
5990	70 
5991	319 
5992	254 
5993	317 
5994	345 
5995	215 
5996	190 
5997	180 
5998	199 
5999	397 
6000	110 
6001	236 
6002	31 
6003	281 
6004	408 
6005	349 
6006	205 
6007	91 
6008	181 
6009	29 
6010	314 
6011	267 
6012	142 
6013	133 
6014	351 
6015	317 
6016	256 
6017	206 
6018	93 
6019	36 
6020	207 
6021	75 
6022	112 
6023	402 
6024	97 
6025	327 
6026	311 
6027	159 
6028	103 
6029	5 
6030	58 
6031	300 
6032	152 
6033	353 
6034	328 
6035	362 
6036	314 
6037	360 
6038	214 
6039	10 
6040	403 
6041	297 
6042	71 
6043	405 
6044	265 
6045	367 
6046	212 
6047	333 
6048	345 
6049	210 
6050	54 
6051	44 
6052	11 
6053	102 
6054	249 
6055	223 
6056	363 
6057	237 
6058	355 
6059	155 
6060	63 
6061	349 
6062	216 
6063	142 
6064	39 
6065	46 
6066	24 
6067	85 
6068	330 
6069	136 
6070	29 
6071	155 
6072	187 
6073	386 
6074	264 
6075	135 
6076	306 
6077	331 
6078	102 
6079	299 
6080	124 
6081	119 
6082	348 
6083	245 
6084	120 
6085	119 
6086	272 
6087	210 
6088	256 
6089	94 
6090	142 
6091	2 
6092	404 
6093	253 
6094	93 
6095	347 
6096	76 
6097	265 
6098	361 
6099	328 
6100	232 
6101	161 
6102	199 
6103	270 
6104	289 
6105	108 
6106	383 
6107	349 
6108	259 
6109	200 
6110	383 
6111	262 
6112	281 
6113	55 
6114	210 
6115	28 
6116	159 
6117	99 
6118	391 
6119	297 
6120	90 
6121	303 
6122	239 
6123	46 
6124	63 
6125	407 
6126	380 
6127	182 
6128	271 
6129	320 
6130	140 
6131	31 
6132	49 
6133	404 
6134	322 
6135	327 
6136	309 
6137	139 
6138	271 
6139	224 
6140	89 
6141	254 
6142	241 
6143	240 
6144	300 
6145	221 
6146	282 
6147	9 
6148	172 
6149	342 
6150	250 
6151	366 
6152	26 
6153	146 
6154	183 
6155	331 
6156	113 
6157	311 
6158	78 
6159	332 
6160	175 
6161	298 
6162	329 
6163	324 
6164	380 
6165	45 
6166	395 
6167	10 
6168	386 
6169	281 
6170	63 
6171	264 
6172	192 
6173	72 
6174	326 
6175	349 
6176	281 
6177	169 
6178	384 
6179	309 
6180	96 
6181	61 
6182	36 
6183	194 
6184	72 
6185	357 
6186	333 
6187	121 
6188	271 
6189	261 
6190	46 
6191	332 
6192	160 
6193	109 
6194	61 
6195	201 
6196	108 
6197	200 
6198	97 
6199	81 
6200	325 
6201	316 
6202	304 
6203	225 
6204	382 
6205	335 
6206	377 
6207	168 
6208	185 
6209	45 
6210	178 
6211	226 
6212	172 
6213	224 
6214	49 
6215	87 
6216	280 
6217	334 
6218	367 
6219	154 
6220	266 
6221	78 
6222	129 
6223	212 
6224	290 
6225	329 
6226	202 
6227	336 
6228	244 
6229	369 
6230	157 
6231	215 
6232	389 
6233	321 
6234	21 
6235	170 
6236	23 
6237	409 
6238	382 
6239	409 
6240	133 
6241	219 
6242	297 
6243	378 
6244	347 
6245	104 
6246	3 
6247	93 
6248	16 
6249	172 
6250	402 
6251	217 
6252	112 
6253	170 
6254	279 
6255	146 
6256	309 
6257	306 
6258	69 
6259	54 
6260	153 
6261	35 
6262	310 
6263	155 
6264	273 
6265	70 
6266	24 
6267	344 
6268	268 
6269	89 
6270	288 
6271	77 
6272	325 
6273	374 
6274	342 
6275	11 
6276	33 
6277	210 
6278	346 
6279	41 
6280	193 
6281	345 
6282	290 
6283	136 
6284	200 
6285	183 
6286	187 
6287	357 
6288	317 
6289	286 
6290	47 
6291	40 
6292	7 
6293	76 
6294	177 
6295	325 
6296	307 
6297	26 
6298	349 
6299	69 
6300	323 
6301	61 
6302	268 
6303	402 
6304	126 
6305	304 
6306	350 
6307	190 
6308	112 
6309	115 
6310	395 
6311	188 
6312	244 
6313	34 
6314	77 
6315	294 
6316	168 
6317	7 
6318	390 
6319	391 
6320	197 
6321	209 
6322	127 
6323	282 
6324	344 
6325	192 
6326	59 
6327	99 
6328	135 
6329	267 
6330	7 
6331	92 
6332	293 
6333	363 
6334	44 
6335	358 
6336	366 
6337	155 
6338	240 
6339	30 
6340	218 
6341	105 
6342	155 
6343	402 
6344	81 
6345	29 
6346	114 
6347	260 
6348	143 
6349	36 
6350	357 
6351	368 
6352	40 
6353	405 
6354	260 
6355	382 
6356	69 
6357	199 
6358	181 
6359	19 
6360	59 
6361	196 
6362	251 
6363	380 
6364	64 
6365	177 
6366	328 
6367	255 
6368	159 
6369	208 
6370	368 
6371	326 
6372	122 
6373	293 
6374	124 
6375	90 
6376	320 
6377	276 
6378	359 
6379	372 
6380	125 
6381	291 
6382	142 
6383	266 
6384	40 
6385	382 
6386	358 
6387	280 
6388	346 
6389	345 
6390	369 
6391	160 
6392	252 
6393	338 
6394	87 
6395	249 
6396	43 
6397	121 
6398	6 
6399	177 
6400	45 
6401	188 
6402	407 
6403	55 
6404	59 
6405	197 
6406	108 
6407	286 
6408	370 
6409	392 
6410	362 
6411	71 
6412	12 
6413	290 
6414	287 
6415	394 
6416	144 
6417	164 
6418	336 
6419	324 
6420	214 
6421	21 
6422	228 
6423	65 
6424	193 
6425	57 
6426	258 
6427	58 
6428	140 
6429	322 
6430	116 
6431	87 
6432	25 
6433	296 
6434	127 
6435	152 
6436	288 
6437	129 
6438	206 
6439	371 
6440	252 
6441	173 
6442	357 
6443	281 
6444	303 
6445	189 
6446	353 
6447	236 
6448	225 
6449	88 
6450	362 
6451	370 
6452	136 
6453	342 
6454	241 
6455	385 
6456	67 
6457	93 
6458	398 
6459	66 
6460	30 
6461	343 
6462	46 
6463	159 
6464	139 
6465	28 
6466	347 
6467	28 
6468	17 
6469	174 
6470	250 
6471	290 
6472	30 
6473	270 
6474	299 
6475	345 
6476	14 
6477	376 
6478	347 
6479	273 
6480	293 
6481	174 
6482	71 
6483	382 
6484	366 
6485	20 
6486	210 
6487	195 
6488	212 
6489	52 
6490	409 
6491	296 
6492	337 
6493	317 
6494	377 
6495	277 
6496	174 
6497	398 
6498	289 
6499	406 
6500	383 
6501	58 
6502	363 
6503	201 
6504	280 
6505	68 
6506	160 
6507	373 
6508	160 
6509	394 
6510	367 
6511	16 
6512	336 
6513	28 
6514	193 
6515	1 
6516	363 
6517	360 
6518	59 
6519	121 
6520	60 
6521	205 
6522	13 
6523	291 
6524	354 
6525	335 
6526	13 
6527	286 
6528	218 
6529	289 
6530	127 
6531	144 
6532	124 
6533	407 
6534	327 
6535	196 
6536	239 
6537	347 
6538	208 
6539	273 
6540	398 
6541	68 
6542	302 
6543	136 
6544	289 
6545	286 
6546	130 
6547	219 
6548	145 
6549	283 
6550	84 
6551	4 
6552	309 
6553	175 
6554	342 
6555	375 
6556	316 
6557	344 
6558	331 
6559	195 
6560	203 
6561	122 
6562	249 
6563	61 
6564	52 
6565	229 
6566	331 
6567	355 
6568	48 
6569	91 
6570	3 
6571	60 
6572	392 
6573	25 
6574	66 
6575	288 
6576	168 
6577	314 
6578	82 
6579	274 
6580	345 
6581	285 
6582	142 
6583	361 
6584	48 
6585	316 
6586	258 
6587	127 
6588	343 
6589	383 
6590	167 
6591	307 
6592	321 
6593	341 
6594	248 
6595	182 
6596	28 
6597	382 
6598	296 
6599	218 
6600	256 
6601	271 
6602	246 
6603	159 
6604	3 
6605	397 
6606	208 
6607	368 
6608	376 
6609	371 
6610	246 
6611	93 
6612	274 
6613	87 
6614	259 
6615	357 
6616	218 
6617	183 
6618	236 
6619	64 
6620	139 
6621	284 
6622	322 
6623	352 
6624	39 
6625	332 
6626	103 
6627	368 
6628	243 
6629	138 
6630	334 
6631	16 
6632	317 
6633	50 
6634	117 
6635	174 
6636	168 
6637	183 
6638	119 
6639	90 
6640	271 
6641	185 
6642	177 
6643	51 
6644	182 
6645	318 
6646	185 
6647	287 
6648	168 
6649	163 
6650	181 
6651	48 
6652	406 
6653	190 
6654	27 
6655	211 
6656	142 
6657	194 
6658	221 
6659	164 
6660	298 
6661	346 
6662	368 
6663	366 
6664	384 
6665	57 
6666	271 
6667	160 
6668	15 
6669	136 
6670	325 
6671	82 
6672	381 
6673	387 
6674	281 
6675	288 
6676	345 
6677	7 
6678	152 
6679	247 
6680	26 
6681	10 
6682	353 
6683	368 
6684	187 
6685	363 
6686	153 
6687	146 
6688	27 
6689	212 
6690	371 
6691	5 
6692	15 
6693	112 
6694	303 
6695	120 
6696	88 
6697	396 
6698	155 
6699	98 
6700	305 
6701	80 
6702	12 
6703	334 
6704	92 
6705	324 
6706	71 
6707	222 
6708	333 
6709	58 
6710	103 
6711	52 
6712	214 
6713	48 
6714	363 
6715	25 
6716	326 
6717	103 
6718	177 
6719	131 
6720	154 
6721	84 
6722	185 
6723	159 
6724	321 
6725	127 
6726	192 
6727	303 
6728	324 
6729	251 
6730	111 
6731	214 
6732	25 
6733	322 
6734	203 
6735	269 
6736	367 
6737	329 
6738	3 
6739	280 
6740	370 
6741	199 
6742	391 
6743	167 
6744	170 
6745	218 
6746	249 
6747	68 
6748	157 
6749	326 
6750	34 
6751	175 
6752	138 
6753	320 
6754	166 
6755	393 
6756	35 
6757	107 
6758	330 
6759	295 
6760	103 
6761	42 
6762	303 
6763	87 
6764	391 
6765	89 
6766	108 
6767	203 
6768	135 
6769	324 
6770	272 
6771	259 
6772	227 
6773	391 
6774	322 
6775	34 
6776	253 
6777	400 
6778	102 
6779	132 
6780	143 
6781	71 
6782	183 
6783	286 
6784	331 
6785	210 
6786	410 
6787	344 
6788	376 
6789	48 
6790	3 
6791	214 
6792	197 
6793	318 
6794	9 
6795	243 
6796	212 
6797	378 
6798	199 
6799	165 
6800	354 
6801	120 
6802	355 
6803	377 
6804	134 
6805	254 
6806	225 
6807	404 
6808	351 
6809	159 
6810	27 
6811	308 
6812	283 
6813	134 
6814	79 
6815	93 
6816	146 
6817	42 
6818	387 
6819	61 
6820	257 
6821	244 
6822	193 
6823	358 
6824	249 
6825	369 
6826	176 
6827	79 
6828	240 
6829	144 
6830	87 
6831	335 
6832	205 
6833	212 
6834	355 
6835	402 
6836	154 
6837	253 
6838	95 
6839	33 
6840	62 
6841	325 
6842	351 
6843	239 
6844	261 
6845	113 
6846	371 
6847	149 
6848	154 
6849	91 
6850	355 
6851	231 
6852	75 
6853	307 
6854	199 
6855	122 
6856	87 
6857	397 
6858	244 
6859	212 
6860	36 
6861	291 
6862	286 
6863	178 
6864	388 
6865	174 
6866	300 
6867	242 
6868	359 
6869	99 
6870	42 
6871	159 
6872	244 
6873	243 
6874	235 
6875	78 
6876	296 
6877	236 
6878	243 
6879	124 
6880	9 
6881	183 
6882	159 
6883	168 
6884	256 
6885	345 
6886	276 
6887	350 
6888	171 
6889	283 
6890	349 
6891	144 
6892	44 
6893	160 
6894	172 
6895	317 
6896	187 
6897	212 
6898	98 
6899	225 
6900	173 
6901	152 
6902	172 
6903	200 
6904	173 
6905	285 
6906	371 
6907	252 
6908	406 
6909	136 
6910	370 
6911	70 
6912	306 
6913	122 
6914	63 
6915	56 
6916	102 
6917	188 
6918	340 
6919	324 
6920	112 
6921	183 
6922	408 
6923	350 
6924	189 
6925	59 
6926	171 
6927	40 
6928	396 
6929	4 
6930	100 
6931	235 
6932	326 
6933	244 
6934	387 
6935	348 
6936	393 
6937	295 
6938	259 
6939	341 
6940	384 
6941	4 
6942	174 
6943	185 
6944	47 
6945	24 
6946	36 
6947	81 
6948	392 
6949	47 
6950	102 
6951	188 
6952	303 
6953	359 
6954	246 
6955	49 
6956	138 
6957	391 
6958	383 
6959	271 
6960	85 
6961	351 
6962	95 
6963	146 
6964	212 
6965	239 
6966	341 
6967	386 
6968	336 
6969	381 
6970	102 
6971	410 
6972	388 
6973	33 
6974	28 
6975	293 
6976	336 
6977	308 
6978	63 
6979	300 
6980	314 
6981	244 
6982	30 
6983	27 
6984	363 
6985	125 
6986	115 
6987	66 
6988	307 
6989	50 
6990	340 
6991	240 
6992	240 
6993	233 
6994	163 
6995	108 
6996	211 
6997	383 
6998	110 
6999	275 
7000	315 
7001	102 
7002	52 
7003	369 
7004	310 
7005	135 
7006	59 
7007	243 
7008	54 
7009	139 
7010	346 
7011	160 
7012	256 
7013	14 
7014	30 
7015	200 
7016	271 
7017	298 
7018	240 
7019	124 
7020	155 
7021	108 
7022	199 
7023	17 
7024	10 
7025	267 
7026	379 
7027	396 
7028	242 
7029	267 
7030	281 
7031	290 
7032	36 
7033	363 
7034	294 
7035	345 
7036	179 
7037	284 
7038	241 
7039	31 
7040	259 
7041	123 
7042	187 
7043	307 
7044	58 
7045	63 
7046	401 
7047	280 
7048	344 
7049	155 
7050	296 
7051	174 
7052	266 
7053	108 
7054	54 
7055	189 
7056	307 
7057	317 
7058	367 
7059	396 
7060	111 
7061	322 
7062	342 
7063	350 
7064	113 
7065	174 
7066	107 
7067	111 
7068	68 
7069	367 
7070	36 
7071	29 
7072	281 
7073	311 
7074	254 
7075	209 
7076	261 
7077	54 
7078	161 
7079	314 
7080	96 
7081	370 
7082	218 
7083	142 
7084	352 
7085	78 
7086	112 
7087	44 
7088	177 
7089	262 
7090	259 
7091	57 
7092	48 
7093	402 
7094	238 
7095	36 
7096	147 
7097	409 
7098	283 
7099	364 
7100	316 
7101	343 
7102	51 
7103	244 
7104	219 
7105	288 
7106	303 
7107	178 
7108	266 
7109	174 
7110	280 
7111	333 
7112	179 
7113	34 
7114	208 
7115	29 
7116	264 
7117	19 
7118	234 
7119	314 
7120	303 
7121	356 
7122	349 
7123	33 
7124	168 
7125	110 
7126	300 
7127	87 
7128	171 
7129	266 
7130	410 
7131	357 
7132	185 
7133	180 
7134	256 
7135	42 
7136	410 
7137	120 
7138	89 
7139	397 
7140	177 
7141	327 
7142	206 
7143	114 
7144	371 
7145	321 
7146	293 
7147	284 
7148	4 
7149	85 
7150	83 
7151	317 
7152	168 
7153	29 
7154	127 
7155	122 
7156	29 
7157	352 
7158	190 
7159	33 
7160	237 
7161	139 
7162	304 
7163	54 
7164	163 
7165	199 
7166	16 
7167	133 
7168	195 
7169	305 
7170	351 
7171	111 
7172	197 
7173	180 
7174	44 
7175	136 
7176	312 
7177	113 
7178	409 
7179	349 
7180	130 
7181	119 
7182	207 
7183	397 
7184	328 
7185	107 
7186	152 
7187	202 
7188	306 
7189	24 
7190	227 
7191	42 
7192	367 
7193	399 
7194	89 
7195	334 
7196	61 
7197	89 
7198	100 
7199	344 
7200	107 
7201	65 
7202	276 
7203	389 
7204	107 
7205	123 
7206	228 
7207	359 
7208	91 
7209	307 
7210	145 
7211	368 
7212	66 
7213	142 
7214	359 
7215	134 
7216	165 
7217	309 
7218	293 
7219	256 
7220	385 
7221	122 
7222	54 
7223	341 
7224	346 
7225	295 
7226	170 
7227	101 
7228	300 
7229	119 
7230	234 
7231	324 
7232	103 
7233	206 
7234	368 
7235	385 
7236	360 
7237	367 
7238	294 
7239	115 
7240	25 
7241	187 
7242	300 
7243	210 
7244	109 
7245	140 
7246	112 
7247	203 
7248	356 
7249	151 
7250	303 
7251	44 
7252	333 
7253	88 
7254	137 
7255	30 
7256	395 
7257	356 
7258	30 
7259	328 
7260	290 
7261	342 
7262	228 
7263	178 
7264	281 
7265	377 
7266	176 
7267	399 
7268	217 
7269	397 
7270	28 
7271	29 
7272	362 
7273	377 
7274	35 
7275	139 
7276	75 
7277	375 
7278	349 
7279	177 
7280	154 
7281	174 
7282	52 
7283	353 
7284	308 
7285	281 
7286	345 
7287	280 
7288	362 
7289	396 
7290	103 
7291	353 
7292	125 
7293	191 
7294	389 
7295	393 
7296	311 
7297	407 
7298	167 
7299	76 
7300	371 
7301	351 
7302	131 
7303	371 
7304	273 
7305	219 
7306	174 
7307	29 
7308	18 
7309	359 
7310	342 
7311	232 
7312	240 
7313	396 
7314	286 
7315	178 
7316	343 
7317	180 
7318	363 
7319	6 
7320	383 
7321	54 
7322	285 
7323	314 
7324	88 
7325	16 
7326	327 
7327	33 
7328	195 
7329	91 
7330	163 
7331	8 
7332	407 
7333	388 
7334	112 
7335	161 
7336	33 
7337	349 
7338	271 
7339	139 
7340	8 
7341	353 
7342	252 
7343	152 
7344	196 
7345	146 
7346	263 
7347	199 
7348	146 
7349	343 
7350	404 
7351	112 
7352	46 
7353	228 
7354	87 
7355	145 
7356	44 
7357	229 
7358	385 
7359	299 
7360	92 
7361	23 
7362	145 
7363	322 
7364	63 
7365	361 
7366	131 
7367	399 
7368	132 
7369	23 
7370	188 
7371	144 
7372	381 
7373	168 
7374	139 
7375	144 
7376	359 
7377	9 
7378	286 
7379	211 
7380	224 
7381	318 
7382	326 
7383	183 
7384	198 
7385	308 
7386	68 
7387	366 
7388	87 
7389	201 
7390	144 
7391	186 
7392	93 
7393	209 
7394	90 
7395	75 
7396	251 
7397	240 
7398	102 
7399	330 
7400	321 
7401	107 
7402	325 
7403	188 
7404	409 
7405	351 
7406	95 
7407	355 
7408	221 
7409	318 
7410	51 
7411	165 
7412	280 
7413	117 
7414	342 
7415	172 
7416	96 
7417	335 
7418	149 
7419	45 
7420	352 
7421	261 
7422	63 
7423	331 
7424	368 
7425	142 
7426	271 
7427	113 
7428	176 
7429	367 
7430	63 
7431	385 
7432	170 
7433	79 
7434	83 
7435	119 
7436	244 
7437	360 
7438	285 
7439	114 
7440	238 
7441	189 
7442	117 
7443	170 
7444	262 
7445	372 
7446	293 
7447	342 
7448	151 
7449	34 
7450	360 
7451	24 
7452	392 
7453	363 
7454	358 
7455	317 
7456	10 
7457	17 
7458	341 
7459	290 
7460	51 
7461	321 
7462	244 
7463	347 
7464	225 
7465	358 
7466	334 
7467	294 
7468	199 
7469	186 
7470	214 
7471	117 
7472	20 
7473	112 
7474	97 
7475	139 
7476	239 
7477	248 
7478	295 
7479	170 
7480	266 
7481	79 
7482	406 
7483	197 
7484	316 
7485	209 
7486	177 
7487	60 
7488	172 
7489	359 
7490	249 
7491	169 
7492	261 
7493	328 
7494	128 
7495	168 
7496	346 
7497	118 
7498	173 
7499	329 
7500	309 
7501	108 
7502	389 
7503	89 
7504	198 
7505	152 
7506	84 
7507	212 
7508	39 
7509	223 
7510	139 
7511	21 
7512	12 
7513	231 
7514	123 
7515	49 
7516	341 
7517	347 
7518	241 
7519	196 
7520	109 
7521	66 
7522	258 
7523	320 
7524	229 
7525	298 
7526	378 
7527	254 
7528	90 
7529	259 
7530	42 
7531	168 
7532	280 
7533	327 
7534	108 
7535	308 
7536	321 
7537	100 
7538	217 
7539	329 
7540	39 
7541	4 
7542	329 
7543	88 
7544	279 
7545	236 
7546	35 
7547	230 
7548	98 
7549	1 
7550	382 
7551	243 
7552	36 
7553	349 
7554	288 
7555	249 
7556	285 
7557	410 
7558	346 
7559	106 
7560	363 
7561	378 
7562	16 
7563	174 
7564	147 
7565	129 
7566	371 
7567	341 
7568	59 
7569	76 
7570	160 
7571	378 
7572	329 
7573	277 
7574	51 
7575	177 
7576	400 
7577	108 
7578	280 
7579	330 
7580	61 
7581	144 
7582	155 
7583	89 
7584	107 
7585	406 
7586	303 
7587	180 
7588	146 
7589	395 
7590	362 
7591	121 
7592	8 
7593	27 
7594	110 
7595	91 
7596	208 
7597	388 
7598	68 
7599	270 
7600	48 
7601	25 
7602	229 
7603	366 
7604	142 
7605	318 
7606	141 
7607	297 
7608	228 
7609	58 
7610	393 
7611	318 
7612	370 
7613	76 
7614	361 
7615	257 
7616	87 
7617	206 
7618	8 
7619	332 
7620	54 
7621	32 
7622	54 
7623	396 
7624	60 
7625	177 
7626	248 
7627	34 
7628	252 
7629	254 
7630	197 
7631	60 
7632	121 
7633	346 
7634	78 
7635	258 
7636	99 
7637	383 
7638	202 
7639	355 
7640	374 
7641	224 
7642	39 
7643	59 
7644	139 
7645	106 
7646	112 
7647	54 
7648	196 
7649	352 
7650	20 
7651	262 
7652	297 
7653	235 
7654	297 
7655	110 
7656	51 
7657	152 
7658	20 
7659	385 
7660	8 
7661	61 
7662	67 
7663	244 
7664	362 
7665	9 
7666	121 
7667	398 
7668	270 
7669	405 
7670	351 
7671	318 
7672	291 
7673	203 
7674	315 
7675	16 
7676	76 
7677	152 
7678	285 
7679	199 
7680	288 
7681	159 
7682	354 
7683	402 
7684	214 
7685	243 
7686	192 
7687	319 
7688	217 
7689	160 
7690	122 
7691	163 
7692	17 
7693	93 
7694	144 
7695	406 
7696	297 
7697	247 
7698	349 
7699	336 
7700	93 
7701	362 
7702	222 
7703	200 
7704	175 
7705	44 
7706	363 
7707	81 
7708	63 
7709	175 
7710	307 
7711	168 
7712	286 
7713	62 
7714	310 
7715	178 
7716	391 
7717	306 
7718	368 
7719	18 
7720	367 
7721	112 
7722	163 
7723	177 
7724	133 
7725	368 
7726	399 
7727	4 
7728	82 
7729	48 
7730	82 
7731	235 
7732	147 
7733	335 
7734	407 
7735	9 
7736	364 
7737	173 
7738	118 
7739	406 
7740	195 
7741	364 
7742	398 
7743	219 
7744	108 
7745	165 
7746	42 
7747	205 
7748	49 
7749	345 
7750	269 
7751	119 
7752	159 
7753	372 
7754	404 
7755	358 
7756	259 
7757	39 
7758	106 
7759	402 
7760	293 
7761	2 
7762	224 
7763	241 
7764	342 
7765	276 
7766	51 
7767	31 
7768	327 
7769	264 
7770	224 
7771	349 
7772	60 
7773	317 
7774	298 
7775	44 
7776	257 
7777	321 
7778	219 
7779	23 
7780	142 
7781	108 
7782	29 
7783	287 
7784	128 
7785	85 
7786	132 
7787	207 
7788	45 
7789	114 
7790	1 
7791	119 
7792	186 
7793	309 
7794	123 
7795	321 
7796	319 
7797	251 
7798	335 
7799	66 
7800	198 
7801	176 
7802	21 
7803	70 
7804	144 
7805	293 
7806	135 
7807	257 
7808	281 
7809	275 
7810	322 
7811	174 
7812	371 
7813	271 
7814	212 
7815	115 
7816	30 
7817	287 
7818	128 
7819	240 
7820	179 
7821	396 
7822	391 
7823	173 
7824	222 
7825	273 
7826	59 
7827	223 
7828	404 
7829	364 
7830	238 
7831	369 
7832	403 
7833	32 
7834	30 
7835	232 
7836	189 
7837	223 
7838	371 
7839	200 
7840	261 
7841	286 
7842	342 
7843	238 
7844	54 
7845	342 
7846	342 
7847	314 
7848	223 
7849	275 
7850	358 
7851	78 
7852	279 
7853	103 
7854	9 
7855	208 
7856	6 
7857	317 
7858	52 
7859	67 
7860	276 
7861	30 
7862	188 
7863	103 
7864	115 
7865	88 
7866	67 
7867	151 
7868	245 
7869	175 
7870	106 
7871	177 
7872	35 
7873	298 
7874	18 
7875	317 
7876	303 
7877	275 
7878	140 
7879	52 
7880	281 
7881	174 
7882	254 
7883	408 
7884	219 
7885	199 
7886	383 
7887	167 
7888	270 
7889	314 
7890	15 
7891	175 
7892	44 
7893	378 
7894	155 
7895	271 
7896	48 
7897	310 
7898	9 
7899	263 
7900	70 
7901	281 
7902	51 
7903	35 
7904	96 
7905	196 
7906	317 
7907	322 
7908	108 
7909	170 
7910	301 
7911	236 
7912	157 
7913	188 
7914	322 
7915	280 
7916	124 
7917	170 
7918	109 
7919	237 
7920	291 
7921	61 
7922	35 
7923	404 
7924	358 
7925	144 
7926	154 
7927	43 
7928	369 
7929	386 
7930	154 
7931	27 
7932	208 
7933	59 
7934	244 
7935	28 
7936	410 
7937	12 
7938	223 
7939	333 
7940	233 
7941	79 
7942	63 
7943	227 
7944	324 
7945	15 
7946	369 
7947	205 
7948	245 
7949	264 
7950	103 
7951	18 
7952	406 
7953	280 
7954	246 
7955	258 
7956	308 
7957	361 
7958	192 
7959	397 
7960	254 
7961	257 
7962	183 
7963	174 
7964	336 
7965	17 
7966	368 
7967	122 
7968	263 
7969	318 
7970	88 
7971	22 
7972	10 
7973	27 
7974	60 
7975	194 
7976	43 
7977	63 
7978	114 
7979	63 
7980	330 
7981	160 
7982	17 
7983	261 
7984	97 
7985	396 
7986	264 
7987	383 
7988	285 
7989	177 
7990	170 
7991	291 
7992	141 
7993	59 
7994	358 
7995	258 
7996	382 
7997	396 
7998	325 
7999	195 
8000	110 
8001	342 
8002	230 
8003	231 
8004	237 
8005	403 
8006	4 
8007	307 
8008	388 
8009	240 
8010	367 
8011	161 
8012	264 
8013	212 
8014	142 
8015	277 
8016	270 
8017	265 
8018	289 
8019	70 
8020	291 
8021	68 
8022	320 
8023	159 
8024	130 
8025	305 
8026	298 
8027	360 
8028	340 
8029	161 
8030	26 
8031	300 
8032	369 
8033	281 
8034	130 
8035	302 
8036	300 
8037	95 
8038	300 
8039	48 
8040	138 
8041	193 
8042	34 
8043	122 
8044	395 
8045	265 
8046	214 
8047	234 
8048	399 
8049	61 
8050	17 
8051	131 
8052	187 
8053	2 
8054	112 
8055	69 
8056	98 
8057	177 
8058	19 
8059	297 
8060	240 
8061	139 
8062	368 
8063	102 
8064	29 
8065	364 
8066	363 
8067	273 
8068	186 
8069	151 
8070	206 
8071	397 
8072	179 
8073	106 
8074	223 
8075	334 
8076	192 
8077	185 
8078	336 
8079	210 
8080	20 
8081	76 
8082	392 
8083	318 
8084	152 
8085	239 
8086	293 
8087	137 
8088	321 
8089	146 
8090	106 
8091	300 
8092	249 
8093	58 
8094	62 
8095	275 
8096	318 
8097	310 
8098	251 
8099	316 
8100	97 
8101	321 
8102	164 
8103	397 
8104	191 
8105	277 
8106	327 
8107	303 
8108	248 
8109	84 
8110	27 
8111	63 
8112	245 
8113	376 
8114	299 
8115	297 
8116	324 
8117	152 
8118	140 
8119	315 
8120	115 
8121	264 
8122	20 
8123	349 
8124	195 
8125	66 
8126	317 
8127	187 
8128	254 
8129	175 
8130	289 
8131	58 
8132	168 
8133	109 
8134	359 
8135	121 
8136	119 
8137	403 
8138	245 
8139	121 
8140	248 
8141	408 
8142	191 
8143	246 
8144	70 
8145	52 
8146	364 
8147	271 
8148	226 
8149	277 
8150	342 
8151	155 
8152	155 
8153	257 
8154	388 
8155	146 
8156	36 
8157	106 
8158	96 
8159	137 
8160	280 
8161	135 
8162	4 
8163	164 
8164	199 
8165	42 
8166	283 
8167	303 
8168	289 
8169	336 
8170	269 
8171	114 
8172	44 
8173	410 
8174	249 
8175	92 
8176	96 
8177	34 
8178	138 
8179	234 
8180	386 
8181	210 
8182	95 
8183	8 
8184	327 
8185	20 
8186	323 
8187	30 
8188	149 
8189	378 
8190	295 
8191	193 
8192	308 
8193	236 
8194	124 
8195	383 
8196	186 
8197	257 
8198	212 
8199	226 
8200	93 
8201	321 
8202	95 
8203	159 
8204	121 
8205	324 
8206	393 
8207	222 
8208	88 
8209	31 
8210	101 
8211	240 
8212	233 
8213	102 
8214	160 
8215	85 
8216	245 
8217	403 
8218	395 
8219	60 
8220	342 
8221	138 
8222	103 
8223	29 
8224	252 
8225	19 
8226	189 
8227	55 
8228	406 
8229	264 
8230	236 
8231	314 
8232	177 
8233	9 
8234	210 
8235	151 
8236	277 
8237	88 
8238	174 
8239	262 
8240	393 
8241	112 
8242	286 
8243	103 
8244	180 
8245	177 
8246	103 
8247	233 
8248	273 
8249	291 
8250	128 
8251	289 
8252	96 
8253	283 
8254	25 
8255	36 
8256	21 
8257	75 
8258	280 
8259	252 
8260	122 
8261	29 
8262	203 
8263	123 
8264	235 
8265	330 
8266	110 
8267	47 
8268	332 
8269	159 
8270	203 
8271	315 
8272	335 
8273	393 
8274	274 
8275	351 
8276	359 
8277	256 
8278	321 
8279	15 
8280	408 
8281	165 
8282	254 
8283	370 
8284	303 
8285	40 
8286	188 
8287	106 
8288	391 
8289	8 
8290	55 
8291	237 
8292	90 
8293	176 
8294	306 
8295	356 
8296	268 
8297	276 
8298	23 
8299	187 
8300	43 
8301	112 
8302	51 
8303	140 
8304	262 
8305	99 
8306	352 
8307	69 
8308	273 
8309	22 
8310	160 
8311	271 
8312	371 
8313	173 
8314	17 
8315	123 
8316	121 
8317	133 
8318	49 
8319	276 
8320	6 
8321	176 
8322	117 
8323	301 
8324	382 
8325	163 
8326	230 
8327	4 
8328	340 
8329	8 
8330	320 
8331	253 
8332	114 
8333	300 
8334	152 
8335	309 
8336	47 
8337	127 
8338	34 
8339	293 
8340	382 
8341	249 
8342	106 
8343	79 
8344	226 
8345	317 
8346	78 
8347	219 
8348	18 
8349	368 
8350	340 
8351	24 
8352	394 
8353	371 
8354	248 
8355	10 
8356	152 
8357	106 
8358	186 
8359	301 
8360	407 
8361	306 
8362	236 
8363	351 
8364	12 
8365	160 
8366	36 
8367	362 
8368	306 
8369	314 
8370	253 
8371	34 
8372	280 
8373	141 
8374	309 
8375	219 
8376	298 
8377	30 
8378	303 
8379	122 
8380	90 
8381	193 
8382	261 
8383	23 
8384	349 
8385	378 
8386	112 
8387	303 
8388	287 
8389	76 
8390	157 
8391	188 
8392	76 
8393	123 
8394	333 
8395	66 
8396	51 
8397	362 
8398	293 
8399	132 
8400	125 
8401	244 
8402	370 
8403	67 
8404	2 
8405	6 
8406	113 
8407	135 
8408	125 
8409	51 
8410	248 
8411	223 
8412	88 
8413	120 
8414	146 
8415	188 
8416	219 
8417	355 
8418	395 
8419	240 
8420	117 
8421	368 
8422	55 
8423	374 
8424	403 
8425	78 
8426	347 
8427	335 
8428	248 
8429	189 
8430	353 
8431	347 
8432	208 
8433	291 
8434	320 
8435	367 
8436	271 
8437	191 
8438	383 
8439	67 
8440	160 
8441	186 
8442	322 
8443	265 
8444	23 
8445	3 
8446	335 
8447	174 
8448	314 
8449	60 
8450	32 
8451	19 
8452	410 
8453	34 
8454	36 
8455	353 
8456	359 
8457	327 
8458	279 
8459	24 
8460	364 
8461	23 
8462	119 
8463	368 
8464	154 
8465	239 
8466	254 
8467	367 
8468	396 
8469	394 
8470	369 
8471	353 
8472	59 
8473	224 
8474	298 
8475	273 
8476	369 
8477	220 
8478	341 
8479	340 
8480	409 
8481	214 
8482	109 
8483	287 
8484	28 
8485	368 
8486	119 
8487	17 
8488	192 
8489	199 
8490	361 
8491	16 
8492	269 
8493	2 
8494	395 
8495	26 
8496	78 
8497	192 
8498	23 
8499	140 
8500	327 
8501	125 
8502	119 
8503	261 
8504	193 
8505	397 
8506	210 
8507	139 
8508	192 
8509	378 
8510	214 
8511	69 
8512	351 
8513	283 
8514	330 
8515	115 
8516	96 
8517	183 
8518	249 
8519	237 
8520	26 
8521	214 
8522	18 
8523	25 
8524	198 
8525	81 
8526	155 
8527	259 
8528	173 
8529	175 
8530	163 
8531	367 
8532	21 
8533	365 
8534	239 
8535	185 
8536	85 
8537	271 
8538	24 
8539	183 
8540	47 
8541	203 
8542	330 
8543	283 
8544	234 
8545	91 
8546	25 
8547	211 
8548	79 
8549	43 
8550	317 
8551	155 
8552	93 
8553	165 
8554	44 
8555	185 
8556	130 
8557	92 
8558	257 
8559	366 
8560	59 
8561	140 
8562	329 
8563	61 
8564	161 
8565	212 
8566	35 
8567	381 
8568	280 
8569	369 
8570	321 
8571	123 
8572	235 
8573	119 
8574	224 
8575	9 
8576	109 
8577	95 
8578	194 
8579	174 
8580	187 
8581	234 
8582	293 
8583	362 
8584	7 
8585	172 
8586	51 
8587	335 
8588	206 
8589	336 
8590	188 
8591	402 
8592	49 
8593	224 
8594	236 
8595	130 
8596	249 
8597	159 
8598	124 
8599	79 
8600	98 
8601	30 
8602	406 
8603	235 
8604	205 
8605	170 
8606	161 
8607	381 
8608	382 
8609	200 
8610	341 
8611	93 
8612	251 
8613	214 
8614	219 
8615	391 
8616	78 
8617	93 
8618	382 
8619	241 
8620	78 
8621	391 
8622	287 
8623	226 
8624	370 
8625	284 
8626	161 
8627	69 
8628	142 
8629	42 
8630	7 
8631	280 
8632	125 
8633	391 
8634	189 
8635	315 
8636	140 
8637	183 
8638	20 
8639	340 
8640	210 
8641	383 
8642	82 
8643	283 
8644	59 
8645	51 
8646	307 
8647	137 
8648	369 
8649	81 
8650	34 
8651	315 
8652	109 
8653	152 
8654	220 
8655	279 
8656	325 
8657	120 
8658	47 
8659	96 
8660	239 
8661	219 
8662	95 
8663	323 
8664	306 
8665	244 
8666	212 
8667	120 
8668	40 
8669	328 
8670	317 
8671	78 
8672	385 
8673	69 
8674	160 
8675	301 
8676	123 
8677	241 
8678	303 
8679	194 
8680	18 
8681	63 
8682	26 
8683	374 
8684	369 
8685	188 
8686	78 
8687	368 
8688	56 
8689	199 
8690	173 
8691	219 
8692	355 
8693	10 
8694	385 
8695	60 
8696	92 
8697	154 
8698	76 
8699	22 
8700	258 
8701	36 
8702	190 
8703	189 
8704	137 
8705	69 
8706	368 
8707	49 
8708	343 
8709	352 
8710	349 
8711	24 
8712	138 
8713	44 
8714	199 
8715	305 
8716	103 
8717	210 
8718	36 
8719	112 
8720	203 
8721	200 
8722	98 
8723	18 
8724	332 
8725	113 
8726	219 
8727	63 
8728	395 
8729	395 
8730	68 
8731	199 
8732	64 
8733	359 
8734	267 
8735	229 
8736	249 
8737	54 
8738	180 
8739	396 
8740	51 
8741	342 
8742	407 
8743	194 
8744	355 
8745	305 
8746	382 
8747	324 
8748	155 
8749	127 
8750	269 
8751	146 
8752	56 
8753	405 
8754	211 
8755	25 
8756	139 
8757	287 
8758	48 
8759	124 
8760	397 
8761	323 
8762	329 
8763	190 
8764	56 
8765	93 
8766	244 
8767	95 
8768	146 
8769	141 
8770	249 
8771	122 
8772	409 
8773	102 
8774	321 
8775	287 
8776	159 
8777	51 
8778	330 
8779	363 
8780	299 
8781	59 
8782	82 
8783	229 
8784	318 
8785	194 
8786	103 
8787	192 
8788	243 
8789	330 
8790	34 
8791	6 
8792	113 
8793	235 
8794	15 
8795	49 
8796	317 
8797	18 
8798	1 
8799	320 
8800	273 
8801	287 
8802	200 
8803	336 
8804	249 
8805	146 
8806	196 
8807	16 
8808	383 
8809	407 
8810	342 
8811	36 
8812	343 
8813	219 
8814	391 
8815	51 
8816	119 
8817	19 
8818	61 
8819	172 
8820	30 
8821	314 
8822	345 
8823	203 
8824	29 
8825	243 
8826	173 
8827	9 
8828	82 
8829	352 
8830	238 
8831	236 
8832	369 
8833	303 
8834	173 
8835	322 
8836	34 
8837	4 
8838	263 
8839	299 
8840	352 
8841	370 
8842	119 
8843	355 
8844	236 
8845	170 
8846	365 
8847	120 
8848	157 
8849	30 
8850	354 
8851	340 
8852	187 
8853	79 
8854	43 
8855	368 
8856	410 
8857	91 
8858	405 
8859	159 
8860	160 
8861	106 
8862	113 
8863	208 
8864	29 
8865	210 
8866	343 
8867	251 
8868	180 
8869	189 
8870	329 
8871	331 
8872	359 
8873	344 
8874	320 
8875	262 
8876	245 
8877	124 
8878	359 
8879	291 
8880	191 
8881	63 
8882	378 
8883	219 
8884	161 
8885	138 
8886	199 
8887	210 
8888	44 
8889	24 
8890	34 
8891	214 
8892	157 
8893	342 
8894	396 
8895	146 
8896	102 
8897	264 
8898	354 
8899	367 
8900	29 
8901	187 
8902	56 
8903	239 
8904	28 
8905	59 
8906	224 
8907	120 
8908	366 
8909	63 
8910	110 
8911	265 
8912	248 
8913	396 
8914	395 
8915	298 
8916	127 
8917	170 
8918	76 
8919	36 
8920	161 
8921	89 
8922	174 
8923	7 
8924	152 
8925	3 
8926	353 
8927	115 
8928	10 
8929	28 
8930	199 
8931	318 
8932	340 
8933	175 
8934	31 
8935	187 
8936	297 
8937	35 
8938	351 
8939	212 
8940	226 
8941	208 
8942	175 
8943	49 
8944	248 
8945	283 
8946	244 
8947	168 
8948	276 
8949	78 
8950	85 
8951	268 
8952	88 
8953	34 
8954	315 
8955	128 
8956	368 
8957	128 
8958	78 
8959	347 
8960	330 
8961	273 
8962	254 
8963	8 
8964	347 
8965	382 
8966	327 
8967	32 
8968	409 
8969	141 
8970	155 
8971	88 
8972	241 
8973	139 
8974	170 
8975	320 
8976	301 
8977	374 
8978	331 
8979	363 
8980	78 
8981	79 
8982	25 
8983	387 
8984	245 
8985	4 
8986	238 
8987	281 
8988	262 
8989	246 
8990	141 
8991	246 
8992	409 
8993	9 
8994	42 
8995	135 
8996	157 
8997	109 
8998	25 
8999	229 
9000	117 
9001	238 
9002	371 
9003	69 
9004	314 
9005	212 
9006	381 
9007	49 
9008	179 
9009	179 
9010	341 
9011	391 
9012	18 
9013	8 
9014	280 
9015	256 
9016	253 
9017	79 
9018	275 
9019	372 
9020	271 
9021	283 
9022	137 
9023	188 
9024	122 
9025	4 
9026	24 
9027	106 
9028	47 
9029	285 
9030	128 
9031	35 
9032	141 
9033	88 
9034	212 
9035	346 
9036	406 
9037	194 
9038	244 
9039	119 
9040	78 
9041	205 
9042	185 
9043	240 
9044	367 
9045	236 
9046	244 
9047	4 
9048	19 
9049	95 
9050	276 
9051	108 
9052	82 
9053	68 
9054	179 
9055	10 
9056	286 
9057	177 
9058	320 
9059	103 
9060	362 
9061	2 
9062	36 
9063	257 
9064	244 
9065	88 
9066	385 
9067	196 
9068	98 
9069	346 
9070	324 
9071	9 
9072	170 
9073	91 
9074	268 
9075	321 
9076	122 
9077	155 
9078	194 
9079	81 
9080	261 
9081	119 
9082	371 
9083	102 
9084	122 
9085	346 
9086	119 
9087	68 
9088	208 
9089	175 
9090	286 
9091	328 
9092	369 
9093	79 
9094	314 
9095	394 
9096	113 
9097	30 
9098	285 
9099	276 
9100	353 
9101	76 
9102	3 
9103	66 
9104	407 
9105	29 
9106	383 
9107	144 
9108	381 
9109	359 
9110	404 
9111	28 
9112	277 
9113	236 
9114	291 
9115	408 
9116	322 
9117	106 
9118	48 
9119	300 
9120	106 
9121	135 
9122	281 
9123	342 
9124	361 
9125	161 
9126	159 
9127	76 
9128	349 
9129	170 
9130	168 
9131	201 
9132	336 
9133	410 
9134	39 
9135	406 
9136	264 
9137	385 
9138	106 
9139	328 
9140	371 
9141	140 
9142	137 
9143	212 
9144	28 
9145	229 
9146	251 
9147	378 
9148	76 
9149	327 
9150	252 
9151	30 
9152	244 
9153	346 
9154	325 
9155	280 
9156	262 
9157	127 
9158	122 
9159	256 
9160	177 
9161	332 
9162	276 
9163	198 
9164	3 
9165	174 
9166	324 
9167	210 
9168	230 
9169	130 
9170	362 
9171	102 
9172	324 
9173	264 
9174	174 
9175	316 
9176	121 
9177	369 
9178	276 
9179	19 
9180	120 
9181	123 
9182	264 
9183	42 
9184	249 
9185	185 
9186	131 
9187	161 
9188	332 
9189	192 
9190	283 
9191	237 
9192	387 
9193	128 
9194	3 
9195	280 
9196	115 
9197	316 
9198	287 
9199	30 
9200	211 
9201	387 
9202	263 
9203	120 
9204	212 
9205	208 
9206	307 
9207	4 
9208	137 
9209	102 
9210	212 
9211	249 
9212	49 
9213	237 
9214	344 
9215	173 
9216	316 
9217	258 
9218	397 
9219	295 
9220	188 
9221	108 
9222	281 
9223	258 
9224	398 
9225	107 
9226	410 
9227	281 
9228	19 
9229	280 
9230	364 
9231	211 
9232	349 
9233	130 
9234	211 
9235	276 
9236	366 
9237	25 
9238	358 
9239	170 
9240	291 
9241	387 
9242	130 
9243	354 
9244	224 
9245	131 
9246	131 
9247	271 
9248	382 
9249	48 
9250	327 
9251	273 
9252	316 
9253	327 
9254	331 
9255	286 
9256	286 
9257	88 
9258	280 
9259	28 
9260	115 
9261	42 
9262	264 
9263	160 
9264	4 
9265	404 
9266	121 
9267	175 
9268	177 
9269	106 
9270	327 
9271	321 
9272	405 
9273	208 
9274	320 
9275	161 
9276	297 
9277	286 
9278	98 
9279	281 
9280	170 
9281	327 
9282	59 
9283	160 
9284	212 
9285	253 
9286	137 
9287	4 
9288	277 
9289	109 
9290	398 
9291	396 
9292	108 
9293	276 
9294	244 
9295	264 
9296	18 
9297	6 
9298	295 
9299	249 
9300	224 
9301	96 
9302	159 
9303	168 
9304	34 
9305	237 
9306	368 
9307	6 
9308	208 
9309	331 
9310	121 
9311	115 
9312	322 
9313	39 
9314	82 
9315	152 
9316	364 
9317	396 
9318	343 
9319	18 
9320	96 
9321	30 
9322	237 
9323	183 
9324	128 
9325	391 
9326	303 
9327	28 
9328	396 
9329	359 
9330	18 
9331	170 
9332	54 
9333	246 
9334	328 
9335	342 
9336	404 
9337	142 
9338	144 
9339	378 
9340	229 
9341	79 
9342	332 
9343	381 
9344	253 
9345	17 
9346	115 
9347	91 
9348	402 
9349	264 
9350	106 
9351	237 
9352	336 
9353	363 
9354	371 
9355	79 
9356	236 
9357	369 
9358	307 
9359	324 
9360	174 
9361	141 
9362	408 
9363	315 
9364	188 
9365	393 
9366	212 
9367	371 
9368	336 
9369	244 
9370	295 
9371	297 
9372	249 
9373	295 
9374	88 
9375	42 
9376	268 
9377	256 
9378	177 
9379	276 
9380	139 
9381	170 
9382	123 
9383	346 
9384	34 
9385	359 
9386	177 
9387	119 
9388	78 
9389	404 
9390	4 
9391	127 
9392	159 
9393	407 
9394	397 
9395	127 
9396	177 
9397	295 
9398	264 
9399	383 
9400	34 
9401	103 
9402	408 
9403	291 
9404	381 
9405	29 
9406	353 
9407	320 
9408	205 
9409	398 
9410	214 
9411	244 
9412	114 
9413	359 
9414	192 
9415	172 
9416	139 
9417	16 
9418	346 
9419	349 
9420	264 
9421	107 
9422	344 
9423	168 
9424	155 
9425	409 
9426	246 
9427	327 
9428	287 
9429	315 
9430	42 
9431	347 
9432	237 
9433	88 
9434	309 
9435	363 
9436	283 
9437	230 
9438	239 
9439	137 
9440	236 
9441	391 
9442	87 
9443	98 
9444	66 
9445	120 
9446	32 
9447	391 
9448	317 
9449	346 
9450	349 
9451	3 
9452	281 
9453	276 
9454	332 
9455	212 
9456	170 
9457	19 
9458	210 
9459	295 
9460	194 
9461	307 
9462	203 
9463	87 
9464	315 
9465	173 
9466	366 
9467	155 
9468	35 
9469	146 
9470	402 
9471	402 
9472	346 
9473	249 
9474	66 
9475	249 
9476	66 
9477	297 
9478	364 
9479	251 
9480	363 
9481	318 
9482	30 
9483	246 
9484	240 
9485	140 
9486	68 
9487	320 
9488	51 
9489	332 
9490	79 
9491	200 
9492	211 
9493	25 
9494	87 
9495	23 
9496	317 
9497	364 
9498	96 
9499	76 
9500	203 
9501	82 
9502	281 
9503	391 
9504	172 
9505	17 
9506	239 
9507	369 
9508	353 
9509	88 
9510	208 
9511	363 
9512	287 
9513	280 
9514	410 
9515	98 
9516	122 
9517	346 
9518	28 
9519	26 
9520	309 
9521	177 
9522	224 
9523	347 
9524	87 
9525	192 
9526	346 
9527	160 
9528	344 
9529	59 
9530	396 
9531	306 
9532	144 
9533	397 
9534	318 
9535	328 
9536	135 
9537	271 
9538	328 
9539	291 
9540	402 
9541	121 
9542	240 
9543	152 
9544	408 
9545	122 
9546	258 
9547	346 
9548	258 
9549	76 
9550	51 
9551	152 
9552	371 
9553	42 
9554	114 
9555	321 
9556	109 
9557	102 
9558	300 
9559	61 
9560	102 
9561	385 
9562	26 
9563	93 
9564	212 
9565	61 
9566	244 
9567	394 
9568	343 
9569	102 
9570	407 
9571	140 
9572	29 
9573	135 
9574	135 
9575	371 
9576	144 
9577	318 
9578	188 
9579	324 
9580	199 
9581	201 
9582	251 
9583	188 
9584	18 
9585	88 
9586	383 
9587	219 
9588	385 
9589	2 
9590	210 
9591	402 
9592	363 
9593	363 
9594	19 
9595	189 
9596	103 
9597	139 
9598	36 
9599	327 
9600	29 
9601	159 
9602	406 
9603	154 
9604	386 
9605	9 
9606	54 
9607	208 
9608	315 
9609	210 
9610	261 
9611	79 
9612	364 
9613	238 
9614	96 
9615	349 
9616	47 
9617	54 
9618	54 
9619	155 
9620	366 
9621	293 
9622	157 
9623	346 
9624	152 
9625	262 
9626	161 
9627	31 
9628	49 
9629	122 
9630	320 
9631	208 
9632	239 
9633	274 
9634	196 
9635	19 
9636	157 
9637	68 
9638	192 
9639	87 
9640	112 
9641	238 
9642	146 
9643	9 
9644	236 
9645	155 
9646	68 
9647	382 
9648	121 
9649	349 
9650	240 
9651	235 
9652	188 
9653	372 
9654	329 
9655	34 
9656	60 
9657	69 
9658	135 
9659	280 
9660	393 
9661	87 
9662	174 
9663	396 
9664	396 
9665	286 
9666	306 
9667	372 
9668	224 
9669	321 
9670	185 
9671	239 
9672	98 
9673	208 
9674	287 
9675	93 
9676	106 
9677	106 
9678	381 
9679	212 
9680	314 
9681	410 
9682	155 
9683	44 
9684	261 
9685	283 
9686	367 
9687	140 
9688	120 
9689	122 
9690	146 
9691	237 
9692	407 
9693	280 
9694	36 
9695	251 
9696	396 
9697	9 
9698	66 
9699	402 
9700	309 
9701	307 
9702	121 
9703	87 
9704	183 
9705	346 
9706	208 
9707	119 
9708	391 
9709	154 
9710	32 
9711	48 
9712	336 
9713	123 
9714	371 
9715	406 
9716	205 
9717	93 
9718	28 
9719	144 
9720	341 
9721	274 
9722	281 
9723	387 
9724	96 
9725	262 
9726	187 
9727	386 
9728	16 
9729	214 
9730	2 
9731	336 
9732	196 
9733	381 
9734	381 
9735	359 
9736	368 
9737	59 
9738	396 
9739	210 
9740	364 
9741	329 
9742	187 
9743	170 
9744	29 
9745	47 
9746	387 
9747	203 
9748	381 
9749	367 
9750	314 
9751	122 
9752	307 
9753	309 
9754	235 
9755	324 
9756	157 
9757	103 
9758	123 
9759	82 
9760	328 
9761	30 
9762	114 
9763	276 
9764	327 
9765	212 
9766	249 
9767	183 
9768	25 
9769	346 
9770	367 
9771	174 
9772	368 
9773	328 
9774	239 
9775	368 
9776	142 
9777	185 
9778	291 
9779	393 
9780	307 
9781	196 
9782	1 
9783	192 
9784	369 
9785	157 
9786	31 
9787	44 
9788	69 
9789	283 
9790	93 
9791	342 
9792	87 
9793	120 
9794	114 
9795	32 
9796	397 
9797	340 
9798	306 
9799	398 
9800	235 
9801	106 
9802	257 
9803	34 
9804	330 
9805	141 
9806	177 
9807	235 
9808	342 
9809	208 
9810	128 
9811	297 
9812	340 
9813	76 
9814	4 
9815	107 
9816	159 
9817	69 
9818	203 
9819	25 
9820	382 
9821	1 
9822	185 
9823	405 
9824	303 
9825	321 
9826	327 
9827	130 
9828	265 
9829	192 
9830	224 
9831	183 
9832	160 
9833	23 
9834	32 
9835	159 
9836	291 
9837	391 
9838	54 
9839	76 
9840	214 
9841	54 
9842	160 
9843	9 
9844	26 
9845	82 
9846	382 
9847	144 
9848	345 
9849	328 
9850	48 
9851	26 
9852	368 
9853	34 
9854	303 
9855	307 
9856	1 
9857	69 
9858	382 
9859	183 
9860	185 
9861	28 
9862	344 
9863	372 
9864	109 
9865	306 
9866	185 
9867	363 
9868	32 
9869	203 
9870	106 
9871	336 
9872	130 
9873	363 
9874	346 
9875	160 
9876	146 
9877	362 
9878	262 
9879	192 
9880	161 
9881	199 
9882	69 
9883	44 
9884	398 
9885	69 
9886	264 
9887	280 
9888	119 
9889	324 
9890	16 
9891	387 
9892	370 
9893	340 
9894	16 
9895	238 
9896	344 
9897	106 
9898	396 
9899	128 
9900	174 
9901	281 
9902	59 
9903	119 
9904	219 
9905	170 
9906	142 
9907	78 
9908	257 
9909	214 
9910	291 
9911	144 
9912	144 
9913	200 
9914	214 
9915	402 
9916	364 
9917	364 
9918	68 
9919	394 
9920	404 
9921	9 
9922	238 
9923	246 
9924	29 
9925	103 
9926	378 
9927	183 
9928	87 
9929	364 
9930	88 
9931	224 
9932	76 
9933	238 
9934	410 
9935	264 
9936	199 
9937	63 
9938	238 
9939	332 
9940	196 
9941	103 
9942	332 
9943	88 
9944	198 
9945	402 
9946	324 
9947	208 
9948	394 
9949	368 
9950	347 
9951	382 
9952	281 
9953	378 
9954	122 
9955	394 
9956	235 
9957	168 
9958	76 
9959	139 
9960	159 
9961	246 
9962	106 
9963	98 
9964	108 
9965	246 
9966	159 
9967	161 
9968	324 
9969	246 
9970	120 
9971	30 
9972	397 
9973	246 
9974	261 
9975	59 
9976	287 
9977	16 
9978	397 
9979	34 
9980	309 
9981	344 
9982	1 
9983	410 
9984	331 
9985	128 
9986	30 
9987	383 
9988	324 
9989	175 
9990	76 
9991	63 
9992	306 
9993	246 
9994	404 
9995	363 
9996	157 
9997	168 
9998	406 
9999	303 
10000	76 
