1	9 
2	87 
3	36 
4	50 
5	76 
6	56 
7	62 
8	37 
9	6 
10	4 
11	64 
12	3 
13	29 
14	38 
15	47 
16	71 
17	48 
18	31 
19	7 
20	54 
21	55 
22	76 
23	77 
24	71 
25	46 
26	72 
27	74 
28	77 
29	12 
30	34 
31	41 
32	56 
33	13 
34	16 
35	47 
36	15 
37	27 
38	54 
39	35 
40	85 
41	47 
42	68 
43	50 
44	6 
45	25 
46	71 
47	14 
48	74 
49	75 
50	15 
51	47 
52	42 
53	81 
54	76 
55	83 
56	72 
57	38 
58	33 
59	13 
60	83 
61	8 
62	11 
63	8 
64	68 
65	2 
66	63 
67	30 
68	39 
69	21 
70	28 
71	81 
72	13 
73	2 
74	74 
75	50 
76	7 
77	70 
78	43 
79	87 
80	82 
81	39 
82	41 
83	13 
84	65 
85	49 
86	4 
87	65 
88	18 
89	78 
90	88 
91	82 
92	25 
93	7 
94	86 
95	4 
96	82 
97	62 
98	14 
99	88 
100	54 
101	77 
102	50 
103	69 
104	50 
105	41 
106	34 
107	76 
108	37 
109	42 
110	19 
111	60 
112	43 
113	21 
114	21 
115	9 
116	6 
117	18 
118	62 
119	41 
120	36 
121	73 
122	25 
123	18 
124	79 
125	63 
126	31 
127	57 
128	45 
129	1 
130	85 
131	74 
132	73 
133	55 
134	74 
135	29 
136	10 
137	40 
138	55 
139	59 
140	38 
141	40 
142	71 
143	26 
144	50 
145	8 
146	23 
147	18 
148	58 
149	19 
150	38 
151	7 
152	47 
153	22 
154	71 
155	19 
156	73 
157	50 
158	14 
159	57 
160	33 
161	59 
162	54 
163	16 
164	39 
165	47 
166	27 
167	86 
168	43 
169	47 
170	14 
171	35 
172	47 
173	86 
174	83 
175	78 
176	32 
177	84 
178	10 
179	80 
180	69 
181	79 
182	35 
183	24 
184	88 
185	12 
186	78 
187	83 
188	79 
189	32 
190	50 
191	66 
192	65 
193	72 
194	60 
195	52 
196	69 
197	86 
198	76 
199	69 
200	43 
201	46 
202	23 
203	80 
204	45 
205	21 
206	15 
207	68 
208	33 
209	60 
210	21 
211	49 
212	18 
213	28 
214	85 
215	59 
216	24 
217	56 
218	87 
219	19 
220	36 
221	54 
222	14 
223	8 
224	61 
225	55 
226	21 
227	38 
228	20 
229	62 
230	28 
231	83 
232	54 
233	27 
234	71 
235	80 
236	35 
237	71 
238	47 
239	42 
240	10 
241	34 
242	76 
243	1 
244	23 
245	74 
246	37 
247	83 
248	78 
249	72 
250	1 
251	83 
252	3 
253	60 
254	51 
255	63 
256	14 
257	3 
258	65 
259	12 
260	23 
261	88 
262	47 
263	64 
264	73 
265	23 
266	46 
267	38 
268	70 
269	9 
270	59 
271	34 
272	46 
273	7 
274	81 
275	54 
276	32 
277	54 
278	63 
279	62 
280	5 
281	9 
282	55 
283	20 
284	12 
285	6 
286	27 
287	41 
288	36 
289	62 
290	40 
291	37 
292	71 
293	7 
294	45 
295	38 
296	38 
297	41 
298	55 
299	31 
300	45 
301	24 
302	15 
303	34 
304	18 
305	81 
306	85 
307	83 
308	27 
309	81 
310	41 
311	16 
312	15 
313	65 
314	5 
315	69 
316	76 
317	73 
318	69 
319	52 
320	73 
321	43 
322	85 
323	14 
324	34 
325	7 
326	50 
327	55 
328	12 
329	21 
330	2 
331	38 
332	69 
333	50 
334	85 
335	84 
336	55 
337	52 
338	85 
339	40 
340	84 
341	25 
342	80 
343	22 
344	23 
345	47 
346	62 
347	70 
348	77 
349	27 
350	16 
351	20 
352	43 
353	75 
354	14 
355	60 
356	35 
357	26 
358	5 
359	78 
360	1 
361	87 
362	54 
363	13 
364	45 
365	64 
366	78 
367	79 
368	18 
369	68 
370	22 
371	76 
372	61 
373	47 
374	24 
375	66 
376	85 
377	14 
378	79 
379	85 
380	41 
381	42 
382	43 
383	5 
384	85 
385	65 
386	11 
387	59 
388	68 
389	62 
390	73 
391	3 
392	17 
393	38 
394	30 
395	25 
396	77 
397	41 
398	35 
399	19 
400	50 
401	79 
402	24 
403	25 
404	57 
405	13 
406	48 
407	35 
408	39 
409	54 
410	68 
411	1 
412	10 
413	44 
414	12 
415	59 
416	24 
417	15 
418	51 
419	23 
420	47 
421	14 
422	46 
423	3 
424	39 
425	25 
426	71 
427	21 
428	37 
429	25 
430	64 
431	9 
432	40 
433	66 
434	18 
435	59 
436	3 
437	15 
438	40 
439	4 
440	11 
441	13 
442	62 
443	46 
444	37 
445	74 
446	25 
447	29 
448	60 
449	3 
450	75 
451	15 
452	84 
453	55 
454	31 
455	77 
456	79 
457	53 
458	13 
459	38 
460	40 
461	52 
462	30 
463	62 
464	46 
465	84 
466	10 
467	45 
468	71 
469	22 
470	86 
471	32 
472	80 
473	7 
474	25 
475	78 
476	27 
477	38 
478	88 
479	70 
480	33 
481	45 
482	47 
483	10 
484	86 
485	83 
486	61 
487	88 
488	66 
489	31 
490	1 
491	18 
492	71 
493	33 
494	44 
495	8 
496	78 
497	65 
498	3 
499	80 
500	18 
501	68 
502	34 
503	42 
504	17 
505	76 
506	41 
507	34 
508	61 
509	51 
510	51 
511	84 
512	65 
513	82 
514	22 
515	63 
516	26 
517	36 
518	71 
519	57 
520	35 
521	11 
522	42 
523	71 
524	65 
525	47 
526	61 
527	39 
528	77 
529	15 
530	37 
531	3 
532	5 
533	2 
534	73 
535	34 
536	18 
537	69 
538	19 
539	17 
540	5 
541	42 
542	5 
543	65 
544	18 
545	72 
546	79 
547	63 
548	49 
549	74 
550	9 
551	27 
552	66 
553	57 
554	73 
555	42 
556	52 
557	81 
558	37 
559	11 
560	42 
561	36 
562	4 
563	68 
564	37 
565	69 
566	63 
567	40 
568	73 
569	40 
570	50 
571	4 
572	4 
573	76 
574	67 
575	76 
576	39 
577	35 
578	18 
579	11 
580	39 
581	52 
582	30 
583	63 
584	18 
585	14 
586	5 
587	58 
588	33 
589	83 
590	82 
591	48 
592	43 
593	21 
594	18 
595	36 
596	54 
597	52 
598	15 
599	64 
600	14 
601	48 
602	3 
603	1 
604	64 
605	69 
606	15 
607	54 
608	75 
609	65 
610	66 
611	72 
612	38 
613	36 
614	83 
615	86 
616	84 
617	38 
618	41 
619	86 
620	14 
621	37 
622	42 
623	16 
624	23 
625	72 
626	84 
627	18 
628	1 
629	36 
630	12 
631	20 
632	69 
633	83 
634	56 
635	34 
636	49 
637	23 
638	54 
639	56 
640	56 
641	74 
642	63 
643	88 
644	54 
645	4 
646	82 
647	22 
648	50 
649	50 
650	48 
651	73 
652	26 
653	14 
654	25 
655	43 
656	81 
657	62 
658	16 
659	8 
660	79 
661	7 
662	23 
663	11 
664	11 
665	59 
666	67 
667	63 
668	4 
669	10 
670	77 
671	21 
672	37 
673	40 
674	7 
675	58 
676	40 
677	77 
678	53 
679	76 
680	79 
681	27 
682	18 
683	80 
684	88 
685	25 
686	50 
687	47 
688	60 
689	57 
690	7 
691	19 
692	49 
693	37 
694	79 
695	42 
696	31 
697	1 
698	57 
699	74 
700	87 
701	27 
702	20 
703	68 
704	14 
705	61 
706	77 
707	10 
708	79 
709	15 
710	82 
711	11 
712	74 
713	34 
714	30 
715	26 
716	9 
717	68 
718	50 
719	87 
720	8 
721	40 
722	32 
723	50 
724	6 
725	26 
726	29 
727	14 
728	11 
729	44 
730	28 
731	8 
732	82 
733	50 
734	11 
735	57 
736	62 
737	3 
738	62 
739	87 
740	19 
741	23 
742	58 
743	76 
744	28 
745	78 
746	26 
747	46 
748	58 
749	63 
750	47 
751	87 
752	13 
753	5 
754	69 
755	85 
756	68 
757	31 
758	22 
759	52 
760	82 
761	69 
762	70 
763	65 
764	58 
765	56 
766	83 
767	40 
768	57 
769	49 
770	35 
771	87 
772	11 
773	24 
774	12 
775	10 
776	67 
777	4 
778	5 
779	84 
780	24 
781	12 
782	60 
783	36 
784	81 
785	67 
786	10 
787	58 
788	54 
789	77 
790	82 
791	25 
792	35 
793	85 
794	3 
795	50 
796	82 
797	7 
798	84 
799	79 
800	35 
801	55 
802	57 
803	67 
804	55 
805	33 
806	50 
807	65 
808	46 
809	51 
810	72 
811	79 
812	35 
813	57 
814	43 
815	77 
816	59 
817	8 
818	39 
819	88 
820	33 
821	58 
822	51 
823	13 
824	66 
825	35 
826	3 
827	62 
828	38 
829	84 
830	33 
831	22 
832	73 
833	83 
834	85 
835	18 
836	32 
837	24 
838	88 
839	75 
840	25 
841	74 
842	23 
843	62 
844	26 
845	87 
846	13 
847	23 
848	46 
849	69 
850	13 
851	23 
852	15 
853	8 
854	36 
855	66 
856	15 
857	18 
858	61 
859	74 
860	20 
861	13 
862	63 
863	4 
864	49 
865	12 
866	82 
867	7 
868	46 
869	54 
870	37 
871	4 
872	46 
873	41 
874	76 
875	35 
876	21 
877	1 
878	22 
879	68 
880	1 
881	50 
882	18 
883	40 
884	61 
885	88 
886	16 
887	2 
888	51 
889	62 
890	62 
891	31 
892	20 
893	49 
894	84 
895	58 
896	15 
897	28 
898	4 
899	64 
900	67 
901	53 
902	55 
903	75 
904	69 
905	17 
906	12 
907	25 
908	76 
909	72 
910	32 
911	3 
912	82 
913	9 
914	84 
915	67 
916	29 
917	10 
918	10 
919	18 
920	67 
921	37 
922	87 
923	79 
924	65 
925	62 
926	21 
927	53 
928	23 
929	48 
930	44 
931	70 
932	14 
933	86 
934	35 
935	18 
936	20 
937	1 
938	8 
939	77 
940	13 
941	19 
942	74 
943	77 
944	58 
945	68 
946	2 
947	63 
948	43 
949	22 
950	84 
951	52 
952	23 
953	27 
954	68 
955	35 
956	60 
957	75 
958	5 
959	14 
960	33 
961	27 
962	51 
963	27 
964	31 
965	64 
966	71 
967	78 
968	16 
969	82 
970	5 
971	87 
972	12 
973	44 
974	33 
975	34 
976	57 
977	64 
978	72 
979	29 
980	72 
981	46 
982	62 
983	33 
984	29 
985	21 
986	17 
987	32 
988	55 
989	26 
990	34 
991	22 
992	84 
993	46 
994	21 
995	2 
996	49 
997	57 
998	72 
999	65 
1000	6 
1001	35 
1002	70 
1003	31 
1004	81 
1005	50 
1006	57 
1007	22 
1008	75 
1009	35 
1010	20 
1011	26 
1012	67 
1013	68 
1014	15 
1015	85 
1016	16 
1017	23 
1018	84 
1019	10 
1020	67 
1021	52 
1022	9 
1023	85 
1024	9 
1025	1 
1026	84 
1027	16 
1028	36 
1029	83 
1030	58 
1031	3 
1032	49 
1033	66 
1034	12 
1035	17 
1036	3 
1037	44 
1038	38 
1039	69 
1040	73 
1041	21 
1042	47 
1043	12 
1044	20 
1045	42 
1046	73 
1047	36 
1048	88 
1049	57 
1050	88 
1051	22 
1052	31 
1053	24 
1054	73 
1055	79 
1056	71 
1057	1 
1058	55 
1059	23 
1060	70 
1061	85 
1062	39 
1063	83 
1064	44 
1065	32 
1066	57 
1067	72 
1068	63 
1069	33 
1070	60 
1071	44 
1072	41 
1073	25 
1074	52 
1075	54 
1076	51 
1077	60 
1078	11 
1079	72 
1080	7 
1081	62 
1082	14 
1083	39 
1084	83 
1085	51 
1086	82 
1087	88 
1088	85 
1089	28 
1090	48 
1091	74 
1092	22 
1093	25 
1094	55 
1095	5 
1096	64 
1097	46 
1098	62 
1099	41 
1100	33 
1101	16 
1102	5 
1103	80 
1104	41 
1105	59 
1106	36 
1107	84 
1108	35 
1109	10 
1110	78 
1111	44 
1112	6 
1113	45 
1114	15 
1115	4 
1116	51 
1117	40 
1118	27 
1119	74 
1120	75 
1121	51 
1122	84 
1123	53 
1124	70 
1125	35 
1126	14 
1127	88 
1128	31 
1129	7 
1130	74 
1131	81 
1132	71 
1133	59 
1134	59 
1135	46 
1136	80 
1137	14 
1138	67 
1139	49 
1140	80 
1141	35 
1142	24 
1143	14 
1144	36 
1145	68 
1146	36 
1147	46 
1148	31 
1149	84 
1150	24 
1151	1 
1152	32 
1153	67 
1154	36 
1155	46 
1156	41 
1157	3 
1158	32 
1159	81 
1160	68 
1161	65 
1162	83 
1163	71 
1164	65 
1165	60 
1166	15 
1167	37 
1168	10 
1169	82 
1170	18 
1171	18 
1172	49 
1173	5 
1174	27 
1175	36 
1176	55 
1177	80 
1178	38 
1179	21 
1180	10 
1181	13 
1182	80 
1183	18 
1184	12 
1185	10 
1186	4 
1187	64 
1188	50 
1189	44 
1190	40 
1191	5 
1192	14 
1193	80 
1194	54 
1195	77 
1196	10 
1197	79 
1198	83 
1199	70 
1200	80 
1201	36 
1202	24 
1203	55 
1204	31 
1205	66 
1206	26 
1207	79 
1208	2 
1209	65 
1210	31 
1211	1 
1212	76 
1213	21 
1214	68 
1215	15 
1216	58 
1217	73 
1218	17 
1219	10 
1220	86 
1221	42 
1222	30 
1223	78 
1224	83 
1225	47 
1226	65 
1227	64 
1228	25 
1229	7 
1230	42 
1231	84 
1232	33 
1233	79 
1234	43 
1235	74 
1236	80 
1237	42 
1238	51 
1239	34 
1240	54 
1241	27 
1242	27 
1243	22 
1244	47 
1245	85 
1246	79 
1247	44 
1248	54 
1249	88 
1250	2 
1251	21 
1252	75 
1253	56 
1254	36 
1255	79 
1256	39 
1257	17 
1258	57 
1259	38 
1260	4 
1261	56 
1262	66 
1263	66 
1264	12 
1265	31 
1266	48 
1267	43 
1268	42 
1269	55 
1270	6 
1271	52 
1272	37 
1273	30 
1274	50 
1275	73 
1276	51 
1277	36 
1278	15 
1279	36 
1280	74 
1281	70 
1282	65 
1283	23 
1284	50 
1285	22 
1286	55 
1287	18 
1288	4 
1289	53 
1290	63 
1291	15 
1292	1 
1293	60 
1294	77 
1295	6 
1296	74 
1297	75 
1298	5 
1299	78 
1300	15 
1301	24 
1302	81 
1303	67 
1304	15 
1305	6 
1306	11 
1307	84 
1308	75 
1309	6 
1310	8 
1311	27 
1312	50 
1313	75 
1314	26 
1315	88 
1316	1 
1317	87 
1318	43 
1319	58 
1320	48 
1321	19 
1322	37 
1323	58 
1324	69 
1325	22 
1326	28 
1327	84 
1328	76 
1329	15 
1330	7 
1331	58 
1332	23 
1333	40 
1334	13 
1335	69 
1336	62 
1337	40 
1338	15 
1339	10 
1340	80 
1341	6 
1342	36 
1343	83 
1344	52 
1345	49 
1346	25 
1347	39 
1348	68 
1349	12 
1350	16 
1351	62 
1352	84 
1353	60 
1354	26 
1355	20 
1356	82 
1357	36 
1358	21 
1359	24 
1360	71 
1361	64 
1362	26 
1363	7 
1364	80 
1365	47 
1366	83 
1367	74 
1368	51 
1369	67 
1370	37 
1371	48 
1372	12 
1373	33 
1374	52 
1375	4 
1376	77 
1377	54 
1378	87 
1379	51 
1380	85 
1381	59 
1382	54 
1383	85 
1384	55 
1385	72 
1386	70 
1387	50 
1388	76 
1389	74 
1390	24 
1391	85 
1392	66 
1393	56 
1394	12 
1395	50 
1396	45 
1397	72 
1398	35 
1399	51 
1400	43 
1401	42 
1402	13 
1403	47 
1404	1 
1405	53 
1406	9 
1407	4 
1408	40 
1409	71 
1410	33 
1411	46 
1412	47 
1413	63 
1414	54 
1415	37 
1416	51 
1417	66 
1418	10 
1419	33 
1420	46 
1421	84 
1422	55 
1423	53 
1424	73 
1425	23 
1426	35 
1427	35 
1428	81 
1429	73 
1430	50 
1431	80 
1432	14 
1433	24 
1434	54 
1435	71 
1436	88 
1437	55 
1438	36 
1439	12 
1440	74 
1441	10 
1442	13 
1443	26 
1444	6 
1445	11 
1446	8 
1447	57 
1448	52 
1449	82 
1450	40 
1451	36 
1452	12 
1453	43 
1454	39 
1455	24 
1456	30 
1457	33 
1458	78 
1459	23 
1460	74 
1461	79 
1462	22 
1463	8 
1464	15 
1465	8 
1466	37 
1467	52 
1468	86 
1469	36 
1470	41 
1471	79 
1472	10 
1473	87 
1474	12 
1475	64 
1476	17 
1477	75 
1478	83 
1479	28 
1480	57 
1481	51 
1482	88 
1483	85 
1484	40 
1485	16 
1486	68 
1487	48 
1488	83 
1489	27 
1490	87 
1491	39 
1492	32 
1493	50 
1494	16 
1495	26 
1496	35 
1497	32 
1498	52 
1499	81 
1500	41 
1501	28 
1502	45 
1503	79 
1504	5 
1505	26 
1506	10 
1507	48 
1508	47 
1509	14 
1510	65 
1511	33 
1512	30 
1513	1 
1514	17 
1515	72 
1516	43 
1517	82 
1518	85 
1519	24 
1520	74 
1521	19 
1522	30 
1523	49 
1524	18 
1525	68 
1526	84 
1527	14 
1528	31 
1529	36 
1530	41 
1531	80 
1532	60 
1533	57 
1534	74 
1535	54 
1536	11 
1537	2 
1538	55 
1539	62 
1540	12 
1541	46 
1542	45 
1543	46 
1544	15 
1545	81 
1546	58 
1547	10 
1548	43 
1549	6 
1550	41 
1551	85 
1552	71 
1553	47 
1554	80 
1555	24 
1556	79 
1557	36 
1558	26 
1559	55 
1560	43 
1561	12 
1562	59 
1563	43 
1564	71 
1565	55 
1566	72 
1567	67 
1568	82 
1569	78 
1570	61 
1571	17 
1572	74 
1573	61 
1574	73 
1575	5 
1576	36 
1577	54 
1578	85 
1579	88 
1580	57 
1581	50 
1582	8 
1583	2 
1584	34 
1585	31 
1586	75 
1587	24 
1588	35 
1589	36 
1590	32 
1591	43 
1592	53 
1593	72 
1594	57 
1595	28 
1596	50 
1597	47 
1598	12 
1599	63 
1600	36 
1601	79 
1602	20 
1603	10 
1604	41 
1605	20 
1606	14 
1607	18 
1608	31 
1609	36 
1610	65 
1611	44 
1612	48 
1613	63 
1614	22 
1615	26 
1616	44 
1617	6 
1618	23 
1619	24 
1620	14 
1621	50 
1622	25 
1623	10 
1624	62 
1625	69 
1626	1 
1627	82 
1628	69 
1629	1 
1630	24 
1631	51 
1632	84 
1633	42 
1634	49 
1635	66 
1636	82 
1637	19 
1638	69 
1639	20 
1640	21 
1641	28 
1642	52 
1643	7 
1644	41 
1645	44 
1646	1 
1647	2 
1648	86 
1649	40 
1650	28 
1651	21 
1652	48 
1653	40 
1654	77 
1655	34 
1656	54 
1657	2 
1658	78 
1659	55 
1660	31 
1661	13 
1662	87 
1663	19 
1664	65 
1665	55 
1666	14 
1667	26 
1668	56 
1669	82 
1670	71 
1671	82 
1672	77 
1673	76 
1674	35 
1675	70 
1676	26 
1677	4 
1678	64 
1679	6 
1680	23 
1681	78 
1682	49 
1683	34 
1684	22 
1685	48 
1686	38 
1687	87 
1688	57 
1689	65 
1690	40 
1691	73 
1692	47 
1693	30 
1694	54 
1695	8 
1696	46 
1697	74 
1698	73 
1699	61 
1700	17 
1701	10 
1702	23 
1703	75 
1704	73 
1705	27 
1706	7 
1707	39 
1708	10 
1709	47 
1710	84 
1711	48 
1712	35 
1713	57 
1714	83 
1715	35 
1716	76 
1717	30 
1718	26 
1719	75 
1720	18 
1721	64 
1722	52 
1723	1 
1724	35 
1725	78 
1726	45 
1727	64 
1728	25 
1729	38 
1730	71 
1731	8 
1732	85 
1733	82 
1734	6 
1735	20 
1736	41 
1737	47 
1738	77 
1739	23 
1740	71 
1741	45 
1742	84 
1743	82 
1744	64 
1745	31 
1746	49 
1747	32 
1748	20 
1749	53 
1750	74 
1751	15 
1752	88 
1753	52 
1754	79 
1755	6 
1756	5 
1757	79 
1758	46 
1759	35 
1760	72 
1761	42 
1762	26 
1763	2 
1764	62 
1765	16 
1766	14 
1767	9 
1768	68 
1769	51 
1770	1 
1771	74 
1772	83 
1773	11 
1774	23 
1775	35 
1776	88 
1777	81 
1778	63 
1779	65 
1780	2 
1781	73 
1782	74 
1783	42 
1784	10 
1785	36 
1786	1 
1787	80 
1788	7 
1789	43 
1790	84 
1791	14 
1792	41 
1793	14 
1794	44 
1795	63 
1796	53 
1797	65 
1798	61 
1799	32 
1800	33 
1801	46 
1802	34 
1803	44 
1804	24 
1805	61 
1806	75 
1807	35 
1808	24 
1809	76 
1810	65 
1811	25 
1812	76 
1813	29 
1814	7 
1815	27 
1816	41 
1817	40 
1818	22 
1819	11 
1820	30 
1821	48 
1822	22 
1823	55 
1824	71 
1825	36 
1826	73 
1827	36 
1828	46 
1829	23 
1830	75 
1831	5 
1832	9 
1833	62 
1834	46 
1835	72 
1836	2 
1837	54 
1838	2 
1839	41 
1840	65 
1841	16 
1842	8 
1843	83 
1844	45 
1845	20 
1846	31 
1847	73 
1848	56 
1849	51 
1850	47 
1851	30 
1852	71 
1853	79 
1854	65 
1855	23 
1856	23 
1857	79 
1858	73 
1859	32 
1860	88 
1861	84 
1862	69 
1863	1 
1864	29 
1865	39 
1866	51 
1867	26 
1868	10 
1869	63 
1870	35 
1871	51 
1872	20 
1873	60 
1874	18 
1875	18 
1876	84 
1877	76 
1878	61 
1879	27 
1880	24 
1881	80 
1882	68 
1883	86 
1884	81 
1885	11 
1886	59 
1887	23 
1888	57 
1889	9 
1890	34 
1891	39 
1892	60 
1893	68 
1894	10 
1895	22 
1896	64 
1897	65 
1898	25 
1899	46 
1900	1 
1901	82 
1902	35 
1903	18 
1904	45 
1905	14 
1906	26 
1907	26 
1908	12 
1909	14 
1910	13 
1911	75 
1912	42 
1913	79 
1914	48 
1915	57 
1916	75 
1917	57 
1918	20 
1919	62 
1920	65 
1921	31 
1922	10 
1923	79 
1924	1 
1925	7 
1926	88 
1927	43 
1928	63 
1929	16 
1930	77 
1931	22 
1932	24 
1933	48 
1934	64 
1935	32 
1936	81 
1937	18 
1938	42 
1939	55 
1940	71 
1941	65 
1942	55 
1943	73 
1944	32 
1945	21 
1946	30 
1947	83 
1948	32 
1949	35 
1950	73 
1951	50 
1952	18 
1953	38 
1954	81 
1955	1 
1956	9 
1957	43 
1958	69 
1959	21 
1960	46 
1961	55 
1962	24 
1963	9 
1964	12 
1965	8 
1966	33 
1967	82 
1968	46 
1969	2 
1970	18 
1971	50 
1972	78 
1973	48 
1974	43 
1975	4 
1976	23 
1977	26 
1978	63 
1979	24 
1980	75 
1981	44 
1982	65 
1983	79 
1984	36 
1985	58 
1986	68 
1987	21 
1988	72 
1989	88 
1990	5 
1991	63 
1992	76 
1993	11 
1994	42 
1995	37 
1996	59 
1997	17 
1998	76 
1999	51 
2000	70 
2001	5 
2002	7 
2003	13 
2004	1 
2005	38 
2006	3 
2007	86 
2008	1 
2009	60 
2010	54 
2011	39 
2012	4 
2013	47 
2014	54 
2015	26 
2016	7 
2017	85 
2018	80 
2019	55 
2020	36 
2021	28 
2022	74 
2023	36 
2024	36 
2025	23 
2026	79 
2027	2 
2028	60 
2029	29 
2030	46 
2031	28 
2032	69 
2033	67 
2034	3 
2035	51 
2036	73 
2037	79 
2038	27 
2039	5 
2040	74 
2041	30 
2042	29 
2043	44 
2044	67 
2045	11 
2046	38 
2047	88 
2048	75 
2049	37 
2050	64 
2051	74 
2052	50 
2053	10 
2054	60 
2055	56 
2056	83 
2057	25 
2058	67 
2059	9 
2060	68 
2061	40 
2062	61 
2063	9 
2064	72 
2065	27 
2066	37 
2067	46 
2068	12 
2069	20 
2070	6 
2071	75 
2072	82 
2073	73 
2074	85 
2075	44 
2076	83 
2077	88 
2078	88 
2079	88 
2080	42 
2081	18 
2082	52 
2083	86 
2084	12 
2085	41 
2086	7 
2087	14 
2088	85 
2089	44 
2090	20 
2091	36 
2092	87 
2093	26 
2094	84 
2095	47 
2096	62 
2097	13 
2098	65 
2099	56 
2100	57 
2101	83 
2102	2 
2103	42 
2104	28 
2105	31 
2106	68 
2107	28 
2108	75 
2109	7 
2110	49 
2111	35 
2112	69 
2113	57 
2114	60 
2115	7 
2116	35 
2117	75 
2118	64 
2119	2 
2120	84 
2121	50 
2122	52 
2123	11 
2124	12 
2125	31 
2126	11 
2127	19 
2128	31 
2129	2 
2130	6 
2131	44 
2132	85 
2133	62 
2134	65 
2135	12 
2136	81 
2137	13 
2138	10 
2139	4 
2140	26 
2141	21 
2142	82 
2143	50 
2144	71 
2145	65 
2146	38 
2147	66 
2148	56 
2149	62 
2150	4 
2151	50 
2152	48 
2153	51 
2154	6 
2155	77 
2156	27 
2157	28 
2158	35 
2159	13 
2160	83 
2161	8 
2162	52 
2163	81 
2164	86 
2165	34 
2166	7 
2167	27 
2168	67 
2169	86 
2170	12 
2171	20 
2172	35 
2173	7 
2174	11 
2175	8 
2176	58 
2177	85 
2178	29 
2179	80 
2180	88 
2181	15 
2182	80 
2183	36 
2184	1 
2185	69 
2186	75 
2187	75 
2188	22 
2189	72 
2190	1 
2191	57 
2192	2 
2193	9 
2194	30 
2195	68 
2196	45 
2197	84 
2198	38 
2199	70 
2200	67 
2201	67 
2202	47 
2203	4 
2204	79 
2205	84 
2206	26 
2207	85 
2208	44 
2209	35 
2210	52 
2211	84 
2212	13 
2213	79 
2214	11 
2215	63 
2216	27 
2217	59 
2218	41 
2219	54 
2220	30 
2221	46 
2222	11 
2223	31 
2224	41 
2225	45 
2226	58 
2227	28 
2228	72 
2229	61 
2230	18 
2231	62 
2232	78 
2233	61 
2234	84 
2235	36 
2236	23 
2237	8 
2238	77 
2239	16 
2240	8 
2241	24 
2242	68 
2243	12 
2244	40 
2245	41 
2246	74 
2247	29 
2248	51 
2249	18 
2250	36 
2251	23 
2252	84 
2253	69 
2254	11 
2255	83 
2256	69 
2257	32 
2258	32 
2259	67 
2260	2 
2261	50 
2262	2 
2263	17 
2264	26 
2265	14 
2266	37 
2267	2 
2268	15 
2269	82 
2270	83 
2271	3 
2272	37 
2273	38 
2274	83 
2275	82 
2276	65 
2277	63 
2278	51 
2279	76 
2280	59 
2281	57 
2282	39 
2283	68 
2284	79 
2285	50 
2286	42 
2287	72 
2288	80 
2289	14 
2290	46 
2291	28 
2292	33 
2293	21 
2294	43 
2295	46 
2296	24 
2297	32 
2298	25 
2299	75 
2300	84 
2301	70 
2302	4 
2303	39 
2304	81 
2305	28 
2306	38 
2307	72 
2308	69 
2309	8 
2310	39 
2311	33 
2312	21 
2313	39 
2314	40 
2315	48 
2316	40 
2317	69 
2318	76 
2319	87 
2320	2 
2321	50 
2322	14 
2323	1 
2324	68 
2325	12 
2326	30 
2327	26 
2328	45 
2329	75 
2330	1 
2331	77 
2332	54 
2333	88 
2334	15 
2335	21 
2336	45 
2337	38 
2338	21 
2339	1 
2340	73 
2341	50 
2342	66 
2343	68 
2344	26 
2345	5 
2346	76 
2347	81 
2348	16 
2349	78 
2350	24 
2351	2 
2352	46 
2353	10 
2354	63 
2355	60 
2356	3 
2357	44 
2358	28 
2359	15 
2360	40 
2361	41 
2362	17 
2363	29 
2364	14 
2365	81 
2366	11 
2367	52 
2368	86 
2369	52 
2370	39 
2371	43 
2372	82 
2373	13 
2374	62 
2375	14 
2376	87 
2377	55 
2378	30 
2379	82 
2380	77 
2381	30 
2382	4 
2383	8 
2384	33 
2385	79 
2386	73 
2387	9 
2388	66 
2389	84 
2390	2 
2391	49 
2392	78 
2393	42 
2394	16 
2395	79 
2396	22 
2397	54 
2398	47 
2399	41 
2400	80 
2401	75 
2402	36 
2403	18 
2404	84 
2405	13 
2406	58 
2407	57 
2408	49 
2409	56 
2410	36 
2411	71 
2412	12 
2413	18 
2414	69 
2415	79 
2416	30 
2417	77 
2418	49 
2419	72 
2420	58 
2421	45 
2422	56 
2423	1 
2424	44 
2425	16 
2426	60 
2427	41 
2428	28 
2429	79 
2430	71 
2431	24 
2432	35 
2433	10 
2434	37 
2435	60 
2436	2 
2437	54 
2438	66 
2439	44 
2440	56 
2441	42 
2442	37 
2443	19 
2444	14 
2445	39 
2446	87 
2447	41 
2448	72 
2449	51 
2450	45 
2451	32 
2452	69 
2453	16 
2454	29 
2455	27 
2456	36 
2457	82 
2458	62 
2459	30 
2460	83 
2461	16 
2462	50 
2463	78 
2464	11 
2465	20 
2466	81 
2467	28 
2468	60 
2469	23 
2470	36 
2471	6 
2472	5 
2473	57 
2474	82 
2475	14 
2476	86 
2477	74 
2478	74 
2479	18 
2480	14 
2481	56 
2482	49 
2483	68 
2484	48 
2485	72 
2486	14 
2487	70 
2488	51 
2489	27 
2490	32 
2491	2 
2492	75 
2493	46 
2494	29 
2495	36 
2496	61 
2497	79 
2498	69 
2499	85 
2500	69 
2501	43 
2502	5 
2503	84 
2504	84 
2505	68 
2506	36 
2507	40 
2508	29 
2509	18 
2510	59 
2511	45 
2512	46 
2513	32 
2514	83 
2515	68 
2516	23 
2517	69 
2518	13 
2519	5 
2520	58 
2521	31 
2522	83 
2523	76 
2524	75 
2525	59 
2526	60 
2527	79 
2528	76 
2529	59 
2530	88 
2531	85 
2532	74 
2533	41 
2534	70 
2535	34 
2536	16 
2537	64 
2538	77 
2539	78 
2540	26 
2541	88 
2542	55 
2543	48 
2544	12 
2545	66 
2546	71 
2547	6 
2548	7 
2549	56 
2550	4 
2551	70 
2552	13 
2553	51 
2554	76 
2555	50 
2556	59 
2557	26 
2558	46 
2559	70 
2560	35 
2561	33 
2562	31 
2563	63 
2564	58 
2565	73 
2566	11 
2567	86 
2568	10 
2569	4 
2570	76 
2571	67 
2572	77 
2573	66 
2574	81 
2575	80 
2576	71 
2577	79 
2578	12 
2579	13 
2580	26 
2581	27 
2582	12 
2583	72 
2584	88 
2585	57 
2586	78 
2587	45 
2588	38 
2589	25 
2590	36 
2591	39 
2592	80 
2593	87 
2594	84 
2595	49 
2596	72 
2597	54 
2598	42 
2599	35 
2600	66 
2601	2 
2602	27 
2603	29 
2604	42 
2605	49 
2606	28 
2607	7 
2608	74 
2609	51 
2610	17 
2611	39 
2612	19 
2613	29 
2614	28 
2615	19 
2616	52 
2617	5 
2618	9 
2619	62 
2620	37 
2621	50 
2622	12 
2623	5 
2624	26 
2625	39 
2626	2 
2627	80 
2628	85 
2629	34 
2630	63 
2631	61 
2632	12 
2633	60 
2634	86 
2635	23 
2636	66 
2637	36 
2638	5 
2639	53 
2640	54 
2641	1 
2642	74 
2643	25 
2644	74 
2645	31 
2646	6 
2647	7 
2648	54 
2649	33 
2650	18 
2651	47 
2652	49 
2653	31 
2654	37 
2655	79 
2656	26 
2657	50 
2658	35 
2659	73 
2660	79 
2661	74 
2662	46 
2663	25 
2664	24 
2665	28 
2666	87 
2667	46 
2668	12 
2669	88 
2670	85 
2671	12 
2672	49 
2673	26 
2674	68 
2675	23 
2676	84 
2677	54 
2678	30 
2679	22 
2680	69 
2681	72 
2682	52 
2683	68 
2684	71 
2685	40 
2686	18 
2687	42 
2688	77 
2689	81 
2690	11 
2691	69 
2692	75 
2693	36 
2694	55 
2695	18 
2696	12 
2697	26 
2698	21 
2699	25 
2700	61 
2701	11 
2702	63 
2703	49 
2704	14 
2705	36 
2706	5 
2707	86 
2708	35 
2709	69 
2710	37 
2711	27 
2712	23 
2713	68 
2714	25 
2715	81 
2716	73 
2717	31 
2718	45 
2719	39 
2720	48 
2721	30 
2722	52 
2723	86 
2724	75 
2725	35 
2726	4 
2727	41 
2728	72 
2729	15 
2730	81 
2731	16 
2732	4 
2733	87 
2734	24 
2735	58 
2736	68 
2737	79 
2738	59 
2739	30 
2740	50 
2741	50 
2742	46 
2743	75 
2744	30 
2745	68 
2746	63 
2747	18 
2748	75 
2749	46 
2750	53 
2751	1 
2752	2 
2753	3 
2754	58 
2755	86 
2756	11 
2757	74 
2758	84 
2759	12 
2760	72 
2761	3 
2762	1 
2763	33 
2764	63 
2765	68 
2766	47 
2767	31 
2768	65 
2769	46 
2770	85 
2771	9 
2772	41 
2773	33 
2774	36 
2775	56 
2776	56 
2777	40 
2778	56 
2779	47 
2780	1 
2781	74 
2782	73 
2783	56 
2784	67 
2785	44 
2786	70 
2787	17 
2788	82 
2789	17 
2790	10 
2791	57 
2792	38 
2793	36 
2794	44 
2795	7 
2796	86 
2797	18 
2798	6 
2799	36 
2800	28 
2801	69 
2802	2 
2803	42 
2804	82 
2805	17 
2806	73 
2807	21 
2808	39 
2809	21 
2810	42 
2811	65 
2812	7 
2813	18 
2814	60 
2815	82 
2816	58 
2817	76 
2818	26 
2819	72 
2820	87 
2821	63 
2822	71 
2823	65 
2824	77 
2825	74 
2826	30 
2827	45 
2828	36 
2829	64 
2830	82 
2831	37 
2832	33 
2833	3 
2834	35 
2835	83 
2836	26 
2837	47 
2838	54 
2839	40 
2840	75 
2841	69 
2842	25 
2843	10 
2844	72 
2845	4 
2846	15 
2847	12 
2848	21 
2849	20 
2850	17 
2851	9 
2852	34 
2853	24 
2854	65 
2855	24 
2856	34 
2857	6 
2858	84 
2859	54 
2860	45 
2861	2 
2862	56 
2863	33 
2864	76 
2865	6 
2866	59 
2867	24 
2868	1 
2869	7 
2870	73 
2871	34 
2872	20 
2873	47 
2874	44 
2875	21 
2876	72 
2877	81 
2878	22 
2879	10 
2880	50 
2881	63 
2882	26 
2883	79 
2884	9 
2885	70 
2886	50 
2887	4 
2888	77 
2889	73 
2890	80 
2891	21 
2892	24 
2893	12 
2894	54 
2895	76 
2896	58 
2897	41 
2898	2 
2899	32 
2900	56 
2901	9 
2902	63 
2903	4 
2904	22 
2905	31 
2906	3 
2907	76 
2908	6 
2909	77 
2910	1 
2911	83 
2912	76 
2913	86 
2914	69 
2915	17 
2916	42 
2917	77 
2918	67 
2919	81 
2920	60 
2921	50 
2922	35 
2923	2 
2924	34 
2925	8 
2926	25 
2927	71 
2928	21 
2929	46 
2930	82 
2931	58 
2932	19 
2933	86 
2934	72 
2935	4 
2936	59 
2937	4 
2938	80 
2939	65 
2940	27 
2941	18 
2942	55 
2943	12 
2944	85 
2945	65 
2946	64 
2947	88 
2948	24 
2949	22 
2950	83 
2951	14 
2952	34 
2953	14 
2954	79 
2955	20 
2956	79 
2957	18 
2958	47 
2959	83 
2960	33 
2961	16 
2962	4 
2963	1 
2964	10 
2965	46 
2966	33 
2967	20 
2968	51 
2969	15 
2970	72 
2971	51 
2972	44 
2973	25 
2974	59 
2975	58 
2976	77 
2977	14 
2978	57 
2979	65 
2980	81 
2981	18 
2982	37 
2983	27 
2984	63 
2985	75 
2986	50 
2987	83 
2988	49 
2989	12 
2990	84 
2991	33 
2992	54 
2993	46 
2994	14 
2995	59 
2996	58 
2997	55 
2998	21 
2999	79 
3000	71 
3001	33 
3002	38 
3003	56 
3004	15 
3005	84 
3006	35 
3007	83 
3008	41 
3009	50 
3010	71 
3011	76 
3012	54 
3013	41 
3014	64 
3015	63 
3016	51 
3017	81 
3018	9 
3019	54 
3020	86 
3021	42 
3022	2 
3023	68 
3024	7 
3025	32 
3026	21 
3027	74 
3028	41 
3029	63 
3030	56 
3031	35 
3032	48 
3033	72 
3034	6 
3035	2 
3036	66 
3037	38 
3038	76 
3039	41 
3040	43 
3041	86 
3042	34 
3043	9 
3044	44 
3045	81 
3046	63 
3047	37 
3048	55 
3049	85 
3050	43 
3051	17 
3052	26 
3053	41 
3054	55 
3055	78 
3056	60 
3057	4 
3058	23 
3059	31 
3060	21 
3061	48 
3062	47 
3063	11 
3064	12 
3065	87 
3066	10 
3067	68 
3068	40 
3069	22 
3070	44 
3071	66 
3072	64 
3073	52 
3074	38 
3075	7 
3076	23 
3077	43 
3078	82 
3079	69 
3080	81 
3081	6 
3082	53 
3083	22 
3084	9 
3085	9 
3086	78 
3087	34 
3088	81 
3089	19 
3090	88 
3091	7 
3092	38 
3093	17 
3094	7 
3095	71 
3096	22 
3097	32 
3098	36 
3099	88 
3100	73 
3101	72 
3102	88 
3103	27 
3104	42 
3105	22 
3106	17 
3107	54 
3108	45 
3109	14 
3110	14 
3111	30 
3112	6 
3113	72 
3114	7 
3115	27 
3116	36 
3117	32 
3118	80 
3119	68 
3120	59 
3121	69 
3122	6 
3123	31 
3124	47 
3125	14 
3126	2 
3127	55 
3128	36 
3129	25 
3130	49 
3131	86 
3132	36 
3133	13 
3134	67 
3135	62 
3136	55 
3137	72 
3138	77 
3139	36 
3140	82 
3141	73 
3142	66 
3143	42 
3144	63 
3145	21 
3146	39 
3147	50 
3148	23 
3149	32 
3150	74 
3151	48 
3152	67 
3153	71 
3154	37 
3155	14 
3156	80 
3157	70 
3158	45 
3159	60 
3160	42 
3161	2 
3162	40 
3163	46 
3164	88 
3165	87 
3166	46 
3167	45 
3168	68 
3169	21 
3170	86 
3171	7 
3172	35 
3173	68 
3174	88 
3175	49 
3176	56 
3177	4 
3178	77 
3179	71 
3180	65 
3181	43 
3182	75 
3183	27 
3184	22 
3185	63 
3186	63 
3187	55 
3188	40 
3189	47 
3190	47 
3191	68 
3192	2 
3193	36 
3194	72 
3195	53 
3196	69 
3197	59 
3198	9 
3199	1 
3200	14 
3201	39 
3202	62 
3203	70 
3204	23 
3205	56 
3206	51 
3207	87 
3208	68 
3209	47 
3210	70 
3211	84 
3212	45 
3213	36 
3214	47 
3215	65 
3216	84 
3217	42 
3218	66 
3219	82 
3220	54 
3221	47 
3222	32 
3223	58 
3224	51 
3225	12 
3226	21 
3227	67 
3228	69 
3229	76 
3230	15 
3231	63 
3232	38 
3233	8 
3234	68 
3235	69 
3236	60 
3237	67 
3238	22 
3239	52 
3240	22 
3241	33 
3242	28 
3243	44 
3244	88 
3245	21 
3246	46 
3247	24 
3248	9 
3249	85 
3250	77 
3251	6 
3252	82 
3253	49 
3254	49 
3255	86 
3256	1 
3257	1 
3258	64 
3259	71 
3260	5 
3261	37 
3262	68 
3263	18 
3264	49 
3265	58 
3266	65 
3267	2 
3268	40 
3269	9 
3270	15 
3271	73 
3272	77 
3273	55 
3274	70 
3275	10 
3276	13 
3277	7 
3278	19 
3279	16 
3280	64 
3281	20 
3282	45 
3283	23 
3284	45 
3285	23 
3286	78 
3287	2 
3288	82 
3289	56 
3290	76 
3291	50 
3292	34 
3293	52 
3294	81 
3295	9 
3296	69 
3297	57 
3298	59 
3299	47 
3300	40 
3301	10 
3302	29 
3303	72 
3304	68 
3305	13 
3306	12 
3307	83 
3308	63 
3309	40 
3310	26 
3311	54 
3312	85 
3313	73 
3314	19 
3315	87 
3316	35 
3317	41 
3318	82 
3319	50 
3320	68 
3321	37 
3322	22 
3323	26 
3324	10 
3325	40 
3326	37 
3327	53 
3328	30 
3329	11 
3330	87 
3331	44 
3332	14 
3333	51 
3334	39 
3335	68 
3336	23 
3337	19 
3338	15 
3339	37 
3340	61 
3341	55 
3342	65 
3343	88 
3344	50 
3345	45 
3346	38 
3347	1 
3348	9 
3349	34 
3350	68 
3351	37 
3352	54 
3353	13 
3354	36 
3355	63 
3356	44 
3357	46 
3358	71 
3359	31 
3360	70 
3361	31 
3362	72 
3363	48 
3364	25 
3365	18 
3366	61 
3367	38 
3368	6 
3369	6 
3370	69 
3371	84 
3372	10 
3373	5 
3374	68 
3375	10 
3376	69 
3377	22 
3378	54 
3379	5 
3380	56 
3381	36 
3382	46 
3383	32 
3384	5 
3385	33 
3386	16 
3387	15 
3388	75 
3389	79 
3390	60 
3391	40 
3392	59 
3393	67 
3394	57 
3395	47 
3396	33 
3397	45 
3398	32 
3399	13 
3400	52 
3401	35 
3402	69 
3403	26 
3404	50 
3405	48 
3406	15 
3407	77 
3408	32 
3409	38 
3410	82 
3411	65 
3412	54 
3413	56 
3414	74 
3415	51 
3416	13 
3417	68 
3418	54 
3419	13 
3420	48 
3421	17 
3422	73 
3423	82 
3424	66 
3425	28 
3426	1 
3427	1 
3428	24 
3429	30 
3430	24 
3431	3 
3432	79 
3433	70 
3434	78 
3435	74 
3436	66 
3437	70 
3438	63 
3439	46 
3440	70 
3441	26 
3442	54 
3443	26 
3444	84 
3445	62 
3446	76 
3447	56 
3448	37 
3449	31 
3450	79 
3451	41 
3452	40 
3453	25 
3454	72 
3455	85 
3456	87 
3457	10 
3458	42 
3459	40 
3460	79 
3461	55 
3462	24 
3463	7 
3464	56 
3465	63 
3466	12 
3467	64 
3468	70 
3469	44 
3470	67 
3471	87 
3472	82 
3473	68 
3474	26 
3475	41 
3476	39 
3477	83 
3478	49 
3479	27 
3480	42 
3481	42 
3482	13 
3483	5 
3484	44 
3485	56 
3486	64 
3487	23 
3488	67 
3489	51 
3490	14 
3491	47 
3492	31 
3493	81 
3494	21 
3495	55 
3496	26 
3497	64 
3498	51 
3499	31 
3500	22 
3501	58 
3502	2 
3503	23 
3504	79 
3505	16 
3506	62 
3507	30 
3508	64 
3509	66 
3510	71 
3511	43 
3512	38 
3513	13 
3514	47 
3515	2 
3516	57 
3517	71 
3518	35 
3519	15 
3520	83 
3521	63 
3522	21 
3523	54 
3524	26 
3525	9 
3526	47 
3527	54 
3528	32 
3529	2 
3530	34 
3531	75 
3532	66 
3533	40 
3534	60 
3535	50 
3536	11 
3537	69 
3538	65 
3539	41 
3540	42 
3541	41 
3542	6 
3543	9 
3544	50 
3545	50 
3546	28 
3547	71 
3548	37 
3549	31 
3550	65 
3551	27 
3552	59 
3553	72 
3554	11 
3555	45 
3556	83 
3557	16 
3558	75 
3559	63 
3560	57 
3561	6 
3562	46 
3563	45 
3564	42 
3565	85 
3566	83 
3567	58 
3568	66 
3569	8 
3570	71 
3571	70 
3572	50 
3573	5 
3574	64 
3575	36 
3576	47 
3577	11 
3578	28 
3579	25 
3580	83 
3581	38 
3582	14 
3583	63 
3584	70 
3585	52 
3586	69 
3587	50 
3588	41 
3589	75 
3590	88 
3591	49 
3592	65 
3593	9 
3594	51 
3595	86 
3596	11 
3597	19 
3598	35 
3599	54 
3600	54 
3601	25 
3602	65 
3603	43 
3604	59 
3605	69 
3606	70 
3607	25 
3608	73 
3609	29 
3610	68 
3611	84 
3612	51 
3613	28 
3614	39 
3615	72 
3616	33 
3617	33 
3618	16 
3619	18 
3620	20 
3621	26 
3622	73 
3623	41 
3624	15 
3625	79 
3626	25 
3627	77 
3628	24 
3629	73 
3630	5 
3631	74 
3632	41 
3633	5 
3634	51 
3635	72 
3636	35 
3637	1 
3638	3 
3639	52 
3640	80 
3641	80 
3642	7 
3643	68 
3644	71 
3645	41 
3646	64 
3647	1 
3648	38 
3649	24 
3650	40 
3651	26 
3652	88 
3653	85 
3654	37 
3655	11 
3656	85 
3657	59 
3658	46 
3659	11 
3660	53 
3661	13 
3662	82 
3663	3 
3664	23 
3665	46 
3666	23 
3667	78 
3668	7 
3669	15 
3670	42 
3671	85 
3672	58 
3673	25 
3674	7 
3675	73 
3676	58 
3677	10 
3678	35 
3679	25 
3680	32 
3681	60 
3682	13 
3683	10 
3684	27 
3685	81 
3686	73 
3687	7 
3688	35 
3689	16 
3690	16 
3691	45 
3692	13 
3693	78 
3694	57 
3695	33 
3696	52 
3697	9 
3698	55 
3699	9 
3700	45 
3701	35 
3702	13 
3703	38 
3704	41 
3705	26 
3706	33 
3707	50 
3708	43 
3709	65 
3710	63 
3711	34 
3712	82 
3713	29 
3714	15 
3715	40 
3716	69 
3717	67 
3718	73 
3719	15 
3720	50 
3721	76 
3722	67 
3723	10 
3724	59 
3725	28 
3726	53 
3727	63 
3728	25 
3729	7 
3730	54 
3731	60 
3732	39 
3733	86 
3734	84 
3735	45 
3736	62 
3737	81 
3738	45 
3739	23 
3740	22 
3741	83 
3742	76 
3743	88 
3744	76 
3745	14 
3746	36 
3747	39 
3748	9 
3749	71 
3750	43 
3751	72 
3752	83 
3753	59 
3754	41 
3755	8 
3756	70 
3757	15 
3758	10 
3759	71 
3760	5 
3761	17 
3762	10 
3763	76 
3764	82 
3765	80 
3766	9 
3767	36 
3768	74 
3769	31 
3770	75 
3771	79 
3772	16 
3773	63 
3774	45 
3775	20 
3776	78 
3777	3 
3778	78 
3779	81 
3780	55 
3781	20 
3782	30 
3783	16 
3784	7 
3785	19 
3786	75 
3787	84 
3788	1 
3789	20 
3790	31 
3791	45 
3792	40 
3793	70 
3794	25 
3795	38 
3796	24 
3797	46 
3798	47 
3799	71 
3800	47 
3801	75 
3802	88 
3803	11 
3804	18 
3805	29 
3806	57 
3807	2 
3808	40 
3809	26 
3810	37 
3811	44 
3812	62 
3813	50 
3814	57 
3815	55 
3816	34 
3817	17 
3818	30 
3819	13 
3820	26 
3821	15 
3822	85 
3823	25 
3824	17 
3825	32 
3826	43 
3827	45 
3828	48 
3829	21 
3830	72 
3831	67 
3832	85 
3833	80 
3834	51 
3835	19 
3836	46 
3837	8 
3838	46 
3839	46 
3840	65 
3841	85 
3842	82 
3843	33 
3844	36 
3845	21 
3846	35 
3847	26 
3848	37 
3849	22 
3850	59 
3851	11 
3852	46 
3853	3 
3854	2 
3855	20 
3856	77 
3857	59 
3858	2 
3859	18 
3860	29 
3861	8 
3862	11 
3863	62 
3864	61 
3865	87 
3866	76 
3867	37 
3868	31 
3869	17 
3870	9 
3871	9 
3872	83 
3873	77 
3874	59 
3875	45 
3876	47 
3877	14 
3878	33 
3879	51 
3880	25 
3881	31 
3882	71 
3883	7 
3884	54 
3885	20 
3886	53 
3887	41 
3888	34 
3889	5 
3890	59 
3891	55 
3892	87 
3893	37 
3894	9 
3895	51 
3896	42 
3897	27 
3898	58 
3899	44 
3900	29 
3901	5 
3902	68 
3903	60 
3904	52 
3905	48 
3906	26 
3907	76 
3908	71 
3909	2 
3910	64 
3911	67 
3912	26 
3913	45 
3914	42 
3915	44 
3916	58 
3917	22 
3918	79 
3919	36 
3920	24 
3921	54 
3922	71 
3923	16 
3924	3 
3925	12 
3926	6 
3927	40 
3928	79 
3929	51 
3930	22 
3931	88 
3932	32 
3933	29 
3934	64 
3935	87 
3936	28 
3937	36 
3938	17 
3939	46 
3940	74 
3941	83 
3942	37 
3943	49 
3944	35 
3945	71 
3946	61 
3947	46 
3948	78 
3949	14 
3950	58 
3951	57 
3952	21 
3953	35 
3954	73 
3955	55 
3956	82 
3957	38 
3958	39 
3959	65 
3960	57 
3961	60 
3962	45 
3963	1 
3964	80 
3965	78 
3966	65 
3967	1 
3968	22 
3969	37 
3970	86 
3971	17 
3972	87 
3973	71 
3974	42 
3975	69 
3976	37 
3977	40 
3978	2 
3979	68 
3980	44 
3981	71 
3982	2 
3983	6 
3984	61 
3985	52 
3986	63 
3987	34 
3988	57 
3989	51 
3990	56 
3991	12 
3992	68 
3993	64 
3994	46 
3995	52 
3996	8 
3997	62 
3998	37 
3999	86 
4000	74 
4001	62 
4002	54 
4003	82 
4004	84 
4005	78 
4006	70 
4007	28 
4008	31 
4009	73 
4010	68 
4011	66 
4012	45 
4013	50 
4014	74 
4015	33 
4016	57 
4017	4 
4018	41 
4019	34 
4020	20 
4021	2 
4022	10 
4023	42 
4024	46 
4025	68 
4026	62 
4027	10 
4028	72 
4029	23 
4030	44 
4031	1 
4032	32 
4033	39 
4034	2 
4035	26 
4036	8 
4037	73 
4038	68 
4039	11 
4040	37 
4041	38 
4042	85 
4043	12 
4044	75 
4045	82 
4046	5 
4047	36 
4048	38 
4049	54 
4050	10 
4051	74 
4052	12 
4053	28 
4054	77 
4055	62 
4056	15 
4057	27 
4058	86 
4059	84 
4060	60 
4061	9 
4062	85 
4063	60 
4064	8 
4065	69 
4066	47 
4067	79 
4068	63 
4069	55 
4070	31 
4071	7 
4072	42 
4073	69 
4074	7 
4075	50 
4076	1 
4077	54 
4078	40 
4079	80 
4080	21 
4081	9 
4082	5 
4083	73 
4084	11 
4085	64 
4086	10 
4087	68 
4088	74 
4089	1 
4090	32 
4091	37 
4092	30 
4093	15 
4094	60 
4095	30 
4096	43 
4097	2 
4098	26 
4099	9 
4100	82 
4101	30 
4102	86 
4103	35 
4104	30 
4105	38 
4106	31 
4107	78 
4108	38 
4109	71 
4110	7 
4111	73 
4112	28 
4113	1 
4114	44 
4115	64 
4116	3 
4117	7 
4118	4 
4119	67 
4120	39 
4121	29 
4122	35 
4123	76 
4124	86 
4125	88 
4126	76 
4127	26 
4128	72 
4129	75 
4130	33 
4131	2 
4132	62 
4133	62 
4134	10 
4135	41 
4136	12 
4137	5 
4138	30 
4139	28 
4140	37 
4141	88 
4142	64 
4143	4 
4144	36 
4145	60 
4146	5 
4147	27 
4148	70 
4149	26 
4150	26 
4151	42 
4152	51 
4153	10 
4154	10 
4155	28 
4156	33 
4157	80 
4158	56 
4159	14 
4160	34 
4161	36 
4162	35 
4163	73 
4164	36 
4165	9 
4166	39 
4167	3 
4168	3 
4169	41 
4170	47 
4171	5 
4172	34 
4173	83 
4174	83 
4175	38 
4176	85 
4177	84 
4178	37 
4179	45 
4180	65 
4181	28 
4182	9 
4183	84 
4184	35 
4185	28 
4186	22 
4187	7 
4188	61 
4189	74 
4190	85 
4191	81 
4192	2 
4193	13 
4194	30 
4195	7 
4196	5 
4197	54 
4198	4 
4199	5 
4200	11 
4201	14 
4202	7 
4203	68 
4204	38 
4205	4 
4206	81 
4207	16 
4208	27 
4209	49 
4210	49 
4211	50 
4212	14 
4213	22 
4214	79 
4215	68 
4216	25 
4217	62 
4218	44 
4219	1 
4220	32 
4221	55 
4222	16 
4223	54 
4224	55 
4225	28 
4226	28 
4227	36 
4228	68 
4229	83 
4230	65 
4231	1 
4232	76 
4233	65 
4234	21 
4235	72 
4236	2 
4237	71 
4238	13 
4239	50 
4240	45 
4241	68 
4242	88 
4243	3 
4244	40 
4245	23 
4246	62 
4247	34 
4248	26 
4249	48 
4250	28 
4251	9 
4252	53 
4253	12 
4254	35 
4255	47 
4256	73 
4257	81 
4258	13 
4259	32 
4260	51 
4261	36 
4262	53 
4263	45 
4264	47 
4265	83 
4266	78 
4267	49 
4268	72 
4269	65 
4270	57 
4271	67 
4272	88 
4273	38 
4274	42 
4275	81 
4276	18 
4277	73 
4278	84 
4279	1 
4280	18 
4281	72 
4282	56 
4283	46 
4284	27 
4285	14 
4286	38 
4287	13 
4288	17 
4289	57 
4290	22 
4291	60 
4292	59 
4293	32 
4294	45 
4295	67 
4296	50 
4297	2 
4298	26 
4299	73 
4300	72 
4301	79 
4302	51 
4303	25 
4304	84 
4305	66 
4306	86 
4307	68 
4308	10 
4309	46 
4310	79 
4311	57 
4312	21 
4313	46 
4314	7 
4315	34 
4316	38 
4317	44 
4318	38 
4319	78 
4320	37 
4321	1 
4322	55 
4323	75 
4324	41 
4325	16 
4326	71 
4327	28 
4328	10 
4329	8 
4330	17 
4331	51 
4332	7 
4333	47 
4334	8 
4335	12 
4336	62 
4337	30 
4338	77 
4339	42 
4340	10 
4341	41 
4342	24 
4343	68 
4344	76 
4345	57 
4346	59 
4347	70 
4348	37 
4349	81 
4350	56 
4351	41 
4352	77 
4353	87 
4354	35 
4355	31 
4356	3 
4357	69 
4358	56 
4359	49 
4360	57 
4361	41 
4362	47 
4363	63 
4364	24 
4365	48 
4366	6 
4367	50 
4368	78 
4369	40 
4370	69 
4371	59 
4372	84 
4373	46 
4374	30 
4375	37 
4376	51 
4377	14 
4378	44 
4379	79 
4380	71 
4381	29 
4382	66 
4383	55 
4384	48 
4385	30 
4386	27 
4387	45 
4388	16 
4389	7 
4390	12 
4391	65 
4392	2 
4393	37 
4394	2 
4395	3 
4396	79 
4397	20 
4398	32 
4399	42 
4400	31 
4401	15 
4402	75 
4403	13 
4404	72 
4405	68 
4406	3 
4407	38 
4408	32 
4409	84 
4410	30 
4411	10 
4412	57 
4413	4 
4414	7 
4415	41 
4416	26 
4417	73 
4418	9 
4419	79 
4420	3 
4421	28 
4422	58 
4423	47 
4424	42 
4425	1 
4426	39 
4427	8 
4428	45 
4429	65 
4430	7 
4431	2 
4432	79 
4433	76 
4434	84 
4435	82 
4436	10 
4437	37 
4438	37 
4439	41 
4440	80 
4441	85 
4442	80 
4443	64 
4444	4 
4445	12 
4446	63 
4447	74 
4448	28 
4449	11 
4450	2 
4451	4 
4452	14 
4453	37 
4454	49 
4455	81 
4456	9 
4457	4 
4458	84 
4459	84 
4460	32 
4461	41 
4462	1 
4463	54 
4464	57 
4465	13 
4466	59 
4467	35 
4468	37 
4469	2 
4470	51 
4471	22 
4472	59 
4473	42 
4474	28 
4475	47 
4476	34 
4477	9 
4478	74 
4479	56 
4480	27 
4481	75 
4482	38 
4483	50 
4484	84 
4485	10 
4486	58 
4487	10 
4488	58 
4489	42 
4490	51 
4491	22 
4492	31 
4493	25 
4494	27 
4495	82 
4496	29 
4497	76 
4498	42 
4499	19 
4500	69 
4501	27 
4502	20 
4503	28 
4504	6 
4505	54 
4506	21 
4507	41 
4508	21 
4509	52 
4510	34 
4511	66 
4512	83 
4513	82 
4514	41 
4515	22 
4516	15 
4517	18 
4518	64 
4519	41 
4520	75 
4521	55 
4522	45 
4523	39 
4524	1 
4525	88 
4526	88 
4527	53 
4528	88 
4529	28 
4530	58 
4531	38 
4532	74 
4533	30 
4534	62 
4535	59 
4536	59 
4537	37 
4538	33 
4539	54 
4540	33 
4541	83 
4542	87 
4543	46 
4544	72 
4545	18 
4546	51 
4547	68 
4548	43 
4549	56 
4550	64 
4551	62 
4552	30 
4553	56 
4554	84 
4555	56 
4556	34 
4557	33 
4558	60 
4559	11 
4560	2 
4561	35 
4562	28 
4563	40 
4564	56 
4565	82 
4566	48 
4567	78 
4568	10 
4569	77 
4570	71 
4571	54 
4572	65 
4573	44 
4574	51 
4575	65 
4576	84 
4577	67 
4578	40 
4579	84 
4580	52 
4581	87 
4582	37 
4583	87 
4584	73 
4585	36 
4586	71 
4587	44 
4588	3 
4589	33 
4590	69 
4591	1 
4592	78 
4593	49 
4594	55 
4595	41 
4596	11 
4597	21 
4598	51 
4599	65 
4600	66 
4601	11 
4602	87 
4603	57 
4604	67 
4605	57 
4606	77 
4607	23 
4608	17 
4609	75 
4610	39 
4611	12 
4612	10 
4613	71 
4614	12 
4615	18 
4616	37 
4617	36 
4618	61 
4619	68 
4620	18 
4621	32 
4622	9 
4623	17 
4624	44 
4625	73 
4626	23 
4627	73 
4628	57 
4629	74 
4630	63 
4631	82 
4632	17 
4633	64 
4634	83 
4635	14 
4636	21 
4637	87 
4638	51 
4639	42 
4640	86 
4641	49 
4642	18 
4643	66 
4644	16 
4645	78 
4646	27 
4647	54 
4648	12 
4649	62 
4650	75 
4651	5 
4652	71 
4653	47 
4654	57 
4655	51 
4656	47 
4657	7 
4658	40 
4659	16 
4660	68 
4661	21 
4662	46 
4663	49 
4664	54 
4665	44 
4666	47 
4667	21 
4668	30 
4669	7 
4670	26 
4671	88 
4672	7 
4673	33 
4674	8 
4675	14 
4676	58 
4677	36 
4678	39 
4679	8 
4680	61 
4681	26 
4682	72 
4683	21 
4684	55 
4685	49 
4686	30 
4687	10 
4688	17 
4689	30 
4690	2 
4691	39 
4692	34 
4693	19 
4694	82 
4695	84 
4696	86 
4697	87 
4698	70 
4699	37 
4700	51 
4701	78 
4702	2 
4703	69 
4704	57 
4705	57 
4706	79 
4707	38 
4708	50 
4709	78 
4710	38 
4711	9 
4712	51 
4713	56 
4714	48 
4715	73 
4716	39 
4717	60 
4718	17 
4719	83 
4720	75 
4721	6 
4722	13 
4723	87 
4724	6 
4725	26 
4726	42 
4727	70 
4728	70 
4729	26 
4730	27 
4731	66 
4732	65 
4733	36 
4734	11 
4735	74 
4736	88 
4737	40 
4738	46 
4739	47 
4740	87 
4741	37 
4742	14 
4743	29 
4744	46 
4745	50 
4746	87 
4747	42 
4748	49 
4749	10 
4750	51 
4751	50 
4752	28 
4753	43 
4754	12 
4755	88 
4756	86 
4757	28 
4758	26 
4759	75 
4760	32 
4761	66 
4762	72 
4763	7 
4764	34 
4765	17 
4766	30 
4767	4 
4768	88 
4769	2 
4770	65 
4771	12 
4772	32 
4773	3 
4774	16 
4775	30 
4776	82 
4777	43 
4778	52 
4779	46 
4780	17 
4781	32 
4782	2 
4783	29 
4784	33 
4785	60 
4786	15 
4787	10 
4788	25 
4789	8 
4790	37 
4791	21 
4792	69 
4793	50 
4794	86 
4795	38 
4796	74 
4797	81 
4798	50 
4799	60 
4800	65 
4801	59 
4802	33 
4803	78 
4804	47 
4805	65 
4806	33 
4807	28 
4808	69 
4809	71 
4810	41 
4811	71 
4812	10 
4813	42 
4814	56 
4815	10 
4816	33 
4817	48 
4818	50 
4819	33 
4820	35 
4821	67 
4822	34 
4823	9 
4824	8 
4825	17 
4826	72 
4827	72 
4828	55 
4829	8 
4830	47 
4831	18 
4832	82 
4833	48 
4834	31 
4835	8 
4836	88 
4837	3 
4838	22 
4839	27 
4840	25 
4841	7 
4842	38 
4843	45 
4844	21 
4845	29 
4846	83 
4847	52 
4848	74 
4849	1 
4850	4 
4851	23 
4852	24 
4853	43 
4854	38 
4855	44 
4856	6 
4857	34 
4858	45 
4859	48 
4860	41 
4861	59 
4862	45 
4863	67 
4864	49 
4865	37 
4866	23 
4867	25 
4868	48 
4869	28 
4870	76 
4871	70 
4872	57 
4873	28 
4874	33 
4875	32 
4876	77 
4877	36 
4878	42 
4879	6 
4880	37 
4881	70 
4882	1 
4883	84 
4884	13 
4885	16 
4886	59 
4887	16 
4888	77 
4889	22 
4890	49 
4891	13 
4892	71 
4893	17 
4894	43 
4895	87 
4896	68 
4897	42 
4898	10 
4899	58 
4900	34 
4901	41 
4902	27 
4903	51 
4904	12 
4905	2 
4906	20 
4907	86 
4908	6 
4909	21 
4910	76 
4911	75 
4912	10 
4913	16 
4914	48 
4915	70 
4916	11 
4917	54 
4918	21 
4919	63 
4920	59 
4921	30 
4922	76 
4923	20 
4924	24 
4925	41 
4926	31 
4927	85 
4928	71 
4929	85 
4930	1 
4931	18 
4932	1 
4933	77 
4934	16 
4935	45 
4936	66 
4937	3 
4938	26 
4939	10 
4940	80 
4941	37 
4942	1 
4943	85 
4944	17 
4945	72 
4946	69 
4947	73 
4948	19 
4949	7 
4950	35 
4951	44 
4952	6 
4953	41 
4954	54 
4955	40 
4956	13 
4957	60 
4958	71 
4959	82 
4960	79 
4961	8 
4962	79 
4963	58 
4964	18 
4965	51 
4966	59 
4967	85 
4968	37 
4969	71 
4970	83 
4971	26 
4972	72 
4973	15 
4974	11 
4975	24 
4976	26 
4977	56 
4978	41 
4979	53 
4980	56 
4981	41 
4982	55 
4983	62 
4984	61 
4985	41 
4986	14 
4987	29 
4988	50 
4989	72 
4990	54 
4991	46 
4992	6 
4993	39 
4994	69 
4995	19 
4996	21 
4997	74 
4998	72 
4999	3 
5000	30 
5001	15 
5002	30 
5003	3 
5004	83 
5005	50 
5006	47 
5007	73 
5008	51 
5009	21 
5010	71 
5011	20 
5012	54 
5013	63 
5014	37 
5015	59 
5016	16 
5017	25 
5018	60 
5019	40 
5020	14 
5021	50 
5022	80 
5023	27 
5024	68 
5025	70 
5026	43 
5027	79 
5028	15 
5029	53 
5030	24 
5031	82 
5032	50 
5033	44 
5034	86 
5035	73 
5036	52 
5037	3 
5038	14 
5039	80 
5040	37 
5041	20 
5042	88 
5043	79 
5044	84 
5045	12 
5046	7 
5047	73 
5048	81 
5049	88 
5050	52 
5051	29 
5052	39 
5053	52 
5054	4 
5055	87 
5056	27 
5057	53 
5058	50 
5059	5 
5060	2 
5061	27 
5062	4 
5063	3 
5064	41 
5065	10 
5066	46 
5067	17 
5068	7 
5069	76 
5070	25 
5071	18 
5072	26 
5073	12 
5074	3 
5075	73 
5076	41 
5077	58 
5078	1 
5079	27 
5080	9 
5081	88 
5082	54 
5083	15 
5084	50 
5085	37 
5086	78 
5087	40 
5088	24 
5089	34 
5090	79 
5091	84 
5092	14 
5093	17 
5094	7 
5095	26 
5096	56 
5097	67 
5098	57 
5099	26 
5100	63 
5101	74 
5102	85 
5103	76 
5104	63 
5105	25 
5106	36 
5107	87 
5108	88 
5109	31 
5110	82 
5111	21 
5112	51 
5113	54 
5114	84 
5115	7 
5116	33 
5117	58 
5118	58 
5119	36 
5120	16 
5121	29 
5122	55 
5123	22 
5124	6 
5125	7 
5126	46 
5127	3 
5128	56 
5129	42 
5130	14 
5131	68 
5132	35 
5133	37 
5134	83 
5135	68 
5136	60 
5137	72 
5138	81 
5139	11 
5140	8 
5141	27 
5142	62 
5143	30 
5144	17 
5145	56 
5146	74 
5147	58 
5148	4 
5149	80 
5150	84 
5151	32 
5152	78 
5153	82 
5154	77 
5155	25 
5156	16 
5157	2 
5158	32 
5159	52 
5160	43 
5161	54 
5162	56 
5163	25 
5164	22 
5165	47 
5166	8 
5167	66 
5168	63 
5169	67 
5170	70 
5171	19 
5172	22 
5173	27 
5174	33 
5175	71 
5176	53 
5177	10 
5178	32 
5179	31 
5180	83 
5181	85 
5182	8 
5183	34 
5184	34 
5185	4 
5186	2 
5187	48 
5188	31 
5189	11 
5190	37 
5191	42 
5192	47 
5193	82 
5194	72 
5195	57 
5196	58 
5197	51 
5198	22 
5199	69 
5200	30 
5201	78 
5202	82 
5203	8 
5204	54 
5205	25 
5206	74 
5207	42 
5208	2 
5209	6 
5210	14 
5211	40 
5212	2 
5213	23 
5214	74 
5215	78 
5216	49 
5217	86 
5218	25 
5219	39 
5220	15 
5221	69 
5222	26 
5223	82 
5224	85 
5225	16 
5226	65 
5227	87 
5228	74 
5229	74 
5230	81 
5231	38 
5232	84 
5233	13 
5234	46 
5235	81 
5236	39 
5237	56 
5238	54 
5239	15 
5240	34 
5241	20 
5242	12 
5243	16 
5244	61 
5245	59 
5246	82 
5247	26 
5248	42 
5249	26 
5250	69 
5251	25 
5252	47 
5253	2 
5254	36 
5255	33 
5256	26 
5257	36 
5258	27 
5259	41 
5260	44 
5261	25 
5262	3 
5263	56 
5264	67 
5265	62 
5266	53 
5267	64 
5268	31 
5269	75 
5270	12 
5271	70 
5272	53 
5273	76 
5274	83 
5275	24 
5276	14 
5277	51 
5278	88 
5279	53 
5280	48 
5281	25 
5282	67 
5283	49 
5284	78 
5285	15 
5286	57 
5287	20 
5288	71 
5289	76 
5290	87 
5291	45 
5292	59 
5293	35 
5294	76 
5295	12 
5296	17 
5297	59 
5298	40 
5299	34 
5300	83 
5301	36 
5302	36 
5303	9 
5304	31 
5305	76 
5306	27 
5307	59 
5308	35 
5309	38 
5310	84 
5311	84 
5312	37 
5313	12 
5314	12 
5315	36 
5316	23 
5317	62 
5318	45 
5319	18 
5320	12 
5321	84 
5322	81 
5323	79 
5324	16 
5325	59 
5326	85 
5327	46 
5328	27 
5329	26 
5330	21 
5331	21 
5332	12 
5333	71 
5334	28 
5335	74 
5336	68 
5337	52 
5338	69 
5339	8 
5340	73 
5341	60 
5342	51 
5343	13 
5344	4 
5345	39 
5346	82 
5347	83 
5348	36 
5349	73 
5350	73 
5351	76 
5352	31 
5353	47 
5354	73 
5355	16 
5356	47 
5357	9 
5358	69 
5359	73 
5360	56 
5361	58 
5362	79 
5363	40 
5364	33 
5365	50 
5366	63 
5367	60 
5368	54 
5369	56 
5370	44 
5371	43 
5372	27 
5373	18 
5374	7 
5375	59 
5376	74 
5377	23 
5378	48 
5379	50 
5380	84 
5381	4 
5382	70 
5383	16 
5384	60 
5385	15 
5386	60 
5387	36 
5388	65 
5389	60 
5390	4 
5391	73 
5392	83 
5393	85 
5394	8 
5395	75 
5396	72 
5397	14 
5398	66 
5399	47 
5400	37 
5401	51 
5402	12 
5403	5 
5404	81 
5405	40 
5406	39 
5407	11 
5408	1 
5409	15 
5410	15 
5411	45 
5412	72 
5413	44 
5414	52 
5415	66 
5416	14 
5417	55 
5418	21 
5419	14 
5420	67 
5421	10 
5422	1 
5423	66 
5424	71 
5425	11 
5426	14 
5427	80 
5428	24 
5429	81 
5430	79 
5431	10 
5432	52 
5433	42 
5434	45 
5435	26 
5436	59 
5437	12 
5438	13 
5439	61 
5440	59 
5441	52 
5442	15 
5443	39 
5444	9 
5445	30 
5446	13 
5447	52 
5448	44 
5449	59 
5450	62 
5451	56 
5452	13 
5453	30 
5454	44 
5455	26 
5456	10 
5457	75 
5458	43 
5459	37 
5460	68 
5461	71 
5462	59 
5463	25 
5464	74 
5465	56 
5466	75 
5467	36 
5468	85 
5469	53 
5470	85 
5471	79 
5472	73 
5473	51 
5474	23 
5475	74 
5476	13 
5477	37 
5478	71 
5479	75 
5480	13 
5481	28 
5482	16 
5483	85 
5484	19 
5485	56 
5486	67 
5487	86 
5488	83 
5489	3 
5490	17 
5491	71 
5492	76 
5493	74 
5494	74 
5495	61 
5496	23 
5497	5 
5498	7 
5499	34 
5500	78 
5501	34 
5502	4 
5503	9 
5504	74 
5505	9 
5506	71 
5507	39 
5508	47 
5509	26 
5510	83 
5511	14 
5512	84 
5513	86 
5514	68 
5515	28 
5516	40 
5517	10 
5518	28 
5519	24 
5520	31 
5521	58 
5522	13 
5523	24 
5524	38 
5525	14 
5526	12 
5527	1 
5528	55 
5529	25 
5530	69 
5531	21 
5532	31 
5533	72 
5534	28 
5535	32 
5536	85 
5537	65 
5538	71 
5539	5 
5540	63 
5541	69 
5542	24 
5543	75 
5544	36 
5545	19 
5546	37 
5547	49 
5548	5 
5549	85 
5550	68 
5551	40 
5552	46 
5553	54 
5554	85 
5555	51 
5556	6 
5557	53 
5558	60 
5559	55 
5560	41 
5561	46 
5562	32 
5563	36 
5564	29 
5565	33 
5566	79 
5567	46 
5568	16 
5569	23 
5570	15 
5571	86 
5572	59 
5573	58 
5574	60 
5575	69 
5576	2 
5577	19 
5578	76 
5579	87 
5580	71 
5581	74 
5582	67 
5583	75 
5584	40 
5585	44 
5586	29 
5587	72 
5588	63 
5589	42 
5590	66 
5591	84 
5592	10 
5593	87 
5594	14 
5595	71 
5596	30 
5597	42 
5598	70 
5599	42 
5600	37 
5601	69 
5602	29 
5603	13 
5604	41 
5605	53 
5606	56 
5607	22 
5608	43 
5609	20 
5610	46 
5611	20 
5612	83 
5613	69 
5614	72 
5615	81 
5616	68 
5617	24 
5618	9 
5619	30 
5620	70 
5621	7 
5622	41 
5623	26 
5624	69 
5625	37 
5626	19 
5627	53 
5628	75 
5629	54 
5630	84 
5631	31 
5632	15 
5633	65 
5634	67 
5635	47 
5636	23 
5637	6 
5638	71 
5639	17 
5640	1 
5641	71 
5642	82 
5643	15 
5644	55 
5645	14 
5646	46 
5647	68 
5648	85 
5649	14 
5650	18 
5651	61 
5652	87 
5653	46 
5654	29 
5655	50 
5656	64 
5657	11 
5658	41 
5659	73 
5660	21 
5661	40 
5662	52 
5663	75 
5664	18 
5665	71 
5666	77 
5667	77 
5668	46 
5669	79 
5670	33 
5671	54 
5672	87 
5673	27 
5674	18 
5675	49 
5676	24 
5677	74 
5678	54 
5679	84 
5680	54 
5681	49 
5682	8 
5683	54 
5684	2 
5685	64 
5686	14 
5687	84 
5688	85 
5689	82 
5690	85 
5691	6 
5692	79 
5693	56 
5694	6 
5695	33 
5696	30 
5697	75 
5698	60 
5699	27 
5700	41 
5701	79 
5702	43 
5703	73 
5704	37 
5705	12 
5706	37 
5707	55 
5708	4 
5709	49 
5710	36 
5711	2 
5712	79 
5713	69 
5714	44 
5715	87 
5716	33 
5717	28 
5718	1 
5719	70 
5720	76 
5721	61 
5722	29 
5723	74 
5724	10 
5725	53 
5726	56 
5727	71 
5728	52 
5729	66 
5730	51 
5731	71 
5732	28 
5733	33 
5734	20 
5735	56 
5736	85 
5737	32 
5738	75 
5739	82 
5740	57 
5741	25 
5742	33 
5743	49 
5744	18 
5745	50 
5746	8 
5747	21 
5748	83 
5749	22 
5750	65 
5751	11 
5752	21 
5753	87 
5754	61 
5755	31 
5756	30 
5757	12 
5758	88 
5759	74 
5760	47 
5761	33 
5762	49 
5763	52 
5764	61 
5765	66 
5766	75 
5767	56 
5768	34 
5769	58 
5770	22 
5771	8 
5772	35 
5773	87 
5774	10 
5775	3 
5776	52 
5777	57 
5778	47 
5779	84 
5780	21 
5781	69 
5782	16 
5783	5 
5784	41 
5785	40 
5786	4 
5787	28 
5788	28 
5789	1 
5790	30 
5791	10 
5792	12 
5793	35 
5794	51 
5795	54 
5796	79 
5797	17 
5798	39 
5799	58 
5800	27 
5801	3 
5802	51 
5803	76 
5804	73 
5805	67 
5806	49 
5807	63 
5808	86 
5809	13 
5810	33 
5811	56 
5812	31 
5813	17 
5814	7 
5815	6 
5816	42 
5817	19 
5818	57 
5819	69 
5820	80 
5821	46 
5822	7 
5823	15 
5824	24 
5825	5 
5826	42 
5827	61 
5828	24 
5829	25 
5830	72 
5831	85 
5832	69 
5833	58 
5834	82 
5835	38 
5836	74 
5837	33 
5838	55 
5839	17 
5840	45 
5841	80 
5842	84 
5843	36 
5844	12 
5845	61 
5846	85 
5847	23 
5848	82 
5849	38 
5850	57 
5851	81 
5852	50 
5853	59 
5854	78 
5855	40 
5856	35 
5857	71 
5858	14 
5859	21 
5860	36 
5861	14 
5862	62 
5863	73 
5864	45 
5865	26 
5866	47 
5867	32 
5868	22 
5869	49 
5870	83 
5871	9 
5872	76 
5873	2 
5874	4 
5875	31 
5876	56 
5877	23 
5878	47 
5879	11 
5880	85 
5881	78 
5882	26 
5883	42 
5884	42 
5885	14 
5886	80 
5887	15 
5888	28 
5889	39 
5890	77 
5891	26 
5892	19 
5893	45 
5894	47 
5895	18 
5896	71 
5897	4 
5898	1 
5899	5 
5900	51 
5901	80 
5902	52 
5903	79 
5904	17 
5905	2 
5906	38 
5907	75 
5908	19 
5909	61 
5910	26 
5911	57 
5912	59 
5913	41 
5914	10 
5915	78 
5916	21 
5917	88 
5918	12 
5919	88 
5920	53 
5921	79 
5922	61 
5923	39 
5924	51 
5925	4 
5926	84 
5927	45 
5928	26 
5929	23 
5930	54 
5931	36 
5932	42 
5933	42 
5934	63 
5935	43 
5936	44 
5937	38 
5938	63 
5939	82 
5940	69 
5941	50 
5942	4 
5943	41 
5944	49 
5945	50 
5946	61 
5947	54 
5948	27 
5949	4 
5950	55 
5951	52 
5952	62 
5953	2 
5954	88 
5955	33 
5956	37 
5957	21 
5958	87 
5959	15 
5960	45 
5961	7 
5962	21 
5963	79 
5964	59 
5965	56 
5966	18 
5967	81 
5968	43 
5969	58 
5970	85 
5971	74 
5972	84 
5973	63 
5974	21 
5975	21 
5976	47 
5977	28 
5978	13 
5979	35 
5980	75 
5981	85 
5982	50 
5983	33 
5984	25 
5985	27 
5986	26 
5987	33 
5988	45 
5989	62 
5990	74 
5991	67 
5992	12 
5993	35 
5994	23 
5995	11 
5996	39 
5997	73 
5998	58 
5999	49 
6000	30 
6001	24 
6002	61 
6003	49 
6004	66 
6005	16 
6006	49 
6007	46 
6008	19 
6009	12 
6010	57 
6011	84 
6012	35 
6013	39 
6014	12 
6015	33 
6016	28 
6017	64 
6018	88 
6019	7 
6020	63 
6021	66 
6022	67 
6023	86 
6024	32 
6025	46 
6026	16 
6027	18 
6028	19 
6029	29 
6030	78 
6031	73 
6032	87 
6033	46 
6034	68 
6035	86 
6036	62 
6037	35 
6038	58 
6039	63 
6040	46 
6041	21 
6042	29 
6043	33 
6044	82 
6045	36 
6046	10 
6047	50 
6048	35 
6049	10 
6050	76 
6051	19 
6052	46 
6053	54 
6054	73 
6055	61 
6056	75 
6057	42 
6058	32 
6059	28 
6060	44 
6061	46 
6062	24 
6063	42 
6064	58 
6065	6 
6066	82 
6067	58 
6068	21 
6069	36 
6070	37 
6071	38 
6072	41 
6073	26 
6074	83 
6075	68 
6076	19 
6077	12 
6078	73 
6079	70 
6080	44 
6081	7 
6082	22 
6083	12 
6084	59 
6085	8 
6086	22 
6087	32 
6088	36 
6089	57 
6090	19 
6091	10 
6092	35 
6093	72 
6094	70 
6095	10 
6096	51 
6097	23 
6098	24 
6099	79 
6100	68 
6101	71 
6102	68 
6103	50 
6104	34 
6105	66 
6106	63 
6107	11 
6108	47 
6109	80 
6110	2 
6111	74 
6112	36 
6113	20 
6114	25 
6115	44 
6116	82 
6117	24 
6118	57 
6119	25 
6120	1 
6121	71 
6122	77 
6123	52 
6124	41 
6125	50 
6126	50 
6127	83 
6128	60 
6129	76 
6130	28 
6131	37 
6132	55 
6133	18 
6134	20 
6135	68 
6136	59 
6137	64 
6138	53 
6139	27 
6140	76 
6141	18 
6142	69 
6143	21 
6144	84 
6145	88 
6146	73 
6147	13 
6148	62 
6149	46 
6150	74 
6151	4 
6152	13 
6153	20 
6154	3 
6155	87 
6156	34 
6157	24 
6158	7 
6159	58 
6160	64 
6161	8 
6162	83 
6163	41 
6164	76 
6165	4 
6166	67 
6167	24 
6168	17 
6169	76 
6170	87 
6171	7 
6172	3 
6173	34 
6174	7 
6175	68 
6176	80 
6177	57 
6178	79 
6179	3 
6180	62 
6181	2 
6182	17 
6183	50 
6184	19 
6185	43 
6186	7 
6187	54 
6188	64 
6189	72 
6190	28 
6191	66 
6192	40 
6193	70 
6194	42 
6195	16 
6196	8 
6197	46 
6198	36 
6199	63 
6200	82 
6201	33 
6202	79 
6203	48 
6204	17 
6205	4 
6206	52 
6207	86 
6208	1 
6209	88 
6210	79 
6211	66 
6212	71 
6213	51 
6214	12 
6215	25 
6216	12 
6217	49 
6218	53 
6219	23 
6220	46 
6221	39 
6222	87 
6223	64 
6224	54 
6225	68 
6226	41 
6227	10 
6228	26 
6229	60 
6230	24 
6231	80 
6232	51 
6233	38 
6234	77 
6235	37 
6236	37 
6237	27 
6238	73 
6239	58 
6240	41 
6241	29 
6242	41 
6243	88 
6244	46 
6245	54 
6246	27 
6247	12 
6248	14 
6249	87 
6250	48 
6251	47 
6252	71 
6253	85 
6254	65 
6255	76 
6256	53 
6257	71 
6258	2 
6259	83 
6260	69 
6261	52 
6262	32 
6263	33 
6264	71 
6265	73 
6266	22 
6267	14 
6268	73 
6269	31 
6270	25 
6271	16 
6272	15 
6273	57 
6274	35 
6275	25 
6276	25 
6277	45 
6278	51 
6279	44 
6280	15 
6281	23 
6282	71 
6283	58 
6284	36 
6285	50 
6286	43 
6287	56 
6288	87 
6289	83 
6290	8 
6291	50 
6292	37 
6293	26 
6294	31 
6295	6 
6296	73 
6297	26 
6298	25 
6299	13 
6300	71 
6301	26 
6302	33 
6303	16 
6304	5 
6305	87 
6306	14 
6307	73 
6308	9 
6309	18 
6310	50 
6311	31 
6312	32 
6313	81 
6314	14 
6315	46 
6316	47 
6317	67 
6318	63 
6319	79 
6320	82 
6321	30 
6322	80 
6323	15 
6324	17 
6325	58 
6326	38 
6327	40 
6328	64 
6329	85 
6330	88 
6331	51 
6332	41 
6333	20 
6334	73 
6335	77 
6336	54 
6337	29 
6338	75 
6339	23 
6340	55 
6341	40 
6342	28 
6343	38 
6344	21 
6345	32 
6346	45 
6347	70 
6348	26 
6349	51 
6350	45 
6351	54 
6352	32 
6353	46 
6354	63 
6355	27 
6356	2 
6357	23 
6358	42 
6359	69 
6360	47 
6361	64 
6362	60 
6363	2 
6364	71 
6365	70 
6366	63 
6367	14 
6368	7 
6369	10 
6370	87 
6371	33 
6372	26 
6373	40 
6374	10 
6375	26 
6376	60 
6377	31 
6378	57 
6379	81 
6380	33 
6381	4 
6382	19 
6383	82 
6384	38 
6385	79 
6386	45 
6387	79 
6388	56 
6389	11 
6390	34 
6391	40 
6392	28 
6393	35 
6394	82 
6395	86 
6396	86 
6397	41 
6398	19 
6399	2 
6400	55 
6401	38 
6402	30 
6403	68 
6404	75 
6405	26 
6406	83 
6407	51 
6408	5 
6409	73 
6410	64 
6411	2 
6412	45 
6413	64 
6414	21 
6415	86 
6416	60 
6417	88 
6418	83 
6419	14 
6420	87 
6421	82 
6422	1 
6423	57 
6424	13 
6425	27 
6426	10 
6427	23 
6428	72 
6429	83 
6430	25 
6431	45 
6432	17 
6433	14 
6434	76 
6435	19 
6436	59 
6437	48 
6438	43 
6439	30 
6440	49 
6441	19 
6442	41 
6443	60 
6444	85 
6445	77 
6446	34 
6447	86 
6448	74 
6449	5 
6450	79 
6451	60 
6452	1 
6453	12 
6454	82 
6455	69 
6456	70 
6457	51 
6458	65 
6459	11 
6460	1 
6461	63 
6462	34 
6463	40 
6464	55 
6465	64 
6466	47 
6467	71 
6468	68 
6469	68 
6470	1 
6471	5 
6472	23 
6473	86 
6474	10 
6475	31 
6476	28 
6477	6 
6478	16 
6479	33 
6480	77 
6481	3 
6482	46 
6483	83 
6484	4 
6485	72 
6486	37 
6487	60 
6488	10 
6489	31 
6490	13 
6491	36 
6492	72 
6493	46 
6494	63 
6495	52 
6496	73 
6497	75 
6498	71 
6499	9 
6500	9 
6501	72 
6502	13 
6503	27 
6504	51 
6505	18 
6506	72 
6507	79 
6508	13 
6509	70 
6510	37 
6511	11 
6512	9 
6513	47 
6514	73 
6515	40 
6516	63 
6517	36 
6518	68 
6519	33 
6520	30 
6521	55 
6522	26 
6523	38 
6524	69 
6525	49 
6526	54 
6527	1 
6528	19 
6529	28 
6530	5 
6531	22 
6532	20 
6533	56 
6534	49 
6535	77 
6536	35 
6537	81 
6538	69 
6539	77 
6540	27 
6541	60 
6542	20 
6543	81 
6544	29 
6545	61 
6546	24 
6547	40 
6548	41 
6549	31 
6550	85 
6551	2 
6552	49 
6553	7 
6554	63 
6555	28 
6556	33 
6557	74 
6558	71 
6559	59 
6560	69 
6561	41 
6562	85 
6563	37 
6564	37 
6565	81 
6566	88 
6567	26 
6568	51 
6569	46 
6570	23 
6571	73 
6572	1 
6573	82 
6574	21 
6575	51 
6576	14 
6577	30 
6578	5 
6579	66 
6580	33 
6581	83 
6582	74 
6583	69 
6584	52 
6585	46 
6586	74 
6587	53 
6588	68 
6589	38 
6590	58 
6591	13 
6592	63 
6593	24 
6594	8 
6595	32 
6596	22 
6597	82 
6598	66 
6599	83 
6600	1 
6601	42 
6602	65 
6603	70 
6604	53 
6605	13 
6606	54 
6607	80 
6608	72 
6609	56 
6610	24 
6611	29 
6612	54 
6613	2 
6614	9 
6615	12 
6616	53 
6617	4 
6618	73 
6619	9 
6620	14 
6621	76 
6622	79 
6623	59 
6624	84 
6625	68 
6626	37 
6627	37 
6628	81 
6629	55 
6630	45 
6631	63 
6632	47 
6633	78 
6634	18 
6635	10 
6636	52 
6637	40 
6638	38 
6639	87 
6640	40 
6641	15 
6642	53 
6643	15 
6644	54 
6645	10 
6646	30 
6647	80 
6648	69 
6649	5 
6650	59 
6651	6 
6652	15 
6653	52 
6654	47 
6655	36 
6656	61 
6657	4 
6658	56 
6659	37 
6660	65 
6661	2 
6662	57 
6663	7 
6664	46 
6665	47 
6666	1 
6667	36 
6668	17 
6669	8 
6670	25 
6671	10 
6672	42 
6673	48 
6674	35 
6675	5 
6676	62 
6677	8 
6678	41 
6679	67 
6680	63 
6681	46 
6682	6 
6683	38 
6684	54 
6685	9 
6686	55 
6687	45 
6688	27 
6689	41 
6690	7 
6691	63 
6692	72 
6693	37 
6694	37 
6695	21 
6696	55 
6697	53 
6698	46 
6699	13 
6700	28 
6701	73 
6702	65 
6703	63 
6704	81 
6705	42 
6706	10 
6707	42 
6708	58 
6709	41 
6710	73 
6711	10 
6712	37 
6713	50 
6714	29 
6715	1 
6716	56 
6717	65 
6718	2 
6719	61 
6720	13 
6721	4 
6722	75 
6723	24 
6724	57 
6725	12 
6726	7 
6727	73 
6728	25 
6729	8 
6730	32 
6731	83 
6732	2 
6733	31 
6734	19 
6735	58 
6736	68 
6737	10 
6738	88 
6739	13 
6740	43 
6741	76 
6742	66 
6743	34 
6744	34 
6745	85 
6746	61 
6747	38 
6748	47 
6749	16 
6750	54 
6751	11 
6752	60 
6753	31 
6754	75 
6755	66 
6756	84 
6757	44 
6758	66 
6759	84 
6760	2 
6761	56 
6762	25 
6763	23 
6764	57 
6765	35 
6766	82 
6767	51 
6768	31 
6769	53 
6770	69 
6771	49 
6772	20 
6773	12 
6774	63 
6775	85 
6776	38 
6777	41 
6778	26 
6779	56 
6780	20 
6781	84 
6782	15 
6783	54 
6784	8 
6785	27 
6786	58 
6787	82 
6788	10 
6789	12 
6790	4 
6791	43 
6792	22 
6793	39 
6794	12 
6795	47 
6796	12 
6797	73 
6798	16 
6799	35 
6800	27 
6801	14 
6802	35 
6803	67 
6804	55 
6805	24 
6806	77 
6807	68 
6808	84 
6809	35 
6810	86 
6811	40 
6812	12 
6813	67 
6814	42 
6815	33 
6816	65 
6817	9 
6818	21 
6819	63 
6820	83 
6821	70 
6822	49 
6823	12 
6824	81 
6825	5 
6826	41 
6827	23 
6828	44 
6829	26 
6830	27 
6831	87 
6832	73 
6833	15 
6834	75 
6835	49 
6836	47 
6837	12 
6838	75 
6839	20 
6840	69 
6841	20 
6842	42 
6843	81 
6844	56 
6845	46 
6846	23 
6847	18 
6848	2 
6849	12 
6850	7 
6851	12 
6852	63 
6853	53 
6854	42 
6855	1 
6856	17 
6857	77 
6858	73 
6859	84 
6860	31 
6861	73 
6862	13 
6863	34 
6864	88 
6865	58 
6866	12 
6867	11 
6868	4 
6869	67 
6870	40 
6871	79 
6872	42 
6873	18 
6874	14 
6875	18 
6876	17 
6877	74 
6878	87 
6879	78 
6880	54 
6881	38 
6882	21 
6883	21 
6884	84 
6885	46 
6886	6 
6887	48 
6888	61 
6889	19 
6890	9 
6891	7 
6892	82 
6893	40 
6894	3 
6895	63 
6896	74 
6897	30 
6898	31 
6899	49 
6900	56 
6901	5 
6902	27 
6903	3 
6904	30 
6905	18 
6906	57 
6907	36 
6908	28 
6909	42 
6910	62 
6911	60 
6912	87 
6913	74 
6914	77 
6915	62 
6916	33 
6917	76 
6918	59 
6919	25 
6920	84 
6921	87 
6922	63 
6923	6 
6924	28 
6925	1 
6926	87 
6927	45 
6928	28 
6929	24 
6930	30 
6931	54 
6932	55 
6933	88 
6934	12 
6935	38 
6936	77 
6937	48 
6938	88 
6939	40 
6940	12 
6941	38 
6942	6 
6943	11 
6944	27 
6945	62 
6946	58 
6947	9 
6948	33 
6949	3 
6950	37 
6951	29 
6952	71 
6953	2 
6954	13 
6955	73 
6956	6 
6957	51 
6958	2 
6959	6 
6960	2 
6961	73 
6962	27 
6963	69 
6964	73 
6965	63 
6966	5 
6967	4 
6968	55 
6969	47 
6970	47 
6971	69 
6972	88 
6973	81 
6974	16 
6975	51 
6976	36 
6977	42 
6978	68 
6979	19 
6980	11 
6981	13 
6982	41 
6983	72 
6984	57 
6985	30 
6986	84 
6987	80 
6988	11 
6989	1 
6990	55 
6991	20 
6992	20 
6993	69 
6994	59 
6995	21 
6996	15 
6997	86 
6998	21 
6999	11 
7000	1 
7001	47 
7002	75 
7003	21 
7004	22 
7005	63 
7006	1 
7007	28 
7008	18 
7009	77 
7010	75 
7011	2 
7012	84 
7013	73 
7014	9 
7015	14 
7016	14 
7017	88 
7018	62 
7019	69 
7020	14 
7021	9 
7022	15 
7023	15 
7024	42 
7025	72 
7026	22 
7027	22 
7028	1 
7029	74 
7030	27 
7031	78 
7032	69 
7033	10 
7034	28 
7035	18 
7036	38 
7037	11 
7038	72 
7039	45 
7040	31 
7041	69 
7042	75 
7043	72 
7044	3 
7045	44 
7046	65 
7047	10 
7048	49 
7049	49 
7050	30 
7051	6 
7052	65 
7053	75 
7054	22 
7055	8 
7056	54 
7057	82 
7058	80 
7059	28 
7060	2 
7061	62 
7062	80 
7063	35 
7064	39 
7065	25 
7066	48 
7067	53 
7068	31 
7069	24 
7070	85 
7071	57 
7072	60 
7073	88 
7074	18 
7075	32 
7076	78 
7077	47 
7078	18 
7079	55 
7080	68 
7081	10 
7082	15 
7083	14 
7084	74 
7085	12 
7086	39 
7087	41 
7088	3 
7089	68 
7090	62 
7091	60 
7092	36 
7093	82 
7094	54 
7095	37 
7096	85 
7097	76 
7098	53 
7099	5 
7100	52 
7101	67 
7102	31 
7103	25 
7104	37 
7105	50 
7106	32 
7107	56 
7108	68 
7109	10 
7110	36 
7111	86 
7112	82 
7113	63 
7114	85 
7115	41 
7116	71 
7117	16 
7118	29 
7119	60 
7120	68 
7121	36 
7122	31 
7123	72 
7124	71 
7125	12 
7126	58 
7127	58 
7128	51 
7129	47 
7130	38 
7131	15 
7132	88 
7133	68 
7134	50 
7135	7 
7136	17 
7137	19 
7138	8 
7139	18 
7140	84 
7141	1 
7142	37 
7143	40 
7144	21 
7145	4 
7146	10 
7147	83 
7148	50 
7149	15 
7150	69 
7151	40 
7152	30 
7153	41 
7154	34 
7155	32 
7156	60 
7157	14 
7158	76 
7159	41 
7160	61 
7161	23 
7162	60 
7163	62 
7164	81 
7165	15 
7166	6 
7167	38 
7168	35 
7169	18 
7170	22 
7171	21 
7172	75 
7173	68 
7174	67 
7175	58 
7176	11 
7177	39 
7178	12 
7179	82 
7180	31 
7181	61 
7182	79 
7183	42 
7184	11 
7185	28 
7186	32 
7187	53 
7188	29 
7189	11 
7190	25 
7191	61 
7192	2 
7193	9 
7194	69 
7195	70 
7196	42 
7197	76 
7198	2 
7199	85 
7200	87 
7201	21 
7202	20 
7203	19 
7204	75 
7205	66 
7206	28 
7207	34 
7208	51 
7209	5 
7210	59 
7211	21 
7212	14 
7213	50 
7214	19 
7215	57 
7216	28 
7217	3 
7218	63 
7219	48 
7220	1 
7221	57 
7222	79 
7223	1 
7224	36 
7225	37 
7226	11 
7227	55 
7228	22 
7229	58 
7230	26 
7231	7 
7232	85 
7233	69 
7234	22 
7235	52 
7236	69 
7237	73 
7238	55 
7239	56 
7240	51 
7241	21 
7242	33 
7243	46 
7244	24 
7245	72 
7246	87 
7247	21 
7248	9 
7249	27 
7250	27 
7251	46 
7252	1 
7253	47 
7254	45 
7255	71 
7256	19 
7257	61 
7258	32 
7259	7 
7260	1 
7261	49 
7262	86 
7263	82 
7264	54 
7265	69 
7266	49 
7267	14 
7268	65 
7269	41 
7270	49 
7271	82 
7272	48 
7273	10 
7274	67 
7275	29 
7276	59 
7277	66 
7278	52 
7279	83 
7280	42 
7281	48 
7282	59 
7283	40 
7284	30 
7285	56 
7286	47 
7287	81 
7288	41 
7289	67 
7290	55 
7291	51 
7292	44 
7293	76 
7294	75 
7295	5 
7296	8 
7297	61 
7298	23 
7299	57 
7300	23 
7301	77 
7302	68 
7303	37 
7304	36 
7305	39 
7306	77 
7307	68 
7308	5 
7309	57 
7310	55 
7311	39 
7312	68 
7313	71 
7314	16 
7315	27 
7316	73 
7317	15 
7318	15 
7319	19 
7320	44 
7321	68 
7322	14 
7323	22 
7324	25 
7325	87 
7326	37 
7327	74 
7328	10 
7329	64 
7330	69 
7331	63 
7332	7 
7333	75 
7334	30 
7335	31 
7336	23 
7337	83 
7338	61 
7339	43 
7340	53 
7341	81 
7342	88 
7343	21 
7344	53 
7345	68 
7346	75 
7347	34 
7348	61 
7349	35 
7350	13 
7351	10 
7352	59 
7353	53 
7354	88 
7355	83 
7356	63 
7357	25 
7358	30 
7359	14 
7360	35 
7361	12 
7362	4 
7363	87 
7364	77 
7365	15 
7366	80 
7367	11 
7368	19 
7369	69 
7370	57 
7371	46 
7372	11 
7373	50 
7374	9 
7375	40 
7376	54 
7377	13 
7378	8 
7379	61 
7380	75 
7381	51 
7382	52 
7383	11 
7384	40 
7385	25 
7386	75 
7387	72 
7388	43 
7389	32 
7390	14 
7391	23 
7392	25 
7393	50 
7394	84 
7395	40 
7396	38 
7397	88 
7398	45 
7399	82 
7400	65 
7401	70 
7402	74 
7403	82 
7404	33 
7405	17 
7406	85 
7407	5 
7408	54 
7409	68 
7410	42 
7411	22 
7412	75 
7413	77 
7414	36 
7415	57 
7416	5 
7417	72 
7418	14 
7419	19 
7420	78 
7421	56 
7422	66 
7423	83 
7424	31 
7425	79 
7426	69 
7427	19 
7428	18 
7429	9 
7430	17 
7431	79 
7432	61 
7433	18 
7434	79 
7435	75 
7436	71 
7437	26 
7438	13 
7439	81 
7440	1 
7441	79 
7442	62 
7443	83 
7444	35 
7445	79 
7446	46 
7447	20 
7448	9 
7449	13 
7450	83 
7451	63 
7452	57 
7453	60 
7454	31 
7455	24 
7456	50 
7457	31 
7458	48 
7459	59 
7460	44 
7461	47 
7462	67 
7463	81 
7464	40 
7465	42 
7466	24 
7467	27 
7468	82 
7469	24 
7470	57 
7471	86 
7472	73 
7473	42 
7474	25 
7475	63 
7476	82 
7477	13 
7478	87 
7479	21 
7480	13 
7481	36 
7482	21 
7483	55 
7484	43 
7485	82 
7486	86 
7487	41 
7488	7 
7489	57 
7490	27 
7491	32 
7492	78 
7493	42 
7494	73 
7495	68 
7496	38 
7497	83 
7498	50 
7499	41 
7500	41 
7501	26 
7502	45 
7503	69 
7504	60 
7505	21 
7506	88 
7507	55 
7508	20 
7509	39 
7510	21 
7511	18 
7512	63 
7513	56 
7514	29 
7515	59 
7516	88 
7517	88 
7518	42 
7519	35 
7520	19 
7521	79 
7522	85 
7523	52 
7524	25 
7525	41 
7526	29 
7527	14 
7528	23 
7529	27 
7530	56 
7531	2 
7532	78 
7533	64 
7534	55 
7535	29 
7536	37 
7537	49 
7538	52 
7539	38 
7540	38 
7541	82 
7542	37 
7543	54 
7544	37 
7545	51 
7546	85 
7547	66 
7548	26 
7549	13 
7550	40 
7551	52 
7552	30 
7553	66 
7554	68 
7555	36 
7556	83 
7557	79 
7558	72 
7559	19 
7560	53 
7561	58 
7562	85 
7563	25 
7564	45 
7565	44 
7566	30 
7567	42 
7568	29 
7569	9 
7570	52 
7571	87 
7572	30 
7573	70 
7574	10 
7575	68 
7576	36 
7577	40 
7578	73 
7579	34 
7580	47 
7581	66 
7582	55 
7583	11 
7584	76 
7585	61 
7586	4 
7587	53 
7588	10 
7589	25 
7590	54 
7591	33 
7592	22 
7593	74 
7594	44 
7595	37 
7596	54 
7597	82 
7598	42 
7599	37 
7600	10 
7601	68 
7602	69 
7603	88 
7604	18 
7605	86 
7606	26 
7607	10 
7608	29 
7609	24 
7610	47 
7611	47 
7612	8 
7613	70 
7614	10 
7615	43 
7616	20 
7617	53 
7618	10 
7619	40 
7620	56 
7621	88 
7622	76 
7623	84 
7624	46 
7625	69 
7626	2 
7627	76 
7628	69 
7629	51 
7630	84 
7631	1 
7632	37 
7633	86 
7634	13 
7635	82 
7636	40 
7637	47 
7638	49 
7639	38 
7640	66 
7641	34 
7642	74 
7643	20 
7644	60 
7645	11 
7646	53 
7647	40 
7648	35 
7649	17 
7650	61 
7651	60 
7652	86 
7653	75 
7654	23 
7655	51 
7656	50 
7657	41 
7658	1 
7659	85 
7660	84 
7661	1 
7662	66 
7663	51 
7664	12 
7665	11 
7666	58 
7667	63 
7668	9 
7669	56 
7670	41 
7671	11 
7672	42 
7673	47 
7674	25 
7675	30 
7676	67 
7677	6 
7678	7 
7679	14 
7680	33 
7681	61 
7682	33 
7683	74 
7684	42 
7685	35 
7686	88 
7687	57 
7688	86 
7689	72 
7690	39 
7691	56 
7692	76 
7693	84 
7694	74 
7695	60 
7696	41 
7697	82 
7698	41 
7699	40 
7700	50 
7701	71 
7702	9 
7703	11 
7704	29 
7705	68 
7706	14 
7707	33 
7708	81 
7709	39 
7710	39 
7711	11 
7712	73 
7713	47 
7714	7 
7715	9 
7716	63 
7717	8 
7718	13 
7719	77 
7720	83 
7721	19 
7722	2 
7723	58 
7724	43 
7725	40 
7726	24 
7727	17 
7728	72 
7729	75 
7730	6 
7731	49 
7732	42 
7733	72 
7734	59 
7735	15 
7736	66 
7737	50 
7738	82 
7739	54 
7740	7 
7741	7 
7742	33 
7743	7 
7744	85 
7745	45 
7746	71 
7747	78 
7748	35 
7749	14 
7750	79 
7751	48 
7752	57 
7753	67 
7754	21 
7755	80 
7756	66 
7757	69 
7758	5 
7759	24 
7760	26 
7761	42 
7762	45 
7763	20 
7764	1 
7765	56 
7766	73 
7767	25 
7768	41 
7769	88 
7770	34 
7771	42 
7772	70 
7773	76 
7774	85 
7775	88 
7776	76 
7777	7 
7778	51 
7779	57 
7780	85 
7781	19 
7782	43 
7783	50 
7784	47 
7785	35 
7786	3 
7787	75 
7788	53 
7789	53 
7790	84 
7791	77 
7792	28 
7793	46 
7794	50 
7795	31 
7796	59 
7797	42 
7798	27 
7799	85 
7800	80 
7801	11 
7802	17 
7803	21 
7804	33 
7805	59 
7806	37 
7807	27 
7808	61 
7809	34 
7810	56 
7811	81 
7812	77 
7813	87 
7814	51 
7815	86 
7816	15 
7817	33 
7818	74 
7819	62 
7820	35 
7821	14 
7822	81 
7823	78 
7824	27 
7825	4 
7826	51 
7827	50 
7828	14 
7829	11 
7830	35 
7831	54 
7832	32 
7833	4 
7834	75 
7835	25 
7836	11 
7837	13 
7838	14 
7839	84 
7840	2 
7841	3 
7842	66 
7843	64 
7844	41 
7845	19 
7846	8 
7847	73 
7848	31 
7849	41 
7850	45 
7851	35 
7852	70 
7853	37 
7854	64 
7855	57 
7856	42 
7857	26 
7858	11 
7859	28 
7860	65 
7861	53 
7862	12 
7863	72 
7864	16 
7865	58 
7866	86 
7867	26 
7868	81 
7869	34 
7870	36 
7871	59 
7872	74 
7873	41 
7874	26 
7875	44 
7876	31 
7877	37 
7878	59 
7879	18 
7880	79 
7881	76 
7882	35 
7883	25 
7884	7 
7885	37 
7886	64 
7887	71 
7888	76 
7889	21 
7890	69 
7891	2 
7892	3 
7893	81 
7894	88 
7895	79 
7896	57 
7897	58 
7898	56 
7899	43 
7900	13 
7901	1 
7902	33 
7903	53 
7904	15 
7905	17 
7906	47 
7907	17 
7908	22 
7909	6 
7910	32 
7911	68 
7912	46 
7913	74 
7914	37 
7915	42 
7916	62 
7917	74 
7918	77 
7919	49 
7920	27 
7921	35 
7922	60 
7923	57 
7924	27 
7925	27 
7926	23 
7927	34 
7928	60 
7929	49 
7930	30 
7931	78 
7932	49 
7933	65 
7934	9 
7935	47 
7936	53 
7937	85 
7938	24 
7939	25 
7940	25 
7941	15 
7942	37 
7943	82 
7944	42 
7945	68 
7946	22 
7947	11 
7948	36 
7949	58 
7950	35 
7951	85 
7952	55 
7953	11 
7954	24 
7955	6 
7956	5 
7957	17 
7958	66 
7959	33 
7960	53 
7961	29 
7962	75 
7963	63 
7964	19 
7965	86 
7966	34 
7967	12 
7968	39 
7969	53 
7970	84 
7971	82 
7972	54 
7973	88 
7974	41 
7975	86 
7976	9 
7977	51 
7978	23 
7979	79 
7980	30 
7981	36 
7982	59 
7983	7 
7984	56 
7985	88 
7986	26 
7987	83 
7988	4 
7989	59 
7990	37 
7991	24 
7992	76 
7993	25 
7994	1 
7995	9 
7996	21 
7997	36 
7998	59 
7999	82 
8000	54 
8001	13 
8002	85 
8003	41 
8004	72 
8005	29 
8006	77 
8007	67 
8008	69 
8009	2 
8010	25 
8011	60 
8012	58 
8013	30 
8014	47 
8015	22 
8016	71 
8017	8 
8018	36 
8019	82 
8020	36 
8021	68 
8022	54 
8023	83 
8024	48 
8025	61 
8026	37 
8027	56 
8028	32 
8029	51 
8030	15 
8031	35 
8032	73 
8033	29 
8034	69 
8035	6 
8036	86 
8037	72 
8038	80 
8039	81 
8040	62 
8041	77 
8042	56 
8043	42 
8044	10 
8045	40 
8046	65 
8047	54 
8048	85 
8049	73 
8050	4 
8051	81 
8052	54 
8053	84 
8054	26 
8055	9 
8056	23 
8057	7 
8058	3 
8059	84 
8060	14 
8061	44 
8062	47 
8063	70 
8064	57 
8065	25 
8066	18 
8067	27 
8068	85 
8069	75 
8070	24 
8071	52 
8072	26 
8073	60 
8074	41 
8075	27 
8076	74 
8077	60 
8078	65 
8079	51 
8080	57 
8081	59 
8082	81 
8083	22 
8084	55 
8085	9 
8086	37 
8087	88 
8088	76 
8089	26 
8090	81 
8091	31 
8092	22 
8093	66 
8094	15 
8095	79 
8096	7 
8097	25 
8098	76 
8099	58 
8100	11 
8101	75 
8102	66 
8103	38 
8104	5 
8105	48 
8106	49 
8107	7 
8108	18 
8109	57 
8110	27 
8111	84 
8112	39 
8113	16 
8114	56 
8115	18 
8116	64 
8117	47 
8118	56 
8119	2 
8120	86 
8121	56 
8122	39 
8123	10 
8124	28 
8125	10 
8126	26 
8127	1 
8128	13 
8129	56 
8130	28 
8131	62 
8132	83 
8133	54 
8134	27 
8135	46 
8136	7 
8137	35 
8138	35 
8139	70 
8140	23 
8141	79 
8142	72 
8143	32 
8144	18 
8145	23 
8146	56 
8147	81 
8148	54 
8149	48 
8150	20 
8151	19 
8152	8 
8153	18 
8154	22 
8155	25 
8156	6 
8157	66 
8158	4 
8159	70 
8160	76 
8161	68 
8162	4 
8163	14 
8164	41 
8165	42 
8166	64 
8167	32 
8168	26 
8169	1 
8170	8 
8171	40 
8172	16 
8173	31 
8174	72 
8175	38 
8176	54 
8177	68 
8178	35 
8179	10 
8180	3 
8181	22 
8182	16 
8183	2 
8184	69 
8185	24 
8186	86 
8187	24 
8188	53 
8189	2 
8190	88 
8191	26 
8192	52 
8193	82 
8194	18 
8195	47 
8196	17 
8197	55 
8198	88 
8199	46 
8200	73 
8201	69 
8202	9 
8203	20 
8204	57 
8205	20 
8206	2 
8207	86 
8208	50 
8209	10 
8210	86 
8211	42 
8212	81 
8213	42 
8214	18 
8215	72 
8216	24 
8217	26 
8218	58 
8219	39 
8220	74 
8221	1 
8222	67 
8223	60 
8224	57 
8225	83 
8226	3 
8227	78 
8228	19 
8229	74 
8230	5 
8231	77 
8232	36 
8233	72 
8234	16 
8235	25 
8236	1 
8237	23 
8238	2 
8239	41 
8240	65 
8241	35 
8242	68 
8243	58 
8244	28 
8245	33 
8246	77 
8247	51 
8248	85 
8249	53 
8250	15 
8251	5 
8252	20 
8253	1 
8254	50 
8255	73 
8256	53 
8257	9 
8258	83 
8259	75 
8260	43 
8261	59 
8262	78 
8263	55 
8264	59 
8265	58 
8266	51 
8267	75 
8268	8 
8269	29 
8270	11 
8271	35 
8272	41 
8273	60 
8274	24 
8275	68 
8276	40 
8277	34 
8278	12 
8279	5 
8280	48 
8281	7 
8282	70 
8283	46 
8284	87 
8285	67 
8286	30 
8287	9 
8288	51 
8289	29 
8290	35 
8291	10 
8292	28 
8293	59 
8294	50 
8295	2 
8296	73 
8297	33 
8298	31 
8299	79 
8300	22 
8301	14 
8302	50 
8303	46 
8304	20 
8305	85 
8306	66 
8307	69 
8308	18 
8309	80 
8310	85 
8311	33 
8312	82 
8313	87 
8314	14 
8315	59 
8316	12 
8317	64 
8318	7 
8319	10 
8320	71 
8321	64 
8322	30 
8323	75 
8324	84 
8325	8 
8326	58 
8327	67 
8328	57 
8329	61 
8330	23 
8331	15 
8332	27 
8333	47 
8334	56 
8335	49 
8336	68 
8337	8 
8338	37 
8339	84 
8340	34 
8341	15 
8342	73 
8343	50 
8344	22 
8345	32 
8346	26 
8347	81 
8348	30 
8349	84 
8350	19 
8351	88 
8352	27 
8353	43 
8354	69 
8355	73 
8356	64 
8357	9 
8358	77 
8359	79 
8360	50 
8361	53 
8362	27 
8363	27 
8364	22 
8365	18 
8366	48 
8367	74 
8368	54 
8369	64 
8370	58 
8371	59 
8372	25 
8373	42 
8374	56 
8375	55 
8376	71 
8377	33 
8378	76 
8379	64 
8380	75 
8381	9 
8382	3 
8383	3 
8384	51 
8385	50 
8386	24 
8387	29 
8388	73 
8389	61 
8390	66 
8391	50 
8392	10 
8393	68 
8394	69 
8395	66 
8396	28 
8397	32 
8398	19 
8399	14 
8400	57 
8401	71 
8402	76 
8403	69 
8404	4 
8405	45 
8406	65 
8407	57 
8408	37 
8409	26 
8410	33 
8411	25 
8412	37 
8413	79 
8414	7 
8415	68 
8416	42 
8417	10 
8418	11 
8419	72 
8420	44 
8421	68 
8422	56 
8423	41 
8424	52 
8425	37 
8426	42 
8427	49 
8428	26 
8429	26 
8430	77 
8431	29 
8432	42 
8433	77 
8434	55 
8435	49 
8436	35 
8437	74 
8438	60 
8439	63 
8440	43 
8441	37 
8442	41 
8443	29 
8444	71 
8445	82 
8446	50 
8447	28 
8448	58 
8449	53 
8450	87 
8451	75 
8452	14 
8453	51 
8454	41 
8455	69 
8456	77 
8457	63 
8458	69 
8459	64 
8460	85 
8461	45 
8462	48 
8463	78 
8464	52 
8465	82 
8466	25 
8467	10 
8468	63 
8469	72 
8470	74 
8471	33 
8472	13 
8473	2 
8474	29 
8475	41 
8476	60 
8477	79 
8478	72 
8479	1 
8480	76 
8481	87 
8482	59 
8483	60 
8484	66 
8485	75 
8486	44 
8487	50 
8488	46 
8489	58 
8490	57 
8491	65 
8492	5 
8493	88 
8494	49 
8495	63 
8496	82 
8497	9 
8498	68 
8499	84 
8500	45 
8501	63 
8502	17 
8503	84 
8504	82 
8505	57 
8506	82 
8507	73 
8508	80 
8509	9 
8510	16 
8511	64 
8512	73 
8513	33 
8514	69 
8515	64 
8516	79 
8517	73 
8518	27 
8519	72 
8520	50 
8521	31 
8522	43 
8523	18 
8524	27 
8525	52 
8526	72 
8527	44 
8528	35 
8529	84 
8530	60 
8531	68 
8532	26 
8533	88 
8534	15 
8535	47 
8536	48 
8537	38 
8538	75 
8539	9 
8540	42 
8541	54 
8542	66 
8543	37 
8544	66 
8545	56 
8546	12 
8547	45 
8548	25 
8549	55 
8550	74 
8551	55 
8552	40 
8553	64 
8554	63 
8555	72 
8556	52 
8557	12 
8558	76 
8559	53 
8560	74 
8561	49 
8562	79 
8563	57 
8564	83 
8565	7 
8566	17 
8567	54 
8568	7 
8569	10 
8570	58 
8571	32 
8572	27 
8573	63 
8574	22 
8575	52 
8576	71 
8577	68 
8578	1 
8579	15 
8580	76 
8581	20 
8582	62 
8583	77 
8584	56 
8585	8 
8586	46 
8587	71 
8588	84 
8589	15 
8590	21 
8591	65 
8592	65 
8593	25 
8594	47 
8595	60 
8596	62 
8597	70 
8598	76 
8599	83 
8600	8 
8601	39 
8602	42 
8603	41 
8604	28 
8605	45 
8606	14 
8607	81 
8608	7 
8609	15 
8610	73 
8611	47 
8612	22 
8613	70 
8614	25 
8615	56 
8616	80 
8617	4 
8618	1 
8619	66 
8620	41 
8621	57 
8622	15 
8623	30 
8624	37 
8625	58 
8626	20 
8627	43 
8628	1 
8629	69 
8630	54 
8631	41 
8632	87 
8633	78 
8634	44 
8635	61 
8636	5 
8637	30 
8638	78 
8639	65 
8640	39 
8641	16 
8642	51 
8643	48 
8644	14 
8645	49 
8646	70 
8647	43 
8648	8 
8649	16 
8650	52 
8651	5 
8652	21 
8653	76 
8654	27 
8655	59 
8656	12 
8657	18 
8658	10 
8659	60 
8660	79 
8661	17 
8662	9 
8663	82 
8664	73 
8665	51 
8666	59 
8667	65 
8668	27 
8669	84 
8670	31 
8671	8 
8672	10 
8673	2 
8674	40 
8675	50 
8676	45 
8677	62 
8678	37 
8679	49 
8680	42 
8681	26 
8682	88 
8683	23 
8684	40 
8685	57 
8686	31 
8687	76 
8688	49 
8689	36 
8690	47 
8691	65 
8692	59 
8693	42 
8694	19 
8695	36 
8696	1 
8697	34 
8698	37 
8699	14 
8700	79 
8701	24 
8702	37 
8703	19 
8704	54 
8705	17 
8706	18 
8707	49 
8708	36 
8709	47 
8710	26 
8711	12 
8712	67 
8713	26 
8714	18 
8715	81 
8716	54 
8717	84 
8718	87 
8719	58 
8720	22 
8721	22 
8722	58 
8723	68 
8724	88 
8725	26 
8726	21 
8727	64 
8728	25 
8729	65 
8730	34 
8731	38 
8732	29 
8733	79 
8734	52 
8735	27 
8736	51 
8737	35 
8738	74 
8739	10 
8740	71 
8741	57 
8742	50 
8743	7 
8744	20 
8745	66 
8746	80 
8747	59 
8748	31 
8749	83 
8750	70 
8751	12 
8752	53 
8753	68 
8754	14 
8755	42 
8756	14 
8757	55 
8758	12 
8759	2 
8760	29 
8761	59 
8762	69 
8763	82 
8764	69 
8765	7 
8766	45 
8767	54 
8768	88 
8769	50 
8770	37 
8771	3 
8772	19 
8773	58 
8774	55 
8775	35 
8776	39 
8777	7 
8778	72 
8779	1 
8780	80 
8781	13 
8782	19 
8783	66 
8784	52 
8785	50 
8786	79 
8787	66 
8788	88 
8789	55 
8790	76 
8791	23 
8792	59 
8793	53 
8794	1 
8795	77 
8796	47 
8797	87 
8798	72 
8799	53 
8800	86 
8801	18 
8802	1 
8803	35 
8804	30 
8805	83 
8806	27 
8807	49 
8808	88 
8809	48 
8810	86 
8811	14 
8812	39 
8813	6 
8814	7 
8815	39 
8816	78 
8817	61 
8818	11 
8819	2 
8820	49 
8821	36 
8822	46 
8823	73 
8824	36 
8825	35 
8826	71 
8827	54 
8828	47 
8829	68 
8830	32 
8831	72 
8832	79 
8833	12 
8834	39 
8835	2 
8836	49 
8837	48 
8838	38 
8839	30 
8840	82 
8841	48 
8842	33 
8843	52 
8844	1 
8845	43 
8846	33 
8847	31 
8848	44 
8849	27 
8850	25 
8851	9 
8852	27 
8853	75 
8854	60 
8855	33 
8856	50 
8857	73 
8858	75 
8859	34 
8860	88 
8861	9 
8862	69 
8863	57 
8864	50 
8865	43 
8866	45 
8867	71 
8868	7 
8869	57 
8870	27 
8871	48 
8872	14 
8873	24 
8874	12 
8875	31 
8876	4 
8877	76 
8878	46 
8879	12 
8880	5 
8881	73 
8882	35 
8883	69 
8884	34 
8885	45 
8886	86 
8887	25 
8888	15 
8889	38 
8890	40 
8891	54 
8892	80 
8893	57 
8894	71 
8895	52 
8896	52 
8897	18 
8898	2 
8899	27 
8900	20 
8901	50 
8902	88 
8903	30 
8904	76 
8905	6 
8906	69 
8907	18 
8908	22 
8909	42 
8910	53 
8911	71 
8912	22 
8913	3 
8914	72 
8915	14 
8916	84 
8917	7 
8918	83 
8919	86 
8920	11 
8921	32 
8922	59 
8923	8 
8924	68 
8925	75 
8926	46 
8927	24 
8928	61 
8929	88 
8930	59 
8931	42 
8932	74 
8933	13 
8934	81 
8935	35 
8936	85 
8937	67 
8938	37 
8939	47 
8940	18 
8941	40 
8942	71 
8943	55 
8944	15 
8945	27 
8946	77 
8947	81 
8948	14 
8949	47 
8950	29 
8951	24 
8952	73 
8953	76 
8954	23 
8955	14 
8956	48 
8957	35 
8958	13 
8959	36 
8960	10 
8961	77 
8962	8 
8963	15 
8964	44 
8965	9 
8966	52 
8967	61 
8968	3 
8969	82 
8970	53 
8971	1 
8972	71 
8973	78 
8974	39 
8975	77 
8976	16 
8977	41 
8978	57 
8979	28 
8980	56 
8981	17 
8982	75 
8983	25 
8984	78 
8985	3 
8986	18 
8987	6 
8988	47 
8989	13 
8990	67 
8991	41 
8992	36 
8993	14 
8994	25 
8995	85 
8996	74 
8997	46 
8998	33 
8999	20 
9000	29 
9001	85 
9002	82 
9003	59 
9004	44 
9005	88 
9006	80 
9007	73 
9008	65 
9009	14 
9010	40 
9011	16 
9012	53 
9013	74 
9014	33 
9015	22 
9016	61 
9017	28 
9018	25 
9019	27 
9020	2 
9021	76 
9022	17 
9023	37 
9024	35 
9025	55 
9026	70 
9027	44 
9028	80 
9029	38 
9030	8 
9031	41 
9032	71 
9033	25 
9034	22 
9035	72 
9036	44 
9037	33 
9038	31 
9039	76 
9040	24 
9041	44 
9042	1 
9043	55 
9044	63 
9045	50 
9046	39 
9047	30 
9048	22 
9049	76 
9050	44 
9051	47 
9052	4 
9053	84 
9054	84 
9055	15 
9056	55 
9057	12 
9058	7 
9059	63 
9060	81 
9061	14 
9062	77 
9063	85 
9064	33 
9065	76 
9066	1 
9067	70 
9068	40 
9069	67 
9070	28 
9071	67 
9072	19 
9073	54 
9074	47 
9075	47 
9076	79 
9077	78 
9078	5 
9079	47 
9080	34 
9081	47 
9082	48 
9083	48 
9084	28 
9085	46 
9086	83 
9087	53 
9088	84 
9089	38 
9090	28 
9091	47 
9092	46 
9093	57 
9094	76 
9095	29 
9096	87 
9097	35 
9098	12 
9099	26 
9100	36 
9101	69 
9102	88 
9103	24 
9104	23 
9105	6 
9106	14 
9107	38 
9108	65 
9109	49 
9110	44 
9111	69 
9112	78 
9113	35 
9114	77 
9115	81 
9116	60 
9117	54 
9118	67 
9119	41 
9120	28 
9121	61 
9122	36 
9123	23 
9124	66 
9125	4 
9126	4 
9127	52 
9128	50 
9129	63 
9130	64 
9131	20 
9132	10 
9133	1 
9134	1 
9135	61 
9136	14 
9137	9 
9138	46 
9139	23 
9140	42 
9141	45 
9142	36 
9143	73 
9144	28 
9145	41 
9146	37 
9147	69 
9148	59 
9149	62 
9150	3 
9151	44 
9152	86 
9153	13 
9154	23 
9155	75 
9156	49 
9157	37 
9158	2 
9159	65 
9160	4 
9161	65 
9162	59 
9163	15 
9164	9 
9165	25 
9166	33 
9167	58 
9168	8 
9169	48 
9170	48 
9171	49 
9172	57 
9173	70 
9174	69 
9175	8 
9176	21 
9177	72 
9178	88 
9179	13 
9180	34 
9181	69 
9182	88 
9183	44 
9184	29 
9185	61 
9186	10 
9187	81 
9188	9 
9189	46 
9190	69 
9191	16 
9192	37 
9193	83 
9194	18 
9195	33 
9196	36 
9197	85 
9198	81 
9199	30 
9200	41 
9201	58 
9202	64 
9203	53 
9204	33 
9205	17 
9206	3 
9207	70 
9208	55 
9209	66 
9210	82 
9211	88 
9212	24 
9213	73 
9214	83 
9215	40 
9216	63 
9217	16 
9218	78 
9219	18 
9220	46 
9221	32 
9222	57 
9223	71 
9224	69 
9225	83 
9226	82 
9227	85 
9228	76 
9229	68 
9230	17 
9231	22 
9232	66 
9233	18 
9234	83 
9235	64 
9236	58 
9237	65 
9238	11 
9239	13 
9240	85 
9241	53 
9242	38 
9243	55 
9244	28 
9245	20 
9246	78 
9247	15 
9248	7 
9249	84 
9250	10 
9251	20 
9252	87 
9253	58 
9254	18 
9255	54 
9256	87 
9257	48 
9258	34 
9259	36 
9260	73 
9261	63 
9262	77 
9263	2 
9264	18 
9265	14 
9266	41 
9267	43 
9268	38 
9269	59 
9270	24 
9271	66 
9272	67 
9273	42 
9274	85 
9275	29 
9276	55 
9277	64 
9278	6 
9279	68 
9280	65 
9281	30 
9282	16 
9283	20 
9284	76 
9285	14 
9286	19 
9287	80 
9288	72 
9289	59 
9290	59 
9291	1 
9292	57 
9293	75 
9294	15 
9295	55 
9296	23 
9297	27 
9298	57 
9299	11 
9300	44 
9301	58 
9302	22 
9303	81 
9304	77 
9305	1 
9306	42 
9307	5 
9308	69 
9309	48 
9310	25 
9311	38 
9312	29 
9313	31 
9314	6 
9315	59 
9316	7 
9317	57 
9318	9 
9319	5 
9320	17 
9321	56 
9322	11 
9323	9 
9324	80 
9325	28 
9326	31 
9327	28 
9328	40 
9329	48 
9330	9 
9331	52 
9332	33 
9333	18 
9334	52 
9335	30 
9336	19 
9337	11 
9338	49 
9339	88 
9340	6 
9341	70 
9342	52 
9343	73 
9344	67 
9345	35 
9346	29 
9347	68 
9348	26 
9349	30 
9350	24 
9351	67 
9352	61 
9353	22 
9354	88 
9355	3 
9356	57 
9357	1 
9358	58 
9359	17 
9360	27 
9361	16 
9362	50 
9363	13 
9364	2 
9365	28 
9366	54 
9367	32 
9368	46 
9369	73 
9370	20 
9371	86 
9372	83 
9373	59 
9374	24 
9375	16 
9376	22 
9377	69 
9378	20 
9379	80 
9380	29 
9381	16 
9382	88 
9383	25 
9384	65 
9385	1 
9386	46 
9387	53 
9388	60 
9389	86 
9390	59 
9391	70 
9392	1 
9393	59 
9394	54 
9395	79 
9396	32 
9397	45 
9398	82 
9399	2 
9400	67 
9401	62 
9402	58 
9403	79 
9404	15 
9405	68 
9406	25 
9407	85 
9408	7 
9409	86 
9410	64 
9411	55 
9412	14 
9413	38 
9414	65 
9415	63 
9416	24 
9417	10 
9418	77 
9419	27 
9420	34 
9421	48 
9422	13 
9423	5 
9424	31 
9425	43 
9426	72 
9427	31 
9428	10 
9429	13 
9430	61 
9431	82 
9432	79 
9433	59 
9434	28 
9435	15 
9436	49 
9437	71 
9438	32 
9439	59 
9440	44 
9441	12 
9442	6 
9443	17 
9444	62 
9445	72 
9446	17 
9447	15 
9448	79 
9449	68 
9450	60 
9451	36 
9452	45 
9453	3 
9454	64 
9455	26 
9456	3 
9457	5 
9458	73 
9459	51 
9460	77 
9461	48 
9462	13 
9463	2 
9464	83 
9465	52 
9466	50 
9467	86 
9468	79 
9469	36 
9470	23 
9471	73 
9472	33 
9473	1 
9474	78 
9475	7 
9476	26 
9477	19 
9478	7 
9479	53 
9480	18 
9481	33 
9482	67 
9483	72 
9484	70 
9485	56 
9486	58 
9487	26 
9488	11 
9489	38 
9490	78 
9491	52 
9492	86 
9493	88 
9494	62 
9495	19 
9496	33 
9497	1 
9498	48 
9499	88 
9500	27 
9501	68 
9502	58 
9503	82 
9504	30 
9505	47 
9506	31 
9507	74 
9508	36 
9509	33 
9510	81 
9511	56 
9512	43 
9513	55 
9514	10 
9515	75 
9516	3 
9517	61 
9518	66 
9519	68 
9520	14 
9521	47 
9522	35 
9523	34 
9524	72 
9525	42 
9526	27 
9527	41 
9528	43 
9529	79 
9530	35 
9531	5 
9532	64 
9533	82 
9534	51 
9535	85 
9536	35 
9537	23 
9538	19 
9539	54 
9540	25 
9541	30 
9542	86 
9543	71 
9544	2 
9545	11 
9546	70 
9547	45 
9548	48 
9549	75 
9550	37 
9551	84 
9552	59 
9553	29 
9554	37 
9555	85 
9556	42 
9557	26 
9558	41 
9559	50 
9560	40 
9561	12 
9562	24 
9563	30 
9564	26 
9565	4 
9566	36 
9567	55 
9568	43 
9569	83 
9570	64 
9571	30 
9572	16 
9573	69 
9574	26 
9575	50 
9576	25 
9577	50 
9578	63 
9579	84 
9580	66 
9581	78 
9582	6 
9583	28 
9584	11 
9585	69 
9586	59 
9587	2 
9588	37 
9589	52 
9590	27 
9591	69 
9592	1 
9593	53 
9594	86 
9595	4 
9596	15 
9597	58 
9598	14 
9599	49 
9600	22 
9601	31 
9602	32 
9603	83 
9604	49 
9605	2 
9606	41 
9607	57 
9608	41 
9609	58 
9610	77 
9611	35 
9612	15 
9613	49 
9614	43 
9615	34 
9616	36 
9617	40 
9618	74 
9619	24 
9620	88 
9621	80 
9622	83 
9623	40 
9624	85 
9625	7 
9626	35 
9627	36 
9628	16 
9629	77 
9630	10 
9631	27 
9632	43 
9633	54 
9634	26 
9635	80 
9636	13 
9637	7 
9638	28 
9639	84 
9640	3 
9641	88 
9642	87 
9643	25 
9644	39 
9645	86 
9646	10 
9647	21 
9648	67 
9649	32 
9650	72 
9651	37 
9652	24 
9653	41 
9654	57 
9655	44 
9656	58 
9657	14 
9658	44 
9659	75 
9660	67 
9661	4 
9662	23 
9663	59 
9664	29 
9665	88 
9666	50 
9667	72 
9668	5 
9669	61 
9670	82 
9671	51 
9672	42 
9673	21 
9674	74 
9675	19 
9676	19 
9677	25 
9678	1 
9679	7 
9680	61 
9681	44 
9682	66 
9683	81 
9684	44 
9685	50 
9686	44 
9687	11 
9688	57 
9689	42 
9690	65 
9691	44 
9692	18 
9693	77 
9694	57 
9695	49 
9696	39 
9697	61 
9698	72 
9699	26 
9700	29 
9701	87 
9702	40 
9703	14 
9704	8 
9705	43 
9706	68 
9707	30 
9708	17 
9709	46 
9710	51 
9711	17 
9712	69 
9713	17 
9714	40 
9715	84 
9716	36 
9717	73 
9718	46 
9719	54 
9720	33 
9721	42 
9722	24 
9723	82 
9724	73 
9725	5 
9726	42 
9727	17 
9728	52 
9729	59 
9730	83 
9731	13 
9732	26 
9733	46 
9734	15 
9735	53 
9736	50 
9737	52 
9738	2 
9739	23 
9740	40 
9741	56 
9742	71 
9743	69 
9744	41 
9745	37 
9746	46 
9747	42 
9748	7 
9749	81 
9750	38 
9751	13 
9752	46 
9753	71 
9754	60 
9755	47 
9756	42 
9757	71 
9758	57 
9759	57 
9760	88 
9761	55 
9762	11 
9763	87 
9764	30 
9765	78 
9766	32 
9767	29 
9768	54 
9769	47 
9770	82 
9771	42 
9772	7 
9773	12 
9774	64 
9775	76 
9776	77 
9777	26 
9778	1 
9779	38 
9780	29 
9781	10 
9782	85 
9783	53 
9784	12 
9785	48 
9786	84 
9787	45 
9788	53 
9789	54 
9790	27 
9791	47 
9792	52 
9793	1 
9794	42 
9795	42 
9796	88 
9797	65 
9798	19 
9799	60 
9800	17 
9801	44 
9802	46 
9803	69 
9804	23 
9805	11 
9806	45 
9807	77 
9808	86 
9809	22 
9810	33 
9811	13 
9812	43 
9813	24 
9814	75 
9815	56 
9816	6 
9817	52 
9818	10 
9819	47 
9820	34 
9821	3 
9822	26 
9823	83 
9824	50 
9825	72 
9826	50 
9827	21 
9828	29 
9829	1 
9830	18 
9831	59 
9832	61 
9833	83 
9834	49 
9835	37 
9836	77 
9837	45 
9838	70 
9839	83 
9840	51 
9841	87 
9842	86 
9843	39 
9844	6 
9845	79 
9846	31 
9847	58 
9848	14 
9849	78 
9850	58 
9851	81 
9852	55 
9853	61 
9854	42 
9855	10 
9856	40 
9857	72 
9858	75 
9859	2 
9860	74 
9861	27 
9862	55 
9863	77 
9864	79 
9865	54 
9866	59 
9867	15 
9868	86 
9869	71 
9870	87 
9871	6 
9872	87 
9873	50 
9874	71 
9875	79 
9876	38 
9877	22 
9878	44 
9879	29 
9880	19 
9881	59 
9882	87 
9883	24 
9884	38 
9885	57 
9886	33 
9887	80 
9888	80 
9889	47 
9890	80 
9891	59 
9892	82 
9893	35 
9894	57 
9895	26 
9896	1 
9897	61 
9898	20 
9899	71 
9900	18 
9901	21 
9902	56 
9903	5 
9904	76 
9905	85 
9906	65 
9907	52 
9908	1 
9909	54 
9910	42 
9911	1 
9912	33 
9913	27 
9914	31 
9915	22 
9916	28 
9917	4 
9918	49 
9919	29 
9920	74 
9921	52 
9922	11 
9923	84 
9924	64 
9925	54 
9926	41 
9927	3 
9928	31 
9929	43 
9930	57 
9931	21 
9932	63 
9933	42 
9934	45 
9935	76 
9936	11 
9937	32 
9938	88 
9939	25 
9940	67 
9941	86 
9942	37 
9943	11 
9944	79 
9945	31 
9946	27 
9947	34 
9948	85 
9949	4 
9950	79 
9951	74 
9952	23 
9953	18 
9954	73 
9955	55 
9956	76 
9957	85 
9958	29 
9959	20 
9960	31 
9961	31 
9962	19 
9963	1 
9964	73 
9965	82 
9966	10 
9967	78 
9968	83 
9969	25 
9970	45 
9971	50 
9972	77 
9973	23 
9974	77 
9975	38 
9976	82 
9977	79 
9978	2 
9979	60 
9980	46 
9981	37 
9982	15 
9983	64 
9984	13 
9985	2 
9986	19 
9987	71 
9988	38 
9989	4 
9990	51 
9991	54 
9992	16 
9993	59 
9994	83 
9995	25 
9996	79 
9997	68 
9998	59 
9999	74 
10000	74 
