1	51 
2	36 
3	29 
4	17 
5	89 
6	23 
7	50 
8	60 
9	84 
10	80 
11	30 
12	61 
13	12 
14	47 
15	1 
16	87 
17	83 
18	64 
19	52 
20	22 
21	40 
22	3 
23	51 
24	47 
25	56 
26	14 
27	81 
28	85 
29	89 
30	54 
31	27 
32	67 
33	11 
34	50 
35	75 
36	66 
37	37 
38	32 
39	13 
40	87 
41	8 
42	80 
43	18 
44	39 
45	21 
46	38 
47	43 
48	67 
49	41 
50	61 
51	74 
52	52 
53	60 
54	63 
55	11 
56	40 
57	9 
58	21 
59	58 
60	84 
61	40 
62	24 
63	37 
64	41 
65	66 
66	39 
67	53 
68	41 
69	59 
70	36 
71	65 
72	33 
73	35 
74	28 
75	68 
76	60 
77	70 
78	43 
79	2 
80	33 
81	11 
82	36 
83	35 
84	48 
85	19 
86	71 
87	43 
88	21 
89	42 
90	68 
91	48 
92	48 
93	36 
94	88 
95	9 
96	54 
97	25 
98	30 
99	40 
100	21 
101	48 
102	30 
103	60 
104	38 
105	21 
106	87 
107	7 
108	48 
109	63 
110	47 
111	17 
112	48 
113	12 
114	63 
115	67 
116	78 
117	1 
118	29 
119	69 
120	47 
121	79 
122	29 
123	32 
124	54 
125	4 
126	48 
127	86 
128	60 
129	82 
130	79 
131	76 
132	82 
133	88 
134	29 
135	77 
136	18 
137	25 
138	44 
139	67 
140	27 
141	89 
142	28 
143	33 
144	79 
145	60 
146	41 
147	10 
148	16 
149	37 
150	13 
151	77 
152	63 
153	5 
154	28 
155	35 
156	49 
157	61 
158	8 
159	75 
160	8 
161	22 
162	61 
163	22 
164	50 
165	15 
166	81 
167	12 
168	73 
169	56 
170	46 
171	20 
172	12 
173	46 
174	82 
175	23 
176	50 
177	10 
178	9 
179	52 
180	7 
181	10 
182	68 
183	84 
184	44 
185	4 
186	51 
187	25 
188	4 
189	50 
190	79 
191	28 
192	2 
193	33 
194	65 
195	76 
196	10 
197	41 
198	59 
199	74 
200	9 
201	64 
202	24 
203	3 
204	90 
205	56 
206	66 
207	83 
208	25 
209	36 
210	53 
211	22 
212	78 
213	75 
214	58 
215	81 
216	60 
217	87 
218	82 
219	73 
220	11 
221	80 
222	8 
223	79 
224	32 
225	2 
226	41 
227	70 
228	75 
229	11 
230	44 
231	44 
232	16 
233	11 
234	85 
235	9 
236	57 
237	50 
238	9 
239	43 
240	45 
241	25 
242	57 
243	17 
244	25 
245	23 
246	34 
247	33 
248	14 
249	87 
250	64 
251	24 
252	65 
253	27 
254	60 
255	54 
256	22 
257	2 
258	20 
259	31 
260	41 
261	52 
262	25 
263	40 
264	49 
265	18 
266	18 
267	60 
268	83 
269	73 
270	12 
271	29 
272	10 
273	79 
274	52 
275	74 
276	82 
277	30 
278	54 
279	84 
280	40 
281	13 
282	29 
283	72 
284	35 
285	32 
286	85 
287	41 
288	87 
289	13 
290	43 
291	16 
292	11 
293	13 
294	41 
295	1 
296	82 
297	11 
298	26 
299	88 
300	24 
301	71 
302	17 
303	86 
304	12 
305	65 
306	45 
307	83 
308	55 
309	26 
310	10 
311	23 
312	15 
313	2 
314	49 
315	80 
316	24 
317	37 
318	66 
319	65 
320	61 
321	85 
322	75 
323	80 
324	81 
325	61 
326	38 
327	72 
328	90 
329	14 
330	20 
331	67 
332	10 
333	61 
334	39 
335	87 
336	55 
337	48 
338	42 
339	58 
340	77 
341	44 
342	58 
343	80 
344	74 
345	40 
346	23 
347	73 
348	16 
349	63 
350	49 
351	50 
352	88 
353	1 
354	78 
355	63 
356	67 
357	35 
358	8 
359	80 
360	52 
361	88 
362	70 
363	52 
364	29 
365	22 
366	90 
367	25 
368	32 
369	8 
370	29 
371	7 
372	5 
373	75 
374	10 
375	8 
376	11 
377	39 
378	64 
379	73 
380	73 
381	32 
382	10 
383	58 
384	42 
385	12 
386	17 
387	75 
388	60 
389	78 
390	72 
391	19 
392	51 
393	86 
394	14 
395	24 
396	76 
397	50 
398	46 
399	45 
400	23 
401	83 
402	10 
403	78 
404	8 
405	56 
406	29 
407	79 
408	28 
409	35 
410	87 
411	76 
412	55 
413	62 
414	58 
415	80 
416	12 
417	20 
418	56 
419	44 
420	42 
421	79 
422	24 
423	4 
424	42 
425	73 
426	75 
427	33 
428	30 
429	20 
430	6 
431	46 
432	88 
433	37 
434	90 
435	11 
436	11 
437	39 
438	3 
439	58 
440	89 
441	5 
442	50 
443	71 
444	89 
445	68 
446	81 
447	85 
448	75 
449	88 
450	53 
451	76 
452	35 
453	79 
454	9 
455	60 
456	45 
457	54 
458	89 
459	50 
460	2 
461	77 
462	51 
463	36 
464	1 
465	47 
466	82 
467	10 
468	63 
469	63 
470	81 
471	81 
472	65 
473	39 
474	60 
475	47 
476	33 
477	86 
478	3 
479	58 
480	41 
481	65 
482	59 
483	11 
484	9 
485	33 
486	64 
487	57 
488	57 
489	56 
490	31 
491	36 
492	80 
493	10 
494	4 
495	69 
496	20 
497	19 
498	18 
499	27 
500	37 
501	73 
502	21 
503	37 
504	54 
505	71 
506	24 
507	69 
508	60 
509	34 
510	87 
511	74 
512	12 
513	39 
514	4 
515	2 
516	1 
517	37 
518	47 
519	60 
520	35 
521	39 
522	19 
523	25 
524	12 
525	42 
526	22 
527	36 
528	72 
529	12 
530	16 
531	45 
532	23 
533	35 
534	23 
535	48 
536	10 
537	51 
538	8 
539	48 
540	16 
541	70 
542	21 
543	78 
544	82 
545	71 
546	21 
547	34 
548	25 
549	66 
550	21 
551	65 
552	24 
553	42 
554	76 
555	8 
556	89 
557	32 
558	87 
559	74 
560	37 
561	54 
562	40 
563	78 
564	4 
565	13 
566	51 
567	24 
568	56 
569	51 
570	42 
571	87 
572	68 
573	76 
574	76 
575	67 
576	49 
577	85 
578	5 
579	76 
580	16 
581	72 
582	22 
583	42 
584	17 
585	37 
586	84 
587	30 
588	50 
589	9 
590	4 
591	60 
592	36 
593	7 
594	65 
595	79 
596	55 
597	50 
598	87 
599	11 
600	33 
601	70 
602	36 
603	52 
604	62 
605	71 
606	45 
607	73 
608	58 
609	48 
610	16 
611	38 
612	44 
613	85 
614	50 
615	43 
616	7 
617	88 
618	84 
619	79 
620	80 
621	54 
622	7 
623	70 
624	40 
625	7 
626	58 
627	72 
628	78 
629	52 
630	88 
631	19 
632	39 
633	76 
634	49 
635	70 
636	61 
637	90 
638	19 
639	69 
640	12 
641	17 
642	17 
643	26 
644	22 
645	82 
646	55 
647	60 
648	54 
649	84 
650	43 
651	68 
652	70 
653	85 
654	24 
655	20 
656	21 
657	30 
658	5 
659	1 
660	21 
661	67 
662	14 
663	87 
664	50 
665	49 
666	68 
667	36 
668	37 
669	2 
670	8 
671	14 
672	90 
673	60 
674	58 
675	70 
676	90 
677	10 
678	42 
679	54 
680	49 
681	90 
682	43 
683	5 
684	81 
685	34 
686	86 
687	2 
688	38 
689	36 
690	52 
691	48 
692	79 
693	17 
694	60 
695	31 
696	29 
697	35 
698	26 
699	29 
700	40 
701	74 
702	51 
703	64 
704	77 
705	13 
706	75 
707	27 
708	79 
709	27 
710	77 
711	30 
712	63 
713	80 
714	26 
715	30 
716	48 
717	63 
718	67 
719	24 
720	71 
721	88 
722	23 
723	86 
724	49 
725	34 
726	13 
727	88 
728	79 
729	84 
730	16 
731	36 
732	88 
733	26 
734	83 
735	86 
736	5 
737	80 
738	60 
739	25 
740	65 
741	78 
742	75 
743	80 
744	27 
745	21 
746	39 
747	20 
748	40 
749	9 
750	60 
751	25 
752	40 
753	13 
754	84 
755	73 
756	79 
757	28 
758	26 
759	57 
760	36 
761	73 
762	62 
763	54 
764	47 
765	66 
766	72 
767	73 
768	45 
769	28 
770	54 
771	67 
772	60 
773	54 
774	70 
775	51 
776	60 
777	53 
778	29 
779	24 
780	80 
781	44 
782	16 
783	1 
784	40 
785	27 
786	53 
787	24 
788	71 
789	39 
790	45 
791	47 
792	13 
793	77 
794	36 
795	5 
796	8 
797	88 
798	51 
799	7 
800	1 
801	20 
802	24 
803	89 
804	77 
805	2 
806	9 
807	34 
808	15 
809	4 
810	23 
811	11 
812	79 
813	78 
814	80 
815	33 
816	33 
817	47 
818	51 
819	3 
820	86 
821	36 
822	76 
823	41 
824	62 
825	15 
826	68 
827	89 
828	21 
829	17 
830	25 
831	42 
832	76 
833	57 
834	10 
835	55 
836	83 
837	47 
838	37 
839	41 
840	9 
841	10 
842	79 
843	58 
844	17 
845	83 
846	33 
847	43 
848	59 
849	25 
850	82 
851	51 
852	72 
853	5 
854	54 
855	26 
856	11 
857	24 
858	79 
859	63 
860	38 
861	2 
862	6 
863	64 
864	7 
865	58 
866	26 
867	50 
868	62 
869	56 
870	78 
871	76 
872	29 
873	16 
874	46 
875	73 
876	56 
877	17 
878	24 
879	18 
880	31 
881	52 
882	15 
883	65 
884	87 
885	27 
886	62 
887	48 
888	35 
889	36 
890	20 
891	51 
892	7 
893	35 
894	87 
895	15 
896	40 
897	5 
898	18 
899	71 
900	25 
901	37 
902	19 
903	80 
904	68 
905	38 
906	16 
907	80 
908	33 
909	1 
910	7 
911	54 
912	86 
913	62 
914	77 
915	42 
916	36 
917	50 
918	25 
919	17 
920	61 
921	10 
922	61 
923	32 
924	26 
925	6 
926	80 
927	58 
928	66 
929	80 
930	6 
931	63 
932	42 
933	10 
934	61 
935	55 
936	13 
937	76 
938	71 
939	60 
940	55 
941	82 
942	49 
943	68 
944	74 
945	55 
946	17 
947	54 
948	15 
949	51 
950	30 
951	59 
952	67 
953	23 
954	2 
955	74 
956	47 
957	73 
958	8 
959	80 
960	1 
961	44 
962	19 
963	58 
964	63 
965	8 
966	67 
967	47 
968	10 
969	76 
970	47 
971	45 
972	45 
973	23 
974	40 
975	72 
976	90 
977	70 
978	12 
979	69 
980	8 
981	60 
982	51 
983	76 
984	1 
985	10 
986	49 
987	19 
988	19 
989	33 
990	48 
991	38 
992	4 
993	27 
994	20 
995	6 
996	73 
997	77 
998	2 
999	23 
1000	17 
1001	64 
1002	83 
1003	90 
1004	87 
1005	75 
1006	46 
1007	76 
1008	19 
1009	13 
1010	53 
1011	53 
1012	45 
1013	25 
1014	55 
1015	17 
1016	58 
1017	64 
1018	90 
1019	48 
1020	66 
1021	17 
1022	44 
1023	29 
1024	73 
1025	88 
1026	24 
1027	62 
1028	65 
1029	24 
1030	51 
1031	42 
1032	80 
1033	47 
1034	36 
1035	61 
1036	52 
1037	8 
1038	73 
1039	48 
1040	5 
1041	67 
1042	32 
1043	19 
1044	56 
1045	40 
1046	62 
1047	85 
1048	88 
1049	69 
1050	72 
1051	17 
1052	58 
1053	72 
1054	46 
1055	5 
1056	66 
1057	37 
1058	42 
1059	9 
1060	19 
1061	48 
1062	20 
1063	9 
1064	13 
1065	69 
1066	8 
1067	29 
1068	14 
1069	37 
1070	74 
1071	44 
1072	7 
1073	30 
1074	2 
1075	84 
1076	51 
1077	23 
1078	37 
1079	28 
1080	31 
1081	13 
1082	35 
1083	84 
1084	16 
1085	38 
1086	51 
1087	72 
1088	32 
1089	20 
1090	80 
1091	18 
1092	11 
1093	71 
1094	51 
1095	56 
1096	27 
1097	33 
1098	86 
1099	40 
1100	8 
1101	17 
1102	66 
1103	42 
1104	18 
1105	28 
1106	20 
1107	38 
1108	9 
1109	25 
1110	58 
1111	5 
1112	2 
1113	29 
1114	59 
1115	19 
1116	15 
1117	24 
1118	29 
1119	69 
1120	67 
1121	39 
1122	4 
1123	59 
1124	60 
1125	36 
1126	7 
1127	44 
1128	44 
1129	57 
1130	26 
1131	37 
1132	60 
1133	46 
1134	73 
1135	61 
1136	10 
1137	46 
1138	10 
1139	10 
1140	34 
1141	85 
1142	57 
1143	24 
1144	67 
1145	20 
1146	89 
1147	71 
1148	45 
1149	64 
1150	32 
1151	64 
1152	72 
1153	5 
1154	53 
1155	3 
1156	14 
1157	77 
1158	23 
1159	53 
1160	17 
1161	22 
1162	86 
1163	38 
1164	60 
1165	63 
1166	38 
1167	67 
1168	78 
1169	51 
1170	38 
1171	84 
1172	73 
1173	56 
1174	21 
1175	33 
1176	56 
1177	74 
1178	57 
1179	14 
1180	77 
1181	86 
1182	5 
1183	64 
1184	21 
1185	24 
1186	77 
1187	46 
1188	85 
1189	56 
1190	30 
1191	57 
1192	53 
1193	89 
1194	88 
1195	64 
1196	39 
1197	77 
1198	35 
1199	88 
1200	10 
1201	54 
1202	77 
1203	50 
1204	21 
1205	68 
1206	76 
1207	36 
1208	36 
1209	42 
1210	73 
1211	11 
1212	85 
1213	36 
1214	15 
1215	11 
1216	1 
1217	12 
1218	71 
1219	56 
1220	88 
1221	79 
1222	62 
1223	59 
1224	38 
1225	40 
1226	20 
1227	82 
1228	53 
1229	2 
1230	8 
1231	2 
1232	46 
1233	45 
1234	56 
1235	5 
1236	80 
1237	36 
1238	12 
1239	50 
1240	41 
1241	19 
1242	79 
1243	65 
1244	86 
1245	64 
1246	77 
1247	68 
1248	57 
1249	69 
1250	7 
1251	51 
1252	33 
1253	78 
1254	37 
1255	33 
1256	56 
1257	76 
1258	12 
1259	72 
1260	8 
1261	19 
1262	36 
1263	48 
1264	77 
1265	5 
1266	30 
1267	25 
1268	83 
1269	6 
1270	76 
1271	85 
1272	5 
1273	57 
1274	24 
1275	43 
1276	20 
1277	13 
1278	84 
1279	72 
1280	60 
1281	27 
1282	76 
1283	9 
1284	19 
1285	29 
1286	50 
1287	88 
1288	48 
1289	72 
1290	85 
1291	81 
1292	24 
1293	69 
1294	40 
1295	25 
1296	83 
1297	6 
1298	8 
1299	47 
1300	80 
1301	88 
1302	88 
1303	61 
1304	29 
1305	64 
1306	30 
1307	58 
1308	54 
1309	30 
1310	54 
1311	54 
1312	31 
1313	78 
1314	10 
1315	44 
1316	8 
1317	84 
1318	64 
1319	43 
1320	69 
1321	11 
1322	67 
1323	67 
1324	39 
1325	81 
1326	90 
1327	46 
1328	26 
1329	27 
1330	89 
1331	79 
1332	32 
1333	1 
1334	13 
1335	59 
1336	72 
1337	80 
1338	47 
1339	53 
1340	32 
1341	37 
1342	35 
1343	25 
1344	30 
1345	20 
1346	88 
1347	16 
1348	90 
1349	82 
1350	12 
1351	58 
1352	89 
1353	34 
1354	25 
1355	15 
1356	24 
1357	15 
1358	73 
1359	80 
1360	63 
1361	1 
1362	83 
1363	19 
1364	12 
1365	78 
1366	20 
1367	2 
1368	27 
1369	50 
1370	72 
1371	23 
1372	58 
1373	16 
1374	13 
1375	12 
1376	66 
1377	63 
1378	53 
1379	86 
1380	64 
1381	71 
1382	71 
1383	26 
1384	16 
1385	16 
1386	87 
1387	59 
1388	69 
1389	86 
1390	5 
1391	76 
1392	77 
1393	85 
1394	73 
1395	43 
1396	34 
1397	46 
1398	22 
1399	90 
1400	40 
1401	85 
1402	57 
1403	65 
1404	6 
1405	36 
1406	50 
1407	51 
1408	58 
1409	80 
1410	12 
1411	35 
1412	62 
1413	43 
1414	46 
1415	66 
1416	8 
1417	15 
1418	68 
1419	81 
1420	42 
1421	11 
1422	51 
1423	59 
1424	25 
1425	18 
1426	10 
1427	8 
1428	3 
1429	41 
1430	11 
1431	49 
1432	13 
1433	39 
1434	63 
1435	36 
1436	15 
1437	67 
1438	39 
1439	60 
1440	70 
1441	28 
1442	84 
1443	68 
1444	67 
1445	10 
1446	40 
1447	71 
1448	66 
1449	44 
1450	51 
1451	60 
1452	52 
1453	27 
1454	4 
1455	83 
1456	50 
1457	21 
1458	22 
1459	86 
1460	1 
1461	31 
1462	87 
1463	62 
1464	62 
1465	47 
1466	51 
1467	78 
1468	66 
1469	74 
1470	15 
1471	8 
1472	23 
1473	4 
1474	89 
1475	50 
1476	41 
1477	76 
1478	4 
1479	50 
1480	51 
1481	56 
1482	54 
1483	87 
1484	69 
1485	17 
1486	6 
1487	63 
1488	47 
1489	38 
1490	60 
1491	2 
1492	25 
1493	57 
1494	11 
1495	5 
1496	59 
1497	21 
1498	34 
1499	58 
1500	56 
1501	43 
1502	31 
1503	69 
1504	30 
1505	85 
1506	51 
1507	60 
1508	78 
1509	24 
1510	64 
1511	52 
1512	56 
1513	61 
1514	89 
1515	34 
1516	28 
1517	72 
1518	64 
1519	72 
1520	10 
1521	53 
1522	63 
1523	9 
1524	66 
1525	16 
1526	45 
1527	64 
1528	8 
1529	46 
1530	89 
1531	44 
1532	6 
1533	19 
1534	64 
1535	58 
1536	25 
1537	5 
1538	75 
1539	88 
1540	84 
1541	34 
1542	4 
1543	8 
1544	66 
1545	40 
1546	38 
1547	60 
1548	24 
1549	15 
1550	89 
1551	83 
1552	11 
1553	29 
1554	30 
1555	37 
1556	53 
1557	58 
1558	46 
1559	9 
1560	62 
1561	21 
1562	46 
1563	13 
1564	80 
1565	71 
1566	84 
1567	31 
1568	16 
1569	29 
1570	15 
1571	48 
1572	87 
1573	75 
1574	78 
1575	48 
1576	70 
1577	88 
1578	47 
1579	37 
1580	20 
1581	82 
1582	27 
1583	48 
1584	5 
1585	36 
1586	63 
1587	45 
1588	58 
1589	8 
1590	49 
1591	5 
1592	5 
1593	44 
1594	45 
1595	3 
1596	85 
1597	73 
1598	50 
1599	8 
1600	13 
1601	10 
1602	88 
1603	10 
1604	71 
1605	10 
1606	87 
1607	60 
1608	3 
1609	90 
1610	66 
1611	44 
1612	9 
1613	84 
1614	26 
1615	15 
1616	38 
1617	20 
1618	52 
1619	29 
1620	7 
1621	3 
1622	43 
1623	10 
1624	15 
1625	49 
1626	16 
1627	50 
1628	82 
1629	16 
1630	57 
1631	58 
1632	62 
1633	62 
1634	67 
1635	47 
1636	40 
1637	85 
1638	30 
1639	63 
1640	24 
1641	62 
1642	14 
1643	70 
1644	69 
1645	67 
1646	51 
1647	68 
1648	6 
1649	14 
1650	5 
1651	34 
1652	13 
1653	54 
1654	45 
1655	13 
1656	68 
1657	26 
1658	50 
1659	20 
1660	65 
1661	32 
1662	53 
1663	78 
1664	53 
1665	73 
1666	40 
1667	68 
1668	43 
1669	30 
1670	23 
1671	17 
1672	76 
1673	78 
1674	49 
1675	7 
1676	64 
1677	56 
1678	15 
1679	69 
1680	44 
1681	69 
1682	54 
1683	86 
1684	63 
1685	46 
1686	37 
1687	90 
1688	50 
1689	3 
1690	32 
1691	63 
1692	21 
1693	51 
1694	65 
1695	40 
1696	4 
1697	15 
1698	59 
1699	61 
1700	5 
1701	51 
1702	45 
1703	74 
1704	40 
1705	73 
1706	36 
1707	2 
1708	43 
1709	80 
1710	13 
1711	47 
1712	28 
1713	23 
1714	75 
1715	18 
1716	77 
1717	49 
1718	64 
1719	78 
1720	72 
1721	19 
1722	28 
1723	7 
1724	30 
1725	59 
1726	55 
1727	62 
1728	15 
1729	13 
1730	58 
1731	32 
1732	23 
1733	70 
1734	85 
1735	28 
1736	31 
1737	14 
1738	73 
1739	76 
1740	88 
1741	40 
1742	63 
1743	4 
1744	88 
1745	31 
1746	79 
1747	11 
1748	13 
1749	9 
1750	53 
1751	83 
1752	18 
1753	53 
1754	36 
1755	45 
1756	41 
1757	50 
1758	49 
1759	63 
1760	34 
1761	74 
1762	82 
1763	66 
1764	2 
1765	88 
1766	67 
1767	54 
1768	9 
1769	54 
1770	28 
1771	66 
1772	66 
1773	66 
1774	84 
1775	11 
1776	30 
1777	38 
1778	70 
1779	73 
1780	50 
1781	18 
1782	80 
1783	86 
1784	60 
1785	27 
1786	83 
1787	19 
1788	57 
1789	24 
1790	44 
1791	59 
1792	12 
1793	8 
1794	50 
1795	50 
1796	75 
1797	59 
1798	74 
1799	13 
1800	33 
1801	57 
1802	4 
1803	29 
1804	43 
1805	83 
1806	69 
1807	79 
1808	21 
1809	64 
1810	12 
1811	5 
1812	73 
1813	2 
1814	88 
1815	39 
1816	18 
1817	26 
1818	10 
1819	25 
1820	11 
1821	66 
1822	17 
1823	86 
1824	86 
1825	16 
1826	46 
1827	63 
1828	17 
1829	60 
1830	80 
1831	89 
1832	89 
1833	12 
1834	77 
1835	10 
1836	85 
1837	31 
1838	80 
1839	21 
1840	31 
1841	62 
1842	65 
1843	13 
1844	90 
1845	21 
1846	48 
1847	43 
1848	60 
1849	30 
1850	78 
1851	73 
1852	77 
1853	9 
1854	34 
1855	4 
1856	42 
1857	21 
1858	89 
1859	57 
1860	44 
1861	10 
1862	19 
1863	57 
1864	75 
1865	50 
1866	58 
1867	20 
1868	61 
1869	30 
1870	6 
1871	32 
1872	31 
1873	1 
1874	22 
1875	80 
1876	24 
1877	12 
1878	27 
1879	13 
1880	72 
1881	7 
1882	65 
1883	72 
1884	43 
1885	26 
1886	16 
1887	64 
1888	15 
1889	80 
1890	52 
1891	60 
1892	77 
1893	64 
1894	24 
1895	19 
1896	36 
1897	32 
1898	73 
1899	51 
1900	38 
1901	63 
1902	54 
1903	55 
1904	26 
1905	84 
1906	81 
1907	70 
1908	70 
1909	9 
1910	59 
1911	41 
1912	25 
1913	43 
1914	22 
1915	30 
1916	47 
1917	38 
1918	3 
1919	76 
1920	16 
1921	29 
1922	22 
1923	23 
1924	83 
1925	11 
1926	46 
1927	76 
1928	60 
1929	45 
1930	54 
1931	86 
1932	28 
1933	79 
1934	41 
1935	40 
1936	29 
1937	76 
1938	46 
1939	86 
1940	88 
1941	66 
1942	23 
1943	47 
1944	63 
1945	43 
1946	20 
1947	83 
1948	68 
1949	5 
1950	6 
1951	38 
1952	85 
1953	25 
1954	78 
1955	25 
1956	52 
1957	42 
1958	17 
1959	1 
1960	90 
1961	20 
1962	79 
1963	29 
1964	88 
1965	21 
1966	83 
1967	28 
1968	6 
1969	74 
1970	4 
1971	5 
1972	37 
1973	57 
1974	40 
1975	2 
1976	34 
1977	60 
1978	23 
1979	33 
1980	17 
1981	12 
1982	39 
1983	45 
1984	90 
1985	15 
1986	90 
1987	84 
1988	77 
1989	82 
1990	38 
1991	38 
1992	60 
1993	85 
1994	22 
1995	57 
1996	58 
1997	6 
1998	42 
1999	79 
2000	2 
2001	54 
2002	28 
2003	14 
2004	49 
2005	45 
2006	75 
2007	89 
2008	22 
2009	16 
2010	12 
2011	42 
2012	52 
2013	6 
2014	85 
2015	34 
2016	51 
2017	57 
2018	49 
2019	55 
2020	81 
2021	58 
2022	32 
2023	15 
2024	22 
2025	20 
2026	63 
2027	13 
2028	60 
2029	31 
2030	25 
2031	55 
2032	90 
2033	65 
2034	35 
2035	14 
2036	76 
2037	36 
2038	49 
2039	63 
2040	38 
2041	66 
2042	15 
2043	75 
2044	83 
2045	89 
2046	76 
2047	76 
2048	9 
2049	11 
2050	62 
2051	15 
2052	50 
2053	48 
2054	64 
2055	41 
2056	56 
2057	18 
2058	41 
2059	46 
2060	29 
2061	66 
2062	84 
2063	42 
2064	69 
2065	1 
2066	71 
2067	83 
2068	59 
2069	35 
2070	31 
2071	80 
2072	70 
2073	26 
2074	43 
2075	72 
2076	15 
2077	36 
2078	13 
2079	23 
2080	19 
2081	36 
2082	44 
2083	33 
2084	17 
2085	66 
2086	21 
2087	65 
2088	21 
2089	43 
2090	4 
2091	62 
2092	5 
2093	65 
2094	2 
2095	70 
2096	14 
2097	64 
2098	23 
2099	17 
2100	50 
2101	36 
2102	6 
2103	86 
2104	76 
2105	53 
2106	79 
2107	2 
2108	76 
2109	1 
2110	12 
2111	4 
2112	79 
2113	74 
2114	7 
2115	62 
2116	5 
2117	32 
2118	48 
2119	70 
2120	83 
2121	3 
2122	84 
2123	53 
2124	70 
2125	19 
2126	90 
2127	72 
2128	76 
2129	70 
2130	27 
2131	37 
2132	88 
2133	13 
2134	27 
2135	40 
2136	54 
2137	24 
2138	23 
2139	53 
2140	2 
2141	5 
2142	8 
2143	28 
2144	21 
2145	77 
2146	18 
2147	90 
2148	57 
2149	28 
2150	62 
2151	53 
2152	82 
2153	84 
2154	54 
2155	17 
2156	16 
2157	63 
2158	85 
2159	8 
2160	48 
2161	49 
2162	36 
2163	82 
2164	10 
2165	47 
2166	30 
2167	73 
2168	24 
2169	21 
2170	26 
2171	65 
2172	25 
2173	13 
2174	70 
2175	46 
2176	42 
2177	53 
2178	44 
2179	81 
2180	30 
2181	15 
2182	28 
2183	35 
2184	16 
2185	69 
2186	79 
2187	58 
2188	51 
2189	81 
2190	49 
2191	74 
2192	62 
2193	73 
2194	51 
2195	70 
2196	44 
2197	84 
2198	11 
2199	86 
2200	16 
2201	74 
2202	7 
2203	83 
2204	20 
2205	83 
2206	40 
2207	48 
2208	25 
2209	22 
2210	47 
2211	65 
2212	64 
2213	77 
2214	77 
2215	76 
2216	13 
2217	61 
2218	80 
2219	53 
2220	1 
2221	89 
2222	12 
2223	74 
2224	3 
2225	53 
2226	30 
2227	90 
2228	84 
2229	83 
2230	81 
2231	42 
2232	20 
2233	66 
2234	26 
2235	77 
2236	45 
2237	46 
2238	25 
2239	9 
2240	10 
2241	84 
2242	25 
2243	26 
2244	24 
2245	20 
2246	78 
2247	80 
2248	83 
2249	33 
2250	23 
2251	22 
2252	84 
2253	51 
2254	79 
2255	73 
2256	68 
2257	83 
2258	46 
2259	66 
2260	55 
2261	21 
2262	50 
2263	64 
2264	26 
2265	85 
2266	90 
2267	61 
2268	18 
2269	46 
2270	21 
2271	4 
2272	24 
2273	13 
2274	84 
2275	88 
2276	84 
2277	54 
2278	3 
2279	67 
2280	1 
2281	39 
2282	86 
2283	52 
2284	80 
2285	61 
2286	23 
2287	57 
2288	38 
2289	4 
2290	42 
2291	90 
2292	16 
2293	38 
2294	41 
2295	47 
2296	62 
2297	20 
2298	63 
2299	58 
2300	66 
2301	74 
2302	32 
2303	72 
2304	68 
2305	29 
2306	38 
2307	36 
2308	52 
2309	46 
2310	87 
2311	12 
2312	87 
2313	66 
2314	59 
2315	84 
2316	5 
2317	25 
2318	21 
2319	55 
2320	34 
2321	88 
2322	8 
2323	83 
2324	60 
2325	17 
2326	17 
2327	33 
2328	71 
2329	59 
2330	43 
2331	8 
2332	11 
2333	32 
2334	5 
2335	78 
2336	4 
2337	59 
2338	75 
2339	21 
2340	82 
2341	27 
2342	87 
2343	1 
2344	43 
2345	63 
2346	64 
2347	75 
2348	4 
2349	28 
2350	3 
2351	46 
2352	43 
2353	50 
2354	54 
2355	67 
2356	22 
2357	12 
2358	16 
2359	17 
2360	87 
2361	85 
2362	67 
2363	60 
2364	20 
2365	80 
2366	41 
2367	25 
2368	46 
2369	67 
2370	35 
2371	60 
2372	88 
2373	37 
2374	54 
2375	79 
2376	88 
2377	37 
2378	29 
2379	71 
2380	5 
2381	62 
2382	1 
2383	34 
2384	34 
2385	3 
2386	33 
2387	54 
2388	9 
2389	36 
2390	63 
2391	33 
2392	21 
2393	76 
2394	31 
2395	48 
2396	36 
2397	52 
2398	64 
2399	61 
2400	55 
2401	13 
2402	33 
2403	54 
2404	20 
2405	31 
2406	16 
2407	17 
2408	14 
2409	38 
2410	27 
2411	22 
2412	52 
2413	74 
2414	22 
2415	32 
2416	86 
2417	2 
2418	72 
2419	50 
2420	34 
2421	60 
2422	65 
2423	7 
2424	23 
2425	6 
2426	1 
2427	73 
2428	21 
2429	73 
2430	86 
2431	56 
2432	80 
2433	75 
2434	21 
2435	25 
2436	88 
2437	1 
2438	79 
2439	20 
2440	73 
2441	16 
2442	11 
2443	56 
2444	27 
2445	47 
2446	56 
2447	64 
2448	26 
2449	20 
2450	22 
2451	8 
2452	79 
2453	40 
2454	22 
2455	12 
2456	46 
2457	73 
2458	25 
2459	41 
2460	84 
2461	65 
2462	79 
2463	71 
2464	19 
2465	84 
2466	54 
2467	90 
2468	72 
2469	83 
2470	36 
2471	29 
2472	69 
2473	81 
2474	19 
2475	68 
2476	28 
2477	88 
2478	62 
2479	40 
2480	49 
2481	64 
2482	37 
2483	49 
2484	4 
2485	17 
2486	45 
2487	43 
2488	22 
2489	74 
2490	48 
2491	50 
2492	6 
2493	21 
2494	55 
2495	64 
2496	9 
2497	25 
2498	1 
2499	28 
2500	65 
2501	29 
2502	34 
2503	41 
2504	51 
2505	73 
2506	83 
2507	14 
2508	58 
2509	73 
2510	18 
2511	75 
2512	76 
2513	23 
2514	20 
2515	54 
2516	37 
2517	2 
2518	43 
2519	3 
2520	48 
2521	60 
2522	68 
2523	88 
2524	32 
2525	80 
2526	67 
2527	4 
2528	53 
2529	4 
2530	73 
2531	27 
2532	42 
2533	60 
2534	48 
2535	29 
2536	7 
2537	47 
2538	85 
2539	21 
2540	60 
2541	81 
2542	19 
2543	2 
2544	62 
2545	7 
2546	83 
2547	20 
2548	12 
2549	27 
2550	80 
2551	25 
2552	38 
2553	12 
2554	62 
2555	60 
2556	86 
2557	19 
2558	89 
2559	84 
2560	20 
2561	20 
2562	35 
2563	89 
2564	88 
2565	5 
2566	85 
2567	65 
2568	37 
2569	33 
2570	72 
2571	57 
2572	70 
2573	10 
2574	16 
2575	57 
2576	33 
2577	27 
2578	81 
2579	87 
2580	5 
2581	86 
2582	19 
2583	89 
2584	48 
2585	61 
2586	1 
2587	53 
2588	89 
2589	16 
2590	68 
2591	45 
2592	75 
2593	58 
2594	29 
2595	17 
2596	27 
2597	68 
2598	30 
2599	9 
2600	15 
2601	84 
2602	9 
2603	12 
2604	18 
2605	38 
2606	13 
2607	72 
2608	43 
2609	30 
2610	45 
2611	68 
2612	33 
2613	52 
2614	14 
2615	39 
2616	40 
2617	50 
2618	30 
2619	59 
2620	41 
2621	83 
2622	31 
2623	61 
2624	59 
2625	73 
2626	83 
2627	16 
2628	13 
2629	42 
2630	68 
2631	68 
2632	13 
2633	17 
2634	79 
2635	17 
2636	3 
2637	53 
2638	60 
2639	15 
2640	85 
2641	63 
2642	56 
2643	69 
2644	85 
2645	53 
2646	5 
2647	66 
2648	52 
2649	5 
2650	51 
2651	9 
2652	10 
2653	75 
2654	60 
2655	15 
2656	83 
2657	76 
2658	40 
2659	2 
2660	15 
2661	17 
2662	20 
2663	27 
2664	15 
2665	57 
2666	29 
2667	22 
2668	17 
2669	23 
2670	16 
2671	4 
2672	76 
2673	83 
2674	25 
2675	50 
2676	63 
2677	79 
2678	57 
2679	68 
2680	38 
2681	19 
2682	79 
2683	57 
2684	30 
2685	85 
2686	15 
2687	86 
2688	50 
2689	32 
2690	58 
2691	3 
2692	67 
2693	81 
2694	73 
2695	82 
2696	23 
2697	76 
2698	51 
2699	38 
2700	74 
2701	16 
2702	7 
2703	28 
2704	46 
2705	76 
2706	10 
2707	11 
2708	50 
2709	23 
2710	76 
2711	17 
2712	65 
2713	79 
2714	53 
2715	79 
2716	1 
2717	60 
2718	32 
2719	12 
2720	86 
2721	52 
2722	76 
2723	60 
2724	49 
2725	33 
2726	45 
2727	55 
2728	20 
2729	88 
2730	10 
2731	81 
2732	70 
2733	68 
2734	74 
2735	3 
2736	54 
2737	43 
2738	78 
2739	54 
2740	76 
2741	38 
2742	60 
2743	52 
2744	4 
2745	63 
2746	84 
2747	12 
2748	12 
2749	17 
2750	13 
2751	58 
2752	20 
2753	34 
2754	31 
2755	3 
2756	73 
2757	76 
2758	64 
2759	63 
2760	7 
2761	27 
2762	77 
2763	26 
2764	32 
2765	89 
2766	16 
2767	7 
2768	13 
2769	44 
2770	9 
2771	1 
2772	49 
2773	32 
2774	60 
2775	25 
2776	73 
2777	6 
2778	34 
2779	89 
2780	83 
2781	85 
2782	72 
2783	47 
2784	34 
2785	62 
2786	56 
2787	85 
2788	26 
2789	1 
2790	20 
2791	68 
2792	49 
2793	35 
2794	88 
2795	73 
2796	8 
2797	76 
2798	17 
2799	67 
2800	35 
2801	29 
2802	36 
2803	46 
2804	76 
2805	31 
2806	83 
2807	43 
2808	5 
2809	17 
2810	90 
2811	46 
2812	28 
2813	50 
2814	11 
2815	80 
2816	36 
2817	68 
2818	72 
2819	20 
2820	75 
2821	11 
2822	63 
2823	25 
2824	73 
2825	35 
2826	65 
2827	72 
2828	42 
2829	35 
2830	38 
2831	50 
2832	36 
2833	54 
2834	25 
2835	16 
2836	7 
2837	50 
2838	24 
2839	88 
2840	16 
2841	41 
2842	5 
2843	11 
2844	23 
2845	44 
2846	29 
2847	15 
2848	84 
2849	34 
2850	55 
2851	42 
2852	58 
2853	19 
2854	66 
2855	22 
2856	61 
2857	80 
2858	72 
2859	21 
2860	72 
2861	50 
2862	26 
2863	66 
2864	12 
2865	83 
2866	11 
2867	30 
2868	70 
2869	82 
2870	26 
2871	60 
2872	15 
2873	72 
2874	70 
2875	25 
2876	39 
2877	80 
2878	29 
2879	53 
2880	62 
2881	38 
2882	12 
2883	76 
2884	37 
2885	42 
2886	29 
2887	43 
2888	49 
2889	83 
2890	34 
2891	25 
2892	50 
2893	55 
2894	45 
2895	50 
2896	12 
2897	34 
2898	60 
2899	87 
2900	84 
2901	35 
2902	69 
2903	16 
2904	81 
2905	8 
2906	25 
2907	8 
2908	68 
2909	80 
2910	23 
2911	60 
2912	16 
2913	30 
2914	26 
2915	74 
2916	72 
2917	10 
2918	16 
2919	45 
2920	64 
2921	50 
2922	21 
2923	12 
2924	1 
2925	69 
2926	77 
2927	53 
2928	37 
2929	43 
2930	54 
2931	5 
2932	75 
2933	9 
2934	42 
2935	50 
2936	27 
2937	6 
2938	67 
2939	71 
2940	58 
2941	83 
2942	68 
2943	32 
2944	3 
2945	52 
2946	32 
2947	49 
2948	13 
2949	74 
2950	33 
2951	40 
2952	80 
2953	50 
2954	21 
2955	64 
2956	54 
2957	26 
2958	29 
2959	86 
2960	48 
2961	52 
2962	46 
2963	15 
2964	39 
2965	65 
2966	87 
2967	49 
2968	15 
2969	63 
2970	36 
2971	59 
2972	21 
2973	35 
2974	49 
2975	34 
2976	66 
2977	49 
2978	58 
2979	60 
2980	37 
2981	55 
2982	47 
2983	47 
2984	83 
2985	48 
2986	73 
2987	73 
2988	9 
2989	7 
2990	54 
2991	82 
2992	52 
2993	85 
2994	39 
2995	26 
2996	32 
2997	79 
2998	74 
2999	53 
3000	24 
3001	46 
3002	62 
3003	9 
3004	11 
3005	23 
3006	3 
3007	12 
3008	55 
3009	63 
3010	32 
3011	43 
3012	89 
3013	84 
3014	53 
3015	76 
3016	52 
3017	7 
3018	28 
3019	65 
3020	71 
3021	79 
3022	30 
3023	54 
3024	49 
3025	88 
3026	32 
3027	15 
3028	53 
3029	86 
3030	58 
3031	13 
3032	7 
3033	2 
3034	73 
3035	13 
3036	26 
3037	14 
3038	81 
3039	67 
3040	11 
3041	70 
3042	46 
3043	36 
3044	81 
3045	78 
3046	41 
3047	9 
3048	10 
3049	77 
3050	33 
3051	82 
3052	16 
3053	6 
3054	75 
3055	65 
3056	84 
3057	4 
3058	61 
3059	12 
3060	20 
3061	21 
3062	24 
3063	84 
3064	13 
3065	12 
3066	36 
3067	21 
3068	23 
3069	38 
3070	83 
3071	83 
3072	81 
3073	9 
3074	9 
3075	79 
3076	39 
3077	18 
3078	65 
3079	39 
3080	23 
3081	71 
3082	45 
3083	42 
3084	18 
3085	81 
3086	78 
3087	69 
3088	89 
3089	64 
3090	12 
3091	21 
3092	71 
3093	73 
3094	44 
3095	60 
3096	63 
3097	23 
3098	53 
3099	28 
3100	57 
3101	31 
3102	33 
3103	85 
3104	87 
3105	77 
3106	41 
3107	27 
3108	40 
3109	2 
3110	13 
3111	40 
3112	47 
3113	73 
3114	32 
3115	63 
3116	36 
3117	88 
3118	51 
3119	57 
3120	50 
3121	70 
3122	11 
3123	44 
3124	11 
3125	73 
3126	85 
3127	41 
3128	30 
3129	78 
3130	11 
3131	73 
3132	36 
3133	51 
3134	83 
3135	22 
3136	29 
3137	39 
3138	1 
3139	23 
3140	66 
3141	44 
3142	23 
3143	61 
3144	55 
3145	40 
3146	39 
3147	22 
3148	64 
3149	5 
3150	42 
3151	52 
3152	15 
3153	17 
3154	47 
3155	73 
3156	70 
3157	67 
3158	30 
3159	61 
3160	39 
3161	63 
3162	60 
3163	25 
3164	73 
3165	42 
3166	73 
3167	59 
3168	60 
3169	86 
3170	83 
3171	86 
3172	53 
3173	44 
3174	65 
3175	88 
3176	90 
3177	53 
3178	39 
3179	29 
3180	66 
3181	38 
3182	84 
3183	49 
3184	41 
3185	5 
3186	68 
3187	59 
3188	70 
3189	1 
3190	37 
3191	15 
3192	20 
3193	60 
3194	83 
3195	10 
3196	32 
3197	71 
3198	6 
3199	7 
3200	44 
3201	74 
3202	86 
3203	7 
3204	36 
3205	53 
3206	78 
3207	82 
3208	63 
3209	88 
3210	17 
3211	35 
3212	71 
3213	17 
3214	82 
3215	84 
3216	3 
3217	15 
3218	64 
3219	3 
3220	61 
3221	30 
3222	22 
3223	36 
3224	57 
3225	57 
3226	17 
3227	46 
3228	41 
3229	71 
3230	32 
3231	16 
3232	33 
3233	28 
3234	48 
3235	33 
3236	88 
3237	59 
3238	37 
3239	12 
3240	85 
3241	37 
3242	39 
3243	4 
3244	10 
3245	75 
3246	89 
3247	79 
3248	76 
3249	54 
3250	49 
3251	14 
3252	80 
3253	49 
3254	81 
3255	36 
3256	33 
3257	63 
3258	64 
3259	80 
3260	3 
3261	70 
3262	78 
3263	13 
3264	80 
3265	47 
3266	46 
3267	80 
3268	67 
3269	58 
3270	10 
3271	55 
3272	8 
3273	55 
3274	46 
3275	59 
3276	26 
3277	50 
3278	60 
3279	9 
3280	36 
3281	20 
3282	24 
3283	66 
3284	41 
3285	73 
3286	20 
3287	12 
3288	2 
3289	14 
3290	7 
3291	33 
3292	75 
3293	55 
3294	10 
3295	49 
3296	37 
3297	31 
3298	84 
3299	72 
3300	69 
3301	13 
3302	87 
3303	12 
3304	38 
3305	5 
3306	32 
3307	5 
3308	82 
3309	47 
3310	61 
3311	13 
3312	31 
3313	44 
3314	83 
3315	81 
3316	60 
3317	21 
3318	79 
3319	33 
3320	39 
3321	32 
3322	73 
3323	69 
3324	35 
3325	9 
3326	31 
3327	39 
3328	89 
3329	71 
3330	14 
3331	16 
3332	84 
3333	24 
3334	59 
3335	88 
3336	6 
3337	46 
3338	38 
3339	84 
3340	24 
3341	16 
3342	78 
3343	66 
3344	62 
3345	35 
3346	80 
3347	25 
3348	16 
3349	27 
3350	87 
3351	84 
3352	23 
3353	17 
3354	1 
3355	90 
3356	62 
3357	48 
3358	58 
3359	60 
3360	35 
3361	45 
3362	7 
3363	72 
3364	66 
3365	6 
3366	17 
3367	84 
3368	7 
3369	26 
3370	13 
3371	80 
3372	18 
3373	52 
3374	16 
3375	74 
3376	44 
3377	79 
3378	26 
3379	65 
3380	65 
3381	44 
3382	35 
3383	62 
3384	54 
3385	29 
3386	46 
3387	44 
3388	57 
3389	34 
3390	46 
3391	44 
3392	2 
3393	36 
3394	66 
3395	76 
3396	16 
3397	24 
3398	47 
3399	82 
3400	72 
3401	22 
3402	72 
3403	34 
3404	61 
3405	88 
3406	7 
3407	15 
3408	63 
3409	20 
3410	49 
3411	86 
3412	51 
3413	37 
3414	44 
3415	16 
3416	86 
3417	28 
3418	40 
3419	47 
3420	72 
3421	15 
3422	52 
3423	50 
3424	46 
3425	19 
3426	14 
3427	3 
3428	83 
3429	36 
3430	85 
3431	58 
3432	18 
3433	37 
3434	61 
3435	5 
3436	1 
3437	33 
3438	74 
3439	63 
3440	71 
3441	46 
3442	80 
3443	87 
3444	50 
3445	38 
3446	10 
3447	28 
3448	41 
3449	41 
3450	46 
3451	1 
3452	4 
3453	5 
3454	52 
3455	14 
3456	36 
3457	36 
3458	70 
3459	84 
3460	47 
3461	27 
3462	87 
3463	68 
3464	37 
3465	3 
3466	60 
3467	43 
3468	63 
3469	12 
3470	54 
3471	44 
3472	67 
3473	37 
3474	23 
3475	19 
3476	80 
3477	19 
3478	69 
3479	4 
3480	61 
3481	61 
3482	80 
3483	72 
3484	54 
3485	22 
3486	58 
3487	61 
3488	45 
3489	60 
3490	16 
3491	50 
3492	55 
3493	85 
3494	43 
3495	86 
3496	90 
3497	5 
3498	24 
3499	65 
3500	9 
3501	53 
3502	52 
3503	36 
3504	7 
3505	70 
3506	23 
3507	29 
3508	67 
3509	3 
3510	35 
3511	57 
3512	26 
3513	32 
3514	54 
3515	75 
3516	35 
3517	10 
3518	88 
3519	20 
3520	23 
3521	86 
3522	19 
3523	87 
3524	82 
3525	73 
3526	49 
3527	62 
3528	28 
3529	8 
3530	9 
3531	79 
3532	46 
3533	28 
3534	71 
3535	37 
3536	21 
3537	72 
3538	86 
3539	46 
3540	67 
3541	49 
3542	18 
3543	55 
3544	10 
3545	83 
3546	44 
3547	11 
3548	46 
3549	88 
3550	86 
3551	72 
3552	30 
3553	53 
3554	65 
3555	25 
3556	76 
3557	43 
3558	77 
3559	33 
3560	44 
3561	37 
3562	20 
3563	46 
3564	38 
3565	60 
3566	9 
3567	5 
3568	83 
3569	7 
3570	75 
3571	65 
3572	63 
3573	77 
3574	60 
3575	20 
3576	38 
3577	21 
3578	51 
3579	79 
3580	44 
3581	87 
3582	19 
3583	78 
3584	64 
3585	79 
3586	48 
3587	3 
3588	41 
3589	63 
3590	73 
3591	38 
3592	59 
3593	89 
3594	76 
3595	60 
3596	1 
3597	86 
3598	32 
3599	37 
3600	24 
3601	70 
3602	69 
3603	59 
3604	39 
3605	33 
3606	36 
3607	28 
3608	18 
3609	25 
3610	3 
3611	16 
3612	89 
3613	22 
3614	6 
3615	46 
3616	51 
3617	76 
3618	83 
3619	17 
3620	44 
3621	10 
3622	81 
3623	21 
3624	4 
3625	25 
3626	29 
3627	14 
3628	7 
3629	49 
3630	58 
3631	8 
3632	36 
3633	26 
3634	13 
3635	50 
3636	66 
3637	2 
3638	7 
3639	73 
3640	47 
3641	59 
3642	49 
3643	79 
3644	4 
3645	63 
3646	31 
3647	73 
3648	82 
3649	55 
3650	84 
3651	32 
3652	37 
3653	40 
3654	56 
3655	1 
3656	69 
3657	1 
3658	29 
3659	23 
3660	78 
3661	32 
3662	36 
3663	54 
3664	76 
3665	54 
3666	51 
3667	22 
3668	12 
3669	60 
3670	78 
3671	27 
3672	20 
3673	27 
3674	69 
3675	7 
3676	73 
3677	53 
3678	35 
3679	40 
3680	11 
3681	13 
3682	53 
3683	87 
3684	56 
3685	23 
3686	83 
3687	81 
3688	71 
3689	83 
3690	44 
3691	8 
3692	54 
3693	24 
3694	17 
3695	47 
3696	75 
3697	76 
3698	36 
3699	12 
3700	19 
3701	39 
3702	39 
3703	60 
3704	51 
3705	31 
3706	88 
3707	78 
3708	26 
3709	15 
3710	54 
3711	29 
3712	49 
3713	23 
3714	88 
3715	51 
3716	83 
3717	2 
3718	72 
3719	38 
3720	24 
3721	52 
3722	75 
3723	88 
3724	73 
3725	68 
3726	20 
3727	45 
3728	89 
3729	74 
3730	76 
3731	48 
3732	33 
3733	37 
3734	12 
3735	52 
3736	84 
3737	34 
3738	2 
3739	41 
3740	9 
3741	60 
3742	27 
3743	63 
3744	58 
3745	13 
3746	55 
3747	81 
3748	24 
3749	61 
3750	42 
3751	46 
3752	74 
3753	51 
3754	1 
3755	77 
3756	36 
3757	77 
3758	54 
3759	9 
3760	26 
3761	75 
3762	32 
3763	19 
3764	1 
3765	32 
3766	53 
3767	12 
3768	37 
3769	37 
3770	59 
3771	63 
3772	8 
3773	86 
3774	5 
3775	50 
3776	77 
3777	35 
3778	13 
3779	55 
3780	33 
3781	13 
3782	61 
3783	90 
3784	43 
3785	77 
3786	29 
3787	9 
3788	9 
3789	4 
3790	11 
3791	77 
3792	6 
3793	84 
3794	55 
3795	21 
3796	88 
3797	52 
3798	50 
3799	65 
3800	51 
3801	7 
3802	71 
3803	18 
3804	73 
3805	2 
3806	20 
3807	19 
3808	88 
3809	85 
3810	48 
3811	82 
3812	21 
3813	11 
3814	37 
3815	47 
3816	52 
3817	54 
3818	1 
3819	23 
3820	52 
3821	53 
3822	9 
3823	41 
3824	69 
3825	50 
3826	80 
3827	50 
3828	24 
3829	18 
3830	15 
3831	1 
3832	18 
3833	66 
3834	19 
3835	28 
3836	86 
3837	82 
3838	9 
3839	45 
3840	50 
3841	81 
3842	66 
3843	41 
3844	86 
3845	11 
3846	45 
3847	43 
3848	64 
3849	75 
3850	65 
3851	12 
3852	31 
3853	49 
3854	17 
3855	11 
3856	71 
3857	53 
3858	63 
3859	11 
3860	18 
3861	37 
3862	27 
3863	53 
3864	87 
3865	28 
3866	82 
3867	76 
3868	63 
3869	73 
3870	78 
3871	54 
3872	5 
3873	13 
3874	39 
3875	52 
3876	72 
3877	17 
3878	16 
3879	7 
3880	60 
3881	72 
3882	83 
3883	39 
3884	48 
3885	38 
3886	83 
3887	56 
3888	77 
3889	25 
3890	6 
3891	80 
3892	58 
3893	48 
3894	74 
3895	84 
3896	22 
3897	7 
3898	53 
3899	16 
3900	76 
3901	31 
3902	5 
3903	41 
3904	30 
3905	66 
3906	33 
3907	86 
3908	3 
3909	25 
3910	43 
3911	42 
3912	9 
3913	28 
3914	6 
3915	85 
3916	75 
3917	70 
3918	58 
3919	27 
3920	77 
3921	64 
3922	77 
3923	36 
3924	11 
3925	72 
3926	62 
3927	24 
3928	14 
3929	61 
3930	11 
3931	53 
3932	10 
3933	59 
3934	73 
3935	13 
3936	66 
3937	17 
3938	16 
3939	80 
3940	2 
3941	3 
3942	51 
3943	86 
3944	7 
3945	45 
3946	52 
3947	41 
3948	23 
3949	60 
3950	57 
3951	5 
3952	7 
3953	21 
3954	48 
3955	29 
3956	26 
3957	8 
3958	43 
3959	80 
3960	71 
3961	52 
3962	60 
3963	12 
3964	1 
3965	83 
3966	37 
3967	79 
3968	80 
3969	20 
3970	34 
3971	90 
3972	74 
3973	41 
3974	61 
3975	22 
3976	35 
3977	12 
3978	58 
3979	57 
3980	10 
3981	35 
3982	62 
3983	28 
3984	41 
3985	58 
3986	62 
3987	19 
3988	42 
3989	30 
3990	16 
3991	28 
3992	56 
3993	74 
3994	28 
3995	25 
3996	9 
3997	77 
3998	68 
3999	74 
4000	83 
4001	70 
4002	85 
4003	16 
4004	26 
4005	12 
4006	36 
4007	1 
4008	74 
4009	68 
4010	4 
4011	60 
4012	21 
4013	6 
4014	80 
4015	73 
4016	45 
4017	20 
4018	4 
4019	53 
4020	84 
4021	50 
4022	54 
4023	30 
4024	80 
4025	57 
4026	18 
4027	25 
4028	47 
4029	2 
4030	7 
4031	20 
4032	82 
4033	64 
4034	87 
4035	44 
4036	1 
4037	23 
4038	37 
4039	21 
4040	41 
4041	57 
4042	73 
4043	59 
4044	88 
4045	77 
4046	52 
4047	13 
4048	53 
4049	78 
4050	64 
4051	13 
4052	6 
4053	37 
4054	4 
4055	60 
4056	84 
4057	36 
4058	35 
4059	38 
4060	9 
4061	21 
4062	9 
4063	37 
4064	84 
4065	4 
4066	86 
4067	79 
4068	81 
4069	41 
4070	40 
4071	66 
4072	90 
4073	34 
4074	6 
4075	63 
4076	31 
4077	46 
4078	41 
4079	30 
4080	35 
4081	5 
4082	75 
4083	2 
4084	15 
4085	52 
4086	26 
4087	73 
4088	13 
4089	72 
4090	25 
4091	40 
4092	19 
4093	2 
4094	27 
4095	84 
4096	9 
4097	83 
4098	13 
4099	38 
4100	65 
4101	52 
4102	18 
4103	58 
4104	79 
4105	20 
4106	78 
4107	81 
4108	45 
4109	26 
4110	36 
4111	5 
4112	85 
4113	50 
4114	9 
4115	31 
4116	31 
4117	67 
4118	50 
4119	76 
4120	59 
4121	65 
4122	17 
4123	7 
4124	21 
4125	16 
4126	76 
4127	47 
4128	18 
4129	43 
4130	29 
4131	9 
4132	42 
4133	28 
4134	60 
4135	7 
4136	82 
4137	20 
4138	84 
4139	67 
4140	25 
4141	10 
4142	67 
4143	83 
4144	20 
4145	83 
4146	9 
4147	7 
4148	34 
4149	21 
4150	38 
4151	58 
4152	64 
4153	87 
4154	80 
4155	66 
4156	2 
4157	45 
4158	8 
4159	78 
4160	74 
4161	1 
4162	86 
4163	19 
4164	68 
4165	76 
4166	25 
4167	84 
4168	18 
4169	39 
4170	34 
4171	29 
4172	64 
4173	76 
4174	65 
4175	80 
4176	32 
4177	83 
4178	32 
4179	84 
4180	1 
4181	23 
4182	81 
4183	27 
4184	16 
4185	48 
4186	89 
4187	46 
4188	1 
4189	13 
4190	12 
4191	73 
4192	2 
4193	47 
4194	48 
4195	17 
4196	23 
4197	36 
4198	25 
4199	24 
4200	66 
4201	82 
4202	76 
4203	31 
4204	63 
4205	51 
4206	67 
4207	16 
4208	20 
4209	50 
4210	23 
4211	67 
4212	70 
4213	27 
4214	20 
4215	56 
4216	18 
4217	76 
4218	45 
4219	67 
4220	24 
4221	60 
4222	20 
4223	6 
4224	79 
4225	77 
4226	60 
4227	77 
4228	83 
4229	77 
4230	30 
4231	12 
4232	42 
4233	5 
4234	25 
4235	79 
4236	79 
4237	40 
4238	43 
4239	41 
4240	2 
4241	35 
4242	4 
4243	18 
4244	3 
4245	1 
4246	47 
4247	50 
4248	77 
4249	47 
4250	8 
4251	12 
4252	1 
4253	80 
4254	18 
4255	21 
4256	70 
4257	11 
4258	58 
4259	59 
4260	58 
4261	52 
4262	15 
4263	60 
4264	83 
4265	60 
4266	84 
4267	85 
4268	12 
4269	50 
4270	43 
4271	86 
4272	8 
4273	60 
4274	88 
4275	22 
4276	60 
4277	10 
4278	1 
4279	30 
4280	18 
4281	67 
4282	5 
4283	5 
4284	5 
4285	38 
4286	14 
4287	8 
4288	68 
4289	51 
4290	8 
4291	42 
4292	48 
4293	13 
4294	73 
4295	13 
4296	62 
4297	14 
4298	67 
4299	86 
4300	53 
4301	35 
4302	25 
4303	18 
4304	42 
4305	83 
4306	73 
4307	47 
4308	21 
4309	51 
4310	70 
4311	20 
4312	34 
4313	82 
4314	17 
4315	14 
4316	36 
4317	56 
4318	25 
4319	32 
4320	8 
4321	42 
4322	37 
4323	46 
4324	58 
4325	50 
4326	56 
4327	69 
4328	31 
4329	31 
4330	70 
4331	15 
4332	54 
4333	59 
4334	41 
4335	11 
4336	9 
4337	36 
4338	40 
4339	55 
4340	39 
4341	76 
4342	85 
4343	80 
4344	55 
4345	23 
4346	13 
4347	15 
4348	74 
4349	66 
4350	41 
4351	43 
4352	78 
4353	26 
4354	25 
4355	26 
4356	48 
4357	24 
4358	77 
4359	28 
4360	62 
4361	84 
4362	47 
4363	25 
4364	36 
4365	70 
4366	29 
4367	11 
4368	38 
4369	44 
4370	27 
4371	24 
4372	83 
4373	54 
4374	10 
4375	79 
4376	66 
4377	44 
4378	15 
4379	43 
4380	71 
4381	13 
4382	7 
4383	5 
4384	57 
4385	24 
4386	33 
4387	30 
4388	34 
4389	4 
4390	73 
4391	30 
4392	84 
4393	41 
4394	43 
4395	9 
4396	15 
4397	45 
4398	43 
4399	28 
4400	89 
4401	80 
4402	87 
4403	54 
4404	41 
4405	73 
4406	59 
4407	4 
4408	9 
4409	20 
4410	70 
4411	63 
4412	81 
4413	47 
4414	80 
4415	7 
4416	70 
4417	13 
4418	30 
4419	89 
4420	1 
4421	51 
4422	65 
4423	20 
4424	89 
4425	2 
4426	86 
4427	72 
4428	70 
4429	46 
4430	7 
4431	16 
4432	24 
4433	21 
4434	50 
4435	66 
4436	78 
4437	48 
4438	27 
4439	30 
4440	54 
4441	81 
4442	83 
4443	7 
4444	64 
4445	44 
4446	86 
4447	17 
4448	33 
4449	83 
4450	9 
4451	46 
4452	16 
4453	69 
4454	69 
4455	32 
4456	38 
4457	30 
4458	50 
4459	34 
4460	17 
4461	5 
4462	59 
4463	1 
4464	59 
4465	74 
4466	20 
4467	72 
4468	32 
4469	40 
4470	42 
4471	33 
4472	90 
4473	75 
4474	5 
4475	40 
4476	43 
4477	44 
4478	81 
4479	4 
4480	84 
4481	82 
4482	12 
4483	49 
4484	87 
4485	50 
4486	13 
4487	4 
4488	58 
4489	57 
4490	11 
4491	67 
4492	5 
4493	5 
4494	40 
4495	50 
4496	44 
4497	70 
4498	81 
4499	7 
4500	48 
4501	10 
4502	59 
4503	55 
4504	58 
4505	47 
4506	3 
4507	30 
4508	70 
4509	34 
4510	56 
4511	37 
4512	12 
4513	72 
4514	16 
4515	8 
4516	17 
4517	38 
4518	63 
4519	44 
4520	51 
4521	71 
4522	24 
4523	70 
4524	22 
4525	36 
4526	19 
4527	6 
4528	20 
4529	69 
4530	3 
4531	78 
4532	13 
4533	79 
4534	22 
4535	34 
4536	27 
4537	52 
4538	62 
4539	23 
4540	9 
4541	60 
4542	43 
4543	68 
4544	36 
4545	73 
4546	65 
4547	33 
4548	79 
4549	5 
4550	13 
4551	40 
4552	14 
4553	47 
4554	19 
4555	3 
4556	80 
4557	74 
4558	75 
4559	46 
4560	11 
4561	79 
4562	32 
4563	46 
4564	10 
4565	32 
4566	79 
4567	37 
4568	55 
4569	4 
4570	41 
4571	37 
4572	90 
4573	79 
4574	82 
4575	73 
4576	29 
4577	23 
4578	11 
4579	46 
4580	40 
4581	44 
4582	70 
4583	15 
4584	36 
4585	70 
4586	86 
4587	24 
4588	31 
4589	43 
4590	83 
4591	54 
4592	62 
4593	67 
4594	15 
4595	27 
4596	19 
4597	2 
4598	37 
4599	12 
4600	79 
4601	42 
4602	54 
4603	4 
4604	23 
4605	5 
4606	87 
4607	20 
4608	66 
4609	22 
4610	34 
4611	5 
4612	66 
4613	58 
4614	12 
4615	23 
4616	55 
4617	41 
4618	66 
4619	38 
4620	22 
4621	27 
4622	72 
4623	33 
4624	83 
4625	32 
4626	46 
4627	47 
4628	3 
4629	30 
4630	60 
4631	37 
4632	77 
4633	19 
4634	78 
4635	3 
4636	72 
4637	85 
4638	17 
4639	60 
4640	21 
4641	49 
4642	83 
4643	55 
4644	52 
4645	72 
4646	12 
4647	58 
4648	51 
4649	23 
4650	26 
4651	30 
4652	14 
4653	72 
4654	68 
4655	72 
4656	13 
4657	16 
4658	13 
4659	47 
4660	35 
4661	90 
4662	60 
4663	84 
4664	54 
4665	28 
4666	38 
4667	13 
4668	78 
4669	19 
4670	31 
4671	81 
4672	24 
4673	77 
4674	53 
4675	69 
4676	73 
4677	37 
4678	7 
4679	62 
4680	71 
4681	21 
4682	57 
4683	63 
4684	69 
4685	45 
4686	29 
4687	36 
4688	85 
4689	77 
4690	43 
4691	53 
4692	4 
4693	74 
4694	47 
4695	35 
4696	82 
4697	22 
4698	43 
4699	34 
4700	20 
4701	77 
4702	32 
4703	71 
4704	54 
4705	7 
4706	88 
4707	85 
4708	2 
4709	72 
4710	77 
4711	58 
4712	62 
4713	73 
4714	43 
4715	71 
4716	15 
4717	64 
4718	59 
4719	37 
4720	22 
4721	32 
4722	80 
4723	30 
4724	22 
4725	75 
4726	26 
4727	9 
4728	85 
4729	41 
4730	69 
4731	32 
4732	70 
4733	9 
4734	83 
4735	79 
4736	74 
4737	60 
4738	1 
4739	74 
4740	66 
4741	33 
4742	42 
4743	65 
4744	60 
4745	13 
4746	30 
4747	66 
4748	85 
4749	46 
4750	62 
4751	15 
4752	5 
4753	29 
4754	87 
4755	1 
4756	41 
4757	31 
4758	56 
4759	30 
4760	63 
4761	59 
4762	43 
4763	14 
4764	54 
4765	73 
4766	47 
4767	39 
4768	29 
4769	66 
4770	40 
4771	20 
4772	17 
4773	36 
4774	25 
4775	48 
4776	51 
4777	19 
4778	41 
4779	61 
4780	16 
4781	70 
4782	20 
4783	5 
4784	44 
4785	52 
4786	25 
4787	48 
4788	74 
4789	14 
4790	77 
4791	58 
4792	16 
4793	67 
4794	22 
4795	77 
4796	23 
4797	60 
4798	21 
4799	76 
4800	78 
4801	57 
4802	73 
4803	20 
4804	31 
4805	27 
4806	28 
4807	34 
4808	69 
4809	26 
4810	10 
4811	34 
4812	76 
4813	8 
4814	1 
4815	75 
4816	43 
4817	21 
4818	80 
4819	23 
4820	43 
4821	63 
4822	51 
4823	49 
4824	17 
4825	13 
4826	9 
4827	33 
4828	75 
4829	80 
4830	36 
4831	32 
4832	60 
4833	43 
4834	11 
4835	29 
4836	36 
4837	83 
4838	77 
4839	56 
4840	37 
4841	5 
4842	86 
4843	54 
4844	10 
4845	65 
4846	38 
4847	84 
4848	83 
4849	76 
4850	50 
4851	22 
4852	58 
4853	89 
4854	50 
4855	43 
4856	15 
4857	22 
4858	38 
4859	50 
4860	78 
4861	56 
4862	79 
4863	28 
4864	79 
4865	58 
4866	63 
4867	12 
4868	48 
4869	28 
4870	42 
4871	81 
4872	58 
4873	53 
4874	90 
4875	44 
4876	38 
4877	75 
4878	3 
4879	55 
4880	19 
4881	50 
4882	37 
4883	85 
4884	70 
4885	8 
4886	57 
4887	78 
4888	74 
4889	26 
4890	43 
4891	33 
4892	80 
4893	30 
4894	44 
4895	5 
4896	64 
4897	67 
4898	47 
4899	57 
4900	51 
4901	10 
4902	49 
4903	90 
4904	12 
4905	3 
4906	53 
4907	78 
4908	54 
4909	18 
4910	66 
4911	18 
4912	86 
4913	73 
4914	75 
4915	51 
4916	59 
4917	25 
4918	72 
4919	90 
4920	41 
4921	24 
4922	42 
4923	74 
4924	17 
4925	59 
4926	61 
4927	1 
4928	72 
4929	50 
4930	90 
4931	65 
4932	55 
4933	35 
4934	19 
4935	80 
4936	28 
4937	22 
4938	84 
4939	83 
4940	40 
4941	5 
4942	90 
4943	37 
4944	37 
4945	58 
4946	49 
4947	7 
4948	48 
4949	38 
4950	72 
4951	87 
4952	78 
4953	16 
4954	60 
4955	57 
4956	2 
4957	34 
4958	31 
4959	43 
4960	48 
4961	1 
4962	48 
4963	3 
4964	75 
4965	52 
4966	42 
4967	50 
4968	82 
4969	90 
4970	55 
4971	42 
4972	12 
4973	41 
4974	21 
4975	81 
4976	89 
4977	84 
4978	83 
4979	46 
4980	47 
4981	66 
4982	53 
4983	82 
4984	48 
4985	59 
4986	31 
4987	75 
4988	16 
4989	18 
4990	79 
4991	1 
4992	6 
4993	58 
4994	23 
4995	3 
4996	90 
4997	11 
4998	27 
4999	58 
5000	59 
5001	60 
5002	12 
5003	88 
5004	88 
5005	62 
5006	8 
5007	60 
5008	88 
5009	65 
5010	40 
5011	19 
5012	9 
5013	17 
5014	32 
5015	90 
5016	40 
5017	3 
5018	51 
5019	22 
5020	35 
5021	60 
5022	76 
5023	61 
5024	30 
5025	9 
5026	20 
5027	58 
5028	15 
5029	90 
5030	5 
5031	76 
5032	36 
5033	3 
5034	24 
5035	22 
5036	86 
5037	53 
5038	11 
5039	88 
5040	31 
5041	3 
5042	65 
5043	75 
5044	86 
5045	30 
5046	76 
5047	22 
5048	33 
5049	17 
5050	32 
5051	20 
5052	21 
5053	39 
5054	89 
5055	17 
5056	25 
5057	5 
5058	64 
5059	2 
5060	50 
5061	17 
5062	34 
5063	24 
5064	84 
5065	49 
5066	82 
5067	52 
5068	14 
5069	61 
5070	80 
5071	61 
5072	61 
5073	29 
5074	8 
5075	22 
5076	41 
5077	79 
5078	44 
5079	8 
5080	22 
5081	49 
5082	45 
5083	67 
5084	29 
5085	47 
5086	54 
5087	54 
5088	7 
5089	6 
5090	18 
5091	42 
5092	56 
5093	37 
5094	60 
5095	9 
5096	29 
5097	76 
5098	18 
5099	56 
5100	18 
5101	20 
5102	74 
5103	62 
5104	40 
5105	34 
5106	14 
5107	73 
5108	3 
5109	1 
5110	79 
5111	8 
5112	71 
5113	71 
5114	1 
5115	64 
5116	71 
5117	88 
5118	88 
5119	11 
5120	13 
5121	20 
5122	19 
5123	45 
5124	60 
5125	19 
5126	60 
5127	65 
5128	52 
5129	51 
5130	90 
5131	77 
5132	38 
5133	6 
5134	14 
5135	36 
5136	77 
5137	43 
5138	60 
5139	80 
5140	5 
5141	90 
5142	56 
5143	16 
5144	3 
5145	75 
5146	43 
5147	54 
5148	59 
5149	77 
5150	90 
5151	25 
5152	48 
5153	10 
5154	38 
5155	24 
5156	1 
5157	32 
5158	79 
5159	4 
5160	40 
5161	55 
5162	44 
5163	24 
5164	30 
5165	21 
5166	55 
5167	57 
5168	81 
5169	75 
5170	82 
5171	41 
5172	16 
5173	1 
5174	78 
5175	77 
5176	10 
5177	20 
5178	25 
5179	8 
5180	32 
5181	83 
5182	51 
5183	89 
5184	52 
5185	24 
5186	20 
5187	76 
5188	4 
5189	15 
5190	55 
5191	85 
5192	87 
5193	86 
5194	19 
5195	54 
5196	82 
5197	51 
5198	60 
5199	14 
5200	13 
5201	36 
5202	55 
5203	25 
5204	84 
5205	23 
5206	79 
5207	58 
5208	26 
5209	12 
5210	42 
5211	62 
5212	11 
5213	88 
5214	34 
5215	86 
5216	29 
5217	68 
5218	8 
5219	7 
5220	78 
5221	73 
5222	26 
5223	88 
5224	37 
5225	57 
5226	79 
5227	17 
5228	23 
5229	84 
5230	60 
5231	32 
5232	5 
5233	88 
5234	53 
5235	79 
5236	24 
5237	22 
5238	44 
5239	25 
5240	66 
5241	64 
5242	25 
5243	6 
5244	81 
5245	51 
5246	10 
5247	32 
5248	88 
5249	7 
5250	32 
5251	52 
5252	29 
5253	15 
5254	65 
5255	15 
5256	6 
5257	33 
5258	57 
5259	36 
5260	83 
5261	80 
5262	84 
5263	34 
5264	73 
5265	52 
5266	22 
5267	75 
5268	34 
5269	78 
5270	34 
5271	16 
5272	7 
5273	62 
5274	58 
5275	45 
5276	29 
5277	72 
5278	80 
5279	57 
5280	69 
5281	14 
5282	12 
5283	72 
5284	36 
5285	12 
5286	33 
5287	57 
5288	43 
5289	86 
5290	84 
5291	5 
5292	34 
5293	61 
5294	58 
5295	69 
5296	6 
5297	88 
5298	58 
5299	21 
5300	62 
5301	40 
5302	64 
5303	81 
5304	62 
5305	46 
5306	9 
5307	13 
5308	31 
5309	12 
5310	25 
5311	51 
5312	8 
5313	21 
5314	26 
5315	4 
5316	44 
5317	35 
5318	82 
5319	48 
5320	88 
5321	37 
5322	19 
5323	56 
5324	85 
5325	60 
5326	50 
5327	67 
5328	19 
5329	58 
5330	9 
5331	22 
5332	30 
5333	43 
5334	85 
5335	36 
5336	17 
5337	67 
5338	87 
5339	41 
5340	34 
5341	55 
5342	32 
5343	36 
5344	13 
5345	21 
5346	46 
5347	11 
5348	42 
5349	5 
5350	41 
5351	81 
5352	83 
5353	73 
5354	69 
5355	73 
5356	2 
5357	56 
5358	80 
5359	84 
5360	54 
5361	22 
5362	81 
5363	22 
5364	25 
5365	87 
5366	59 
5367	12 
5368	18 
5369	9 
5370	12 
5371	17 
5372	50 
5373	52 
5374	17 
5375	22 
5376	31 
5377	32 
5378	41 
5379	9 
5380	5 
5381	23 
5382	59 
5383	54 
5384	84 
5385	26 
5386	87 
5387	8 
5388	28 
5389	54 
5390	39 
5391	48 
5392	82 
5393	66 
5394	11 
5395	33 
5396	53 
5397	24 
5398	83 
5399	14 
5400	54 
5401	81 
5402	82 
5403	6 
5404	60 
5405	58 
5406	25 
5407	53 
5408	88 
5409	50 
5410	59 
5411	73 
5412	51 
5413	20 
5414	51 
5415	37 
5416	59 
5417	25 
5418	12 
5419	22 
5420	60 
5421	50 
5422	84 
5423	71 
5424	41 
5425	21 
5426	19 
5427	66 
5428	22 
5429	12 
5430	33 
5431	80 
5432	39 
5433	5 
5434	21 
5435	46 
5436	41 
5437	3 
5438	72 
5439	8 
5440	88 
5441	11 
5442	76 
5443	88 
5444	26 
5445	37 
5446	87 
5447	45 
5448	66 
5449	83 
5450	10 
5451	2 
5452	75 
5453	6 
5454	67 
5455	39 
5456	85 
5457	37 
5458	33 
5459	40 
5460	14 
5461	48 
5462	37 
5463	58 
5464	4 
5465	37 
5466	79 
5467	16 
5468	78 
5469	86 
5470	2 
5471	6 
5472	39 
5473	88 
5474	24 
5475	56 
5476	85 
5477	27 
5478	30 
5479	63 
5480	38 
5481	3 
5482	50 
5483	26 
5484	17 
5485	87 
5486	41 
5487	19 
5488	8 
5489	85 
5490	69 
5491	5 
5492	23 
5493	33 
5494	35 
5495	60 
5496	47 
5497	29 
5498	9 
5499	6 
5500	48 
5501	5 
5502	8 
5503	7 
5504	57 
5505	16 
5506	13 
5507	44 
5508	82 
5509	36 
5510	17 
5511	67 
5512	59 
5513	36 
5514	59 
5515	58 
5516	76 
5517	59 
5518	73 
5519	77 
5520	21 
5521	25 
5522	58 
5523	33 
5524	49 
5525	13 
5526	47 
5527	23 
5528	44 
5529	17 
5530	17 
5531	30 
5532	47 
5533	86 
5534	30 
5535	15 
5536	22 
5537	37 
5538	7 
5539	64 
5540	30 
5541	81 
5542	34 
5543	32 
5544	79 
5545	13 
5546	1 
5547	31 
5548	84 
5549	22 
5550	28 
5551	12 
5552	71 
5553	53 
5554	89 
5555	62 
5556	85 
5557	85 
5558	23 
5559	67 
5560	51 
5561	89 
5562	85 
5563	66 
5564	2 
5565	26 
5566	86 
5567	48 
5568	22 
5569	4 
5570	86 
5571	6 
5572	29 
5573	20 
5574	60 
5575	5 
5576	22 
5577	4 
5578	70 
5579	87 
5580	20 
5581	54 
5582	11 
5583	2 
5584	62 
5585	49 
5586	76 
5587	19 
5588	43 
5589	38 
5590	23 
5591	82 
5592	28 
5593	60 
5594	36 
5595	23 
5596	71 
5597	56 
5598	32 
5599	57 
5600	19 
5601	46 
5602	39 
5603	16 
5604	16 
5605	82 
5606	9 
5607	16 
5608	40 
5609	73 
5610	10 
5611	10 
5612	90 
5613	30 
5614	50 
5615	20 
5616	57 
5617	23 
5618	49 
5619	80 
5620	29 
5621	31 
5622	79 
5623	59 
5624	38 
5625	54 
5626	48 
5627	67 
5628	8 
5629	77 
5630	25 
5631	71 
5632	30 
5633	3 
5634	84 
5635	51 
5636	50 
5637	20 
5638	9 
5639	43 
5640	49 
5641	22 
5642	23 
5643	9 
5644	11 
5645	37 
5646	1 
5647	11 
5648	21 
5649	24 
5650	53 
5651	53 
5652	1 
5653	5 
5654	34 
5655	77 
5656	45 
5657	41 
5658	58 
5659	35 
5660	81 
5661	17 
5662	58 
5663	37 
5664	73 
5665	62 
5666	72 
5667	16 
5668	47 
5669	84 
5670	88 
5671	63 
5672	89 
5673	2 
5674	10 
5675	70 
5676	81 
5677	18 
5678	47 
5679	20 
5680	1 
5681	39 
5682	51 
5683	15 
5684	15 
5685	44 
5686	88 
5687	77 
5688	72 
5689	90 
5690	73 
5691	59 
5692	58 
5693	84 
5694	30 
5695	54 
5696	81 
5697	26 
5698	90 
5699	83 
5700	44 
5701	15 
5702	64 
5703	7 
5704	47 
5705	30 
5706	87 
5707	28 
5708	72 
5709	7 
5710	78 
5711	60 
5712	56 
5713	16 
5714	16 
5715	16 
5716	35 
5717	26 
5718	5 
5719	64 
5720	41 
5721	22 
5722	11 
5723	41 
5724	3 
5725	71 
5726	75 
5727	82 
5728	3 
5729	8 
5730	36 
5731	4 
5732	33 
5733	22 
5734	13 
5735	48 
5736	75 
5737	73 
5738	11 
5739	59 
5740	45 
5741	67 
5742	4 
5743	65 
5744	66 
5745	42 
5746	21 
5747	36 
5748	1 
5749	73 
5750	17 
5751	2 
5752	83 
5753	56 
5754	37 
5755	16 
5756	23 
5757	29 
5758	12 
5759	62 
5760	73 
5761	60 
5762	33 
5763	8 
5764	48 
5765	40 
5766	75 
5767	46 
5768	12 
5769	83 
5770	52 
5771	77 
5772	32 
5773	23 
5774	34 
5775	55 
5776	61 
5777	77 
5778	3 
5779	39 
5780	80 
5781	16 
5782	59 
5783	70 
5784	47 
5785	56 
5786	23 
5787	67 
5788	37 
5789	27 
5790	71 
5791	27 
5792	49 
5793	60 
5794	43 
5795	9 
5796	89 
5797	41 
5798	89 
5799	53 
5800	51 
5801	23 
5802	84 
5803	84 
5804	11 
5805	50 
5806	17 
5807	6 
5808	75 
5809	41 
5810	18 
5811	45 
5812	13 
5813	2 
5814	39 
5815	2 
5816	88 
5817	5 
5818	57 
5819	31 
5820	40 
5821	32 
5822	50 
5823	22 
5824	82 
5825	57 
5826	48 
5827	12 
5828	30 
5829	35 
5830	37 
5831	14 
5832	17 
5833	70 
5834	42 
5835	89 
5836	43 
5837	52 
5838	58 
5839	1 
5840	60 
5841	41 
5842	1 
5843	39 
5844	85 
5845	78 
5846	22 
5847	77 
5848	16 
5849	12 
5850	56 
5851	88 
5852	87 
5853	44 
5854	21 
5855	88 
5856	15 
5857	44 
5858	29 
5859	60 
5860	54 
5861	64 
5862	47 
5863	32 
5864	87 
5865	32 
5866	34 
5867	86 
5868	42 
5869	89 
5870	43 
5871	3 
5872	85 
5873	62 
5874	89 
5875	31 
5876	87 
5877	52 
5878	38 
5879	85 
5880	38 
5881	31 
5882	23 
5883	80 
5884	11 
5885	64 
5886	76 
5887	9 
5888	2 
5889	47 
5890	67 
5891	9 
5892	57 
5893	49 
5894	32 
5895	60 
5896	34 
5897	88 
5898	49 
5899	85 
5900	61 
5901	63 
5902	20 
5903	73 
5904	84 
5905	55 
5906	88 
5907	63 
5908	56 
5909	5 
5910	11 
5911	42 
5912	20 
5913	21 
5914	18 
5915	21 
5916	19 
5917	84 
5918	7 
5919	2 
5920	65 
5921	29 
5922	38 
5923	70 
5924	13 
5925	31 
5926	60 
5927	39 
5928	46 
5929	24 
5930	35 
5931	74 
5932	15 
5933	34 
5934	48 
5935	23 
5936	3 
5937	86 
5938	26 
5939	44 
5940	55 
5941	19 
5942	70 
5943	5 
5944	17 
5945	45 
5946	3 
5947	67 
5948	48 
5949	55 
5950	53 
5951	84 
5952	60 
5953	74 
5954	31 
5955	49 
5956	1 
5957	80 
5958	60 
5959	77 
5960	9 
5961	50 
5962	37 
5963	32 
5964	84 
5965	26 
5966	20 
5967	60 
5968	73 
5969	34 
5970	41 
5971	31 
5972	20 
5973	57 
5974	24 
5975	4 
5976	82 
5977	47 
5978	67 
5979	34 
5980	75 
5981	64 
5982	62 
5983	21 
5984	78 
5985	9 
5986	66 
5987	28 
5988	85 
5989	10 
5990	26 
5991	86 
5992	27 
5993	60 
5994	51 
5995	12 
5996	32 
5997	12 
5998	9 
5999	81 
6000	48 
6001	79 
6002	70 
6003	68 
6004	18 
6005	23 
6006	26 
6007	81 
6008	78 
6009	19 
6010	84 
6011	2 
6012	63 
6013	25 
6014	75 
6015	20 
6016	19 
6017	42 
6018	42 
6019	22 
6020	82 
6021	52 
6022	87 
6023	36 
6024	68 
6025	36 
6026	13 
6027	1 
6028	70 
6029	82 
6030	60 
6031	61 
6032	13 
6033	68 
6034	88 
6035	82 
6036	82 
6037	78 
6038	9 
6039	17 
6040	84 
6041	86 
6042	51 
6043	49 
6044	84 
6045	72 
6046	53 
6047	70 
6048	54 
6049	88 
6050	69 
6051	7 
6052	74 
6053	14 
6054	28 
6055	85 
6056	55 
6057	58 
6058	1 
6059	36 
6060	64 
6061	47 
6062	37 
6063	23 
6064	4 
6065	89 
6066	37 
6067	36 
6068	18 
6069	13 
6070	5 
6071	82 
6072	85 
6073	64 
6074	18 
6075	13 
6076	83 
6077	43 
6078	89 
6079	30 
6080	37 
6081	54 
6082	63 
6083	44 
6084	78 
6085	32 
6086	15 
6087	55 
6088	72 
6089	73 
6090	54 
6091	62 
6092	76 
6093	81 
6094	24 
6095	15 
6096	45 
6097	73 
6098	52 
6099	54 
6100	66 
6101	14 
6102	77 
6103	55 
6104	89 
6105	62 
6106	17 
6107	63 
6108	10 
6109	52 
6110	50 
6111	50 
6112	10 
6113	77 
6114	5 
6115	46 
6116	50 
6117	87 
6118	41 
6119	57 
6120	79 
6121	74 
6122	77 
6123	24 
6124	84 
6125	7 
6126	61 
6127	85 
6128	72 
6129	23 
6130	24 
6131	5 
6132	86 
6133	14 
6134	28 
6135	54 
6136	58 
6137	73 
6138	26 
6139	37 
6140	15 
6141	60 
6142	16 
6143	77 
6144	70 
6145	40 
6146	86 
6147	32 
6148	56 
6149	76 
6150	38 
6151	28 
6152	18 
6153	6 
6154	81 
6155	84 
6156	16 
6157	10 
6158	31 
6159	16 
6160	26 
6161	35 
6162	32 
6163	22 
6164	38 
6165	54 
6166	17 
6167	10 
6168	48 
6169	11 
6170	86 
6171	43 
6172	59 
6173	14 
6174	45 
6175	44 
6176	70 
6177	64 
6178	46 
6179	24 
6180	73 
6181	16 
6182	70 
6183	61 
6184	27 
6185	60 
6186	40 
6187	31 
6188	57 
6189	78 
6190	14 
6191	61 
6192	58 
6193	82 
6194	53 
6195	38 
6196	19 
6197	12 
6198	61 
6199	65 
6200	58 
6201	59 
6202	16 
6203	35 
6204	86 
6205	6 
6206	21 
6207	17 
6208	25 
6209	64 
6210	16 
6211	35 
6212	8 
6213	60 
6214	72 
6215	10 
6216	84 
6217	6 
6218	30 
6219	25 
6220	58 
6221	4 
6222	39 
6223	9 
6224	80 
6225	61 
6226	25 
6227	33 
6228	59 
6229	45 
6230	36 
6231	60 
6232	9 
6233	49 
6234	58 
6235	18 
6236	38 
6237	71 
6238	36 
6239	68 
6240	47 
6241	54 
6242	14 
6243	71 
6244	19 
6245	55 
6246	55 
6247	28 
6248	78 
6249	58 
6250	75 
6251	60 
6252	62 
6253	67 
6254	73 
6255	80 
6256	75 
6257	87 
6258	13 
6259	35 
6260	81 
6261	32 
6262	16 
6263	6 
6264	72 
6265	83 
6266	83 
6267	69 
6268	62 
6269	12 
6270	87 
6271	87 
6272	90 
6273	2 
6274	16 
6275	35 
6276	71 
6277	67 
6278	10 
6279	2 
6280	85 
6281	54 
6282	5 
6283	47 
6284	36 
6285	51 
6286	56 
6287	62 
6288	53 
6289	55 
6290	44 
6291	26 
6292	6 
6293	21 
6294	87 
6295	85 
6296	36 
6297	34 
6298	55 
6299	77 
6300	19 
6301	41 
6302	66 
6303	4 
6304	68 
6305	28 
6306	88 
6307	53 
6308	32 
6309	4 
6310	60 
6311	22 
6312	80 
6313	31 
6314	83 
6315	88 
6316	34 
6317	63 
6318	69 
6319	4 
6320	59 
6321	86 
6322	20 
6323	21 
6324	54 
6325	26 
6326	15 
6327	84 
6328	21 
6329	77 
6330	61 
6331	17 
6332	86 
6333	18 
6334	67 
6335	70 
6336	56 
6337	20 
6338	51 
6339	49 
6340	58 
6341	63 
6342	21 
6343	82 
6344	5 
6345	66 
6346	79 
6347	22 
6348	47 
6349	66 
6350	50 
6351	52 
6352	60 
6353	46 
6354	72 
6355	26 
6356	5 
6357	35 
6358	25 
6359	67 
6360	17 
6361	43 
6362	39 
6363	14 
6364	80 
6365	15 
6366	37 
6367	77 
6368	72 
6369	22 
6370	88 
6371	7 
6372	16 
6373	46 
6374	89 
6375	83 
6376	20 
6377	13 
6378	53 
6379	51 
6380	11 
6381	60 
6382	32 
6383	41 
6384	42 
6385	17 
6386	59 
6387	5 
6388	11 
6389	42 
6390	32 
6391	53 
6392	50 
6393	59 
6394	73 
6395	38 
6396	26 
6397	69 
6398	42 
6399	20 
6400	14 
6401	44 
6402	3 
6403	89 
6404	44 
6405	19 
6406	41 
6407	30 
6408	11 
6409	88 
6410	48 
6411	39 
6412	85 
6413	1 
6414	51 
6415	62 
6416	60 
6417	71 
6418	1 
6419	13 
6420	73 
6421	66 
6422	71 
6423	24 
6424	18 
6425	25 
6426	16 
6427	48 
6428	73 
6429	60 
6430	28 
6431	69 
6432	9 
6433	70 
6434	66 
6435	66 
6436	60 
6437	48 
6438	60 
6439	27 
6440	23 
6441	22 
6442	26 
6443	84 
6444	69 
6445	75 
6446	30 
6447	80 
6448	31 
6449	55 
6450	73 
6451	70 
6452	19 
6453	50 
6454	88 
6455	31 
6456	25 
6457	13 
6458	74 
6459	39 
6460	46 
6461	7 
6462	84 
6463	58 
6464	48 
6465	74 
6466	44 
6467	34 
6468	79 
6469	28 
6470	90 
6471	31 
6472	4 
6473	19 
6474	83 
6475	83 
6476	54 
6477	74 
6478	44 
6479	17 
6480	89 
6481	33 
6482	55 
6483	62 
6484	8 
6485	7 
6486	28 
6487	5 
6488	16 
6489	51 
6490	11 
6491	29 
6492	16 
6493	29 
6494	61 
6495	24 
6496	57 
6497	56 
6498	30 
6499	30 
6500	40 
6501	22 
6502	37 
6503	16 
6504	85 
6505	63 
6506	85 
6507	77 
6508	55 
6509	65 
6510	38 
6511	43 
6512	79 
6513	51 
6514	32 
6515	86 
6516	51 
6517	79 
6518	64 
6519	72 
6520	87 
6521	11 
6522	10 
6523	42 
6524	45 
6525	39 
6526	68 
6527	29 
6528	73 
6529	56 
6530	53 
6531	54 
6532	77 
6533	77 
6534	84 
6535	51 
6536	23 
6537	34 
6538	29 
6539	35 
6540	45 
6541	33 
6542	64 
6543	50 
6544	64 
6545	79 
6546	72 
6547	83 
6548	83 
6549	12 
6550	64 
6551	22 
6552	86 
6553	19 
6554	72 
6555	31 
6556	40 
6557	63 
6558	63 
6559	11 
6560	28 
6561	66 
6562	19 
6563	36 
6564	77 
6565	50 
6566	17 
6567	19 
6568	79 
6569	40 
6570	29 
6571	4 
6572	13 
6573	71 
6574	85 
6575	64 
6576	13 
6577	87 
6578	57 
6579	3 
6580	60 
6581	19 
6582	54 
6583	58 
6584	58 
6585	29 
6586	1 
6587	35 
6588	46 
6589	8 
6590	17 
6591	83 
6592	52 
6593	87 
6594	82 
6595	33 
6596	80 
6597	85 
6598	33 
6599	83 
6600	75 
6601	18 
6602	46 
6603	33 
6604	24 
6605	42 
6606	34 
6607	67 
6608	13 
6609	24 
6610	78 
6611	10 
6612	2 
6613	8 
6614	2 
6615	14 
6616	86 
6617	72 
6618	73 
6619	5 
6620	90 
6621	27 
6622	81 
6623	29 
6624	83 
6625	85 
6626	13 
6627	75 
6628	80 
6629	22 
6630	37 
6631	60 
6632	16 
6633	43 
6634	3 
6635	84 
6636	57 
6637	21 
6638	45 
6639	69 
6640	74 
6641	81 
6642	1 
6643	54 
6644	48 
6645	46 
6646	40 
6647	12 
6648	77 
6649	59 
6650	74 
6651	6 
6652	42 
6653	24 
6654	86 
6655	16 
6656	38 
6657	52 
6658	48 
6659	59 
6660	38 
6661	10 
6662	24 
6663	29 
6664	71 
6665	12 
6666	42 
6667	72 
6668	77 
6669	59 
6670	13 
6671	39 
6672	46 
6673	28 
6674	76 
6675	10 
6676	47 
6677	46 
6678	2 
6679	20 
6680	61 
6681	23 
6682	71 
6683	81 
6684	90 
6685	13 
6686	2 
6687	85 
6688	48 
6689	41 
6690	46 
6691	26 
6692	13 
6693	65 
6694	88 
6695	23 
6696	73 
6697	24 
6698	56 
6699	14 
6700	31 
6701	76 
6702	82 
6703	16 
6704	80 
6705	72 
6706	10 
6707	81 
6708	67 
6709	1 
6710	73 
6711	88 
6712	76 
6713	21 
6714	46 
6715	15 
6716	7 
6717	2 
6718	78 
6719	11 
6720	29 
6721	45 
6722	89 
6723	8 
6724	30 
6725	2 
6726	34 
6727	80 
6728	85 
6729	86 
6730	83 
6731	10 
6732	36 
6733	27 
6734	23 
6735	21 
6736	26 
6737	4 
6738	3 
6739	32 
6740	37 
6741	25 
6742	61 
6743	18 
6744	21 
6745	70 
6746	76 
6747	51 
6748	35 
6749	64 
6750	64 
6751	6 
6752	62 
6753	16 
6754	23 
6755	54 
6756	65 
6757	1 
6758	48 
6759	50 
6760	77 
6761	65 
6762	87 
6763	62 
6764	37 
6765	10 
6766	83 
6767	54 
6768	50 
6769	82 
6770	84 
6771	86 
6772	10 
6773	59 
6774	35 
6775	52 
6776	11 
6777	24 
6778	51 
6779	81 
6780	71 
6781	88 
6782	40 
6783	49 
6784	74 
6785	15 
6786	79 
6787	21 
6788	78 
6789	41 
6790	3 
6791	60 
6792	53 
6793	30 
6794	36 
6795	32 
6796	7 
6797	78 
6798	83 
6799	17 
6800	64 
6801	69 
6802	58 
6803	5 
6804	40 
6805	40 
6806	81 
6807	9 
6808	83 
6809	89 
6810	31 
6811	11 
6812	45 
6813	45 
6814	74 
6815	90 
6816	18 
6817	41 
6818	22 
6819	49 
6820	10 
6821	3 
6822	85 
6823	37 
6824	14 
6825	28 
6826	15 
6827	17 
6828	50 
6829	84 
6830	40 
6831	77 
6832	86 
6833	53 
6834	30 
6835	75 
6836	45 
6837	11 
6838	55 
6839	16 
6840	39 
6841	60 
6842	64 
6843	62 
6844	84 
6845	13 
6846	85 
6847	5 
6848	82 
6849	78 
6850	30 
6851	21 
6852	82 
6853	18 
6854	32 
6855	24 
6856	17 
6857	85 
6858	59 
6859	49 
6860	70 
6861	14 
6862	35 
6863	60 
6864	76 
6865	36 
6866	21 
6867	21 
6868	23 
6869	12 
6870	15 
6871	34 
6872	35 
6873	32 
6874	22 
6875	9 
6876	90 
6877	1 
6878	25 
6879	14 
6880	38 
6881	39 
6882	73 
6883	8 
6884	29 
6885	5 
6886	38 
6887	17 
6888	32 
6889	85 
6890	56 
6891	61 
6892	33 
6893	42 
6894	73 
6895	87 
6896	17 
6897	10 
6898	60 
6899	77 
6900	15 
6901	87 
6902	44 
6903	84 
6904	83 
6905	60 
6906	71 
6907	80 
6908	8 
6909	36 
6910	59 
6911	23 
6912	18 
6913	60 
6914	56 
6915	86 
6916	50 
6917	37 
6918	2 
6919	16 
6920	88 
6921	79 
6922	78 
6923	77 
6924	1 
6925	40 
6926	17 
6927	12 
6928	49 
6929	29 
6930	53 
6931	46 
6932	81 
6933	79 
6934	10 
6935	84 
6936	19 
6937	20 
6938	61 
6939	18 
6940	5 
6941	19 
6942	12 
6943	36 
6944	84 
6945	21 
6946	73 
6947	3 
6948	7 
6949	23 
6950	5 
6951	10 
6952	88 
6953	69 
6954	63 
6955	48 
6956	40 
6957	85 
6958	44 
6959	75 
6960	45 
6961	82 
6962	58 
6963	87 
6964	50 
6965	77 
6966	44 
6967	22 
6968	89 
6969	88 
6970	73 
6971	46 
6972	50 
6973	12 
6974	21 
6975	54 
6976	46 
6977	54 
6978	25 
6979	70 
6980	60 
6981	24 
6982	53 
6983	20 
6984	64 
6985	6 
6986	19 
6987	59 
6988	90 
6989	15 
6990	70 
6991	86 
6992	60 
6993	40 
6994	60 
6995	11 
6996	39 
6997	83 
6998	41 
6999	10 
7000	84 
7001	24 
7002	67 
7003	83 
7004	69 
7005	35 
7006	58 
7007	11 
7008	47 
7009	89 
7010	87 
7011	62 
7012	60 
7013	54 
7014	56 
7015	26 
7016	6 
7017	90 
7018	14 
7019	63 
7020	44 
7021	64 
7022	31 
7023	18 
7024	56 
7025	3 
7026	82 
7027	36 
7028	32 
7029	49 
7030	57 
7031	75 
7032	61 
7033	1 
7034	61 
7035	80 
7036	64 
7037	29 
7038	15 
7039	58 
7040	57 
7041	9 
7042	36 
7043	23 
7044	12 
7045	21 
7046	87 
7047	77 
7048	53 
7049	68 
7050	72 
7051	19 
7052	52 
7053	71 
7054	36 
7055	61 
7056	14 
7057	33 
7058	41 
7059	48 
7060	26 
7061	80 
7062	84 
7063	4 
7064	42 
7065	41 
7066	10 
7067	22 
7068	59 
7069	16 
7070	71 
7071	30 
7072	58 
7073	73 
7074	40 
7075	73 
7076	82 
7077	39 
7078	25 
7079	85 
7080	25 
7081	34 
7082	50 
7083	75 
7084	5 
7085	78 
7086	40 
7087	13 
7088	38 
7089	23 
7090	77 
7091	21 
7092	13 
7093	2 
7094	40 
7095	45 
7096	71 
7097	87 
7098	42 
7099	85 
7100	54 
7101	87 
7102	62 
7103	2 
7104	54 
7105	10 
7106	36 
7107	85 
7108	37 
7109	4 
7110	41 
7111	59 
7112	78 
7113	59 
7114	62 
7115	53 
7116	22 
7117	26 
7118	11 
7119	68 
7120	45 
7121	4 
7122	4 
7123	75 
7124	21 
7125	18 
7126	63 
7127	45 
7128	29 
7129	65 
7130	57 
7131	90 
7132	52 
7133	36 
7134	36 
7135	21 
7136	72 
7137	44 
7138	79 
7139	81 
7140	17 
7141	73 
7142	33 
7143	21 
7144	10 
7145	47 
7146	39 
7147	89 
7148	45 
7149	42 
7150	74 
7151	26 
7152	10 
7153	90 
7154	63 
7155	32 
7156	36 
7157	72 
7158	43 
7159	86 
7160	28 
7161	74 
7162	63 
7163	53 
7164	22 
7165	35 
7166	34 
7167	67 
7168	74 
7169	59 
7170	80 
7171	81 
7172	15 
7173	9 
7174	54 
7175	12 
7176	2 
7177	18 
7178	78 
7179	74 
7180	80 
7181	85 
7182	48 
7183	11 
7184	63 
7185	57 
7186	68 
7187	37 
7188	85 
7189	45 
7190	88 
7191	68 
7192	32 
7193	60 
7194	60 
7195	11 
7196	2 
7197	46 
7198	59 
7199	26 
7200	47 
7201	68 
7202	28 
7203	48 
7204	14 
7205	54 
7206	7 
7207	11 
7208	43 
7209	85 
7210	16 
7211	39 
7212	82 
7213	71 
7214	57 
7215	17 
7216	62 
7217	60 
7218	55 
7219	66 
7220	27 
7221	20 
7222	60 
7223	73 
7224	88 
7225	34 
7226	20 
7227	39 
7228	23 
7229	22 
7230	5 
7231	44 
7232	82 
7233	54 
7234	64 
7235	86 
7236	67 
7237	64 
7238	43 
7239	26 
7240	11 
7241	65 
7242	41 
7243	15 
7244	51 
7245	20 
7246	27 
7247	32 
7248	2 
7249	37 
7250	69 
7251	72 
7252	67 
7253	27 
7254	44 
7255	21 
7256	56 
7257	21 
7258	81 
7259	50 
7260	79 
7261	33 
7262	25 
7263	43 
7264	39 
7265	14 
7266	26 
7267	25 
7268	5 
7269	88 
7270	2 
7271	22 
7272	4 
7273	87 
7274	23 
7275	4 
7276	73 
7277	58 
7278	8 
7279	42 
7280	8 
7281	47 
7282	80 
7283	16 
7284	32 
7285	21 
7286	59 
7287	60 
7288	24 
7289	31 
7290	18 
7291	62 
7292	73 
7293	20 
7294	85 
7295	70 
7296	23 
7297	86 
7298	17 
7299	29 
7300	79 
7301	76 
7302	68 
7303	54 
7304	14 
7305	15 
7306	38 
7307	76 
7308	54 
7309	14 
7310	24 
7311	60 
7312	66 
7313	45 
7314	47 
7315	24 
7316	17 
7317	34 
7318	4 
7319	67 
7320	1 
7321	51 
7322	49 
7323	80 
7324	29 
7325	87 
7326	2 
7327	60 
7328	69 
7329	47 
7330	6 
7331	56 
7332	17 
7333	4 
7334	19 
7335	87 
7336	46 
7337	80 
7338	37 
7339	7 
7340	7 
7341	46 
7342	88 
7343	15 
7344	67 
7345	24 
7346	27 
7347	13 
7348	66 
7349	21 
7350	67 
7351	26 
7352	80 
7353	86 
7354	75 
7355	30 
7356	80 
7357	6 
7358	2 
7359	12 
7360	36 
7361	4 
7362	43 
7363	76 
7364	60 
7365	61 
7366	47 
7367	49 
7368	33 
7369	73 
7370	85 
7371	4 
7372	41 
7373	80 
7374	57 
7375	87 
7376	22 
7377	1 
7378	41 
7379	5 
7380	73 
7381	39 
7382	58 
7383	50 
7384	50 
7385	80 
7386	9 
7387	5 
7388	11 
7389	84 
7390	51 
7391	3 
7392	52 
7393	40 
7394	39 
7395	29 
7396	21 
7397	7 
7398	30 
7399	10 
7400	35 
7401	75 
7402	73 
7403	18 
7404	13 
7405	66 
7406	50 
7407	26 
7408	42 
7409	62 
7410	37 
7411	50 
7412	43 
7413	55 
7414	90 
7415	28 
7416	13 
7417	85 
7418	29 
7419	87 
7420	34 
7421	29 
7422	1 
7423	69 
7424	60 
7425	52 
7426	12 
7427	21 
7428	68 
7429	22 
7430	78 
7431	2 
7432	41 
7433	49 
7434	20 
7435	38 
7436	29 
7437	23 
7438	22 
7439	11 
7440	32 
7441	3 
7442	87 
7443	71 
7444	74 
7445	46 
7446	11 
7447	7 
7448	48 
7449	48 
7450	83 
7451	14 
7452	83 
7453	4 
7454	67 
7455	14 
7456	42 
7457	6 
7458	68 
7459	13 
7460	40 
7461	67 
7462	68 
7463	41 
7464	78 
7465	53 
7466	55 
7467	60 
7468	33 
7469	2 
7470	13 
7471	82 
7472	3 
7473	87 
7474	77 
7475	81 
7476	53 
7477	32 
7478	67 
7479	84 
7480	87 
7481	73 
7482	10 
7483	29 
7484	25 
7485	15 
7486	11 
7487	3 
7488	45 
7489	24 
7490	2 
7491	83 
7492	48 
7493	33 
7494	45 
7495	84 
7496	67 
7497	76 
7498	25 
7499	76 
7500	52 
7501	4 
7502	90 
7503	41 
7504	85 
7505	22 
7506	38 
7507	55 
7508	68 
7509	86 
7510	89 
7511	70 
7512	14 
7513	53 
7514	61 
7515	72 
7516	25 
7517	40 
7518	74 
7519	58 
7520	54 
7521	78 
7522	11 
7523	60 
7524	15 
7525	44 
7526	18 
7527	69 
7528	34 
7529	65 
7530	11 
7531	60 
7532	1 
7533	50 
7534	38 
7535	85 
7536	88 
7537	83 
7538	40 
7539	5 
7540	60 
7541	69 
7542	68 
7543	11 
7544	57 
7545	44 
7546	85 
7547	39 
7548	35 
7549	75 
7550	86 
7551	50 
7552	38 
7553	9 
7554	32 
7555	5 
7556	5 
7557	85 
7558	53 
7559	10 
7560	88 
7561	22 
7562	49 
7563	63 
7564	78 
7565	64 
7566	37 
7567	15 
7568	86 
7569	68 
7570	21 
7571	26 
7572	63 
7573	5 
7574	15 
7575	23 
7576	41 
7577	81 
7578	9 
7579	29 
7580	11 
7581	58 
7582	88 
7583	35 
7584	33 
7585	28 
7586	48 
7587	17 
7588	69 
7589	55 
7590	31 
7591	88 
7592	31 
7593	57 
7594	17 
7595	23 
7596	22 
7597	52 
7598	78 
7599	72 
7600	1 
7601	10 
7602	72 
7603	88 
7604	60 
7605	10 
7606	47 
7607	90 
7608	29 
7609	53 
7610	62 
7611	41 
7612	20 
7613	30 
7614	42 
7615	15 
7616	58 
7617	46 
7618	55 
7619	73 
7620	67 
7621	37 
7622	34 
7623	16 
7624	12 
7625	40 
7626	67 
7627	4 
7628	17 
7629	29 
7630	13 
7631	69 
7632	46 
7633	41 
7634	84 
7635	36 
7636	43 
7637	11 
7638	61 
7639	63 
7640	7 
7641	13 
7642	78 
7643	77 
7644	19 
7645	61 
7646	63 
7647	62 
7648	42 
7649	50 
7650	83 
7651	34 
7652	13 
7653	38 
7654	19 
7655	44 
7656	78 
7657	60 
7658	35 
7659	34 
7660	21 
7661	31 
7662	89 
7663	72 
7664	16 
7665	33 
7666	53 
7667	17 
7668	82 
7669	82 
7670	51 
7671	60 
7672	27 
7673	52 
7674	34 
7675	76 
7676	34 
7677	46 
7678	71 
7679	63 
7680	72 
7681	57 
7682	43 
7683	60 
7684	69 
7685	55 
7686	62 
7687	50 
7688	86 
7689	29 
7690	6 
7691	51 
7692	41 
7693	86 
7694	1 
7695	22 
7696	41 
7697	67 
7698	27 
7699	22 
7700	61 
7701	76 
7702	46 
7703	31 
7704	86 
7705	1 
7706	24 
7707	80 
7708	74 
7709	12 
7710	72 
7711	76 
7712	90 
7713	64 
7714	3 
7715	32 
7716	38 
7717	26 
7718	60 
7719	34 
7720	86 
7721	19 
7722	64 
7723	61 
7724	72 
7725	50 
7726	33 
7727	26 
7728	27 
7729	1 
7730	13 
7731	38 
7732	24 
7733	10 
7734	64 
7735	52 
7736	16 
7737	32 
7738	58 
7739	4 
7740	59 
7741	32 
7742	13 
7743	84 
7744	38 
7745	72 
7746	39 
7747	4 
7748	39 
7749	19 
7750	69 
7751	22 
7752	46 
7753	37 
7754	2 
7755	42 
7756	20 
7757	39 
7758	1 
7759	19 
7760	42 
7761	66 
7762	62 
7763	79 
7764	90 
7765	15 
7766	89 
7767	21 
7768	21 
7769	58 
7770	7 
7771	66 
7772	7 
7773	67 
7774	59 
7775	85 
7776	75 
7777	34 
7778	15 
7779	14 
7780	54 
7781	25 
7782	90 
7783	5 
7784	25 
7785	50 
7786	89 
7787	23 
7788	2 
7789	39 
7790	77 
7791	37 
7792	17 
7793	39 
7794	31 
7795	29 
7796	68 
7797	18 
7798	7 
7799	8 
7800	15 
7801	32 
7802	71 
7803	10 
7804	49 
7805	42 
7806	68 
7807	29 
7808	21 
7809	35 
7810	24 
7811	21 
7812	56 
7813	70 
7814	44 
7815	24 
7816	38 
7817	47 
7818	43 
7819	88 
7820	14 
7821	76 
7822	55 
7823	51 
7824	13 
7825	30 
7826	90 
7827	21 
7828	30 
7829	49 
7830	76 
7831	8 
7832	83 
7833	88 
7834	41 
7835	10 
7836	49 
7837	21 
7838	82 
7839	11 
7840	2 
7841	1 
7842	26 
7843	75 
7844	3 
7845	22 
7846	74 
7847	48 
7848	62 
7849	75 
7850	70 
7851	82 
7852	41 
7853	82 
7854	68 
7855	20 
7856	10 
7857	34 
7858	35 
7859	49 
7860	70 
7861	37 
7862	72 
7863	86 
7864	41 
7865	84 
7866	87 
7867	12 
7868	7 
7869	86 
7870	67 
7871	76 
7872	70 
7873	18 
7874	21 
7875	26 
7876	29 
7877	69 
7878	74 
7879	84 
7880	87 
7881	85 
7882	15 
7883	71 
7884	26 
7885	83 
7886	10 
7887	60 
7888	31 
7889	74 
7890	87 
7891	40 
7892	13 
7893	4 
7894	59 
7895	38 
7896	42 
7897	80 
7898	60 
7899	28 
7900	47 
7901	27 
7902	81 
7903	62 
7904	43 
7905	55 
7906	9 
7907	42 
7908	5 
7909	29 
7910	40 
7911	2 
7912	67 
7913	33 
7914	9 
7915	21 
7916	74 
7917	13 
7918	23 
7919	1 
7920	27 
7921	82 
7922	26 
7923	21 
7924	27 
7925	70 
7926	44 
7927	57 
7928	38 
7929	1 
7930	8 
7931	10 
7932	25 
7933	38 
7934	15 
7935	38 
7936	31 
7937	85 
7938	88 
7939	46 
7940	23 
7941	60 
7942	83 
7943	61 
7944	83 
7945	84 
7946	47 
7947	54 
7948	29 
7949	66 
7950	38 
7951	26 
7952	21 
7953	68 
7954	5 
7955	3 
7956	84 
7957	41 
7958	36 
7959	48 
7960	34 
7961	31 
7962	8 
7963	2 
7964	63 
7965	31 
7966	37 
7967	89 
7968	71 
7969	88 
7970	43 
7971	30 
7972	5 
7973	20 
7974	48 
7975	13 
7976	12 
7977	22 
7978	71 
7979	32 
7980	68 
7981	1 
7982	74 
7983	75 
7984	47 
7985	52 
7986	36 
7987	63 
7988	29 
7989	78 
7990	17 
7991	42 
7992	81 
7993	25 
7994	42 
7995	73 
7996	17 
7997	3 
7998	76 
7999	47 
8000	41 
8001	25 
8002	3 
8003	76 
8004	69 
8005	22 
8006	50 
8007	70 
8008	59 
8009	73 
8010	11 
8011	64 
8012	72 
8013	70 
8014	16 
8015	54 
8016	80 
8017	42 
8018	55 
8019	65 
8020	72 
8021	80 
8022	85 
8023	76 
8024	30 
8025	21 
8026	88 
8027	14 
8028	35 
8029	51 
8030	66 
8031	83 
8032	48 
8033	41 
8034	34 
8035	20 
8036	47 
8037	20 
8038	74 
8039	86 
8040	56 
8041	16 
8042	46 
8043	44 
8044	36 
8045	32 
8046	78 
8047	72 
8048	25 
8049	58 
8050	26 
8051	67 
8052	6 
8053	35 
8054	24 
8055	56 
8056	63 
8057	21 
8058	81 
8059	12 
8060	8 
8061	39 
8062	39 
8063	55 
8064	85 
8065	25 
8066	60 
8067	88 
8068	83 
8069	88 
8070	36 
8071	57 
8072	24 
8073	18 
8074	24 
8075	60 
8076	5 
8077	68 
8078	68 
8079	24 
8080	37 
8081	8 
8082	79 
8083	29 
8084	86 
8085	23 
8086	8 
8087	39 
8088	45 
8089	62 
8090	72 
8091	33 
8092	49 
8093	64 
8094	84 
8095	20 
8096	3 
8097	43 
8098	14 
8099	50 
8100	80 
8101	20 
8102	82 
8103	65 
8104	23 
8105	70 
8106	20 
8107	50 
8108	35 
8109	80 
8110	9 
8111	38 
8112	11 
8113	4 
8114	61 
8115	10 
8116	19 
8117	47 
8118	67 
8119	21 
8120	62 
8121	13 
8122	83 
8123	32 
8124	60 
8125	34 
8126	85 
8127	24 
8128	78 
8129	21 
8130	75 
8131	37 
8132	33 
8133	11 
8134	59 
8135	29 
8136	85 
8137	49 
8138	25 
8139	27 
8140	64 
8141	26 
8142	41 
8143	31 
8144	16 
8145	50 
8146	30 
8147	20 
8148	38 
8149	66 
8150	4 
8151	35 
8152	56 
8153	72 
8154	64 
8155	82 
8156	26 
8157	11 
8158	1 
8159	14 
8160	18 
8161	34 
8162	18 
8163	25 
8164	19 
8165	16 
8166	81 
8167	23 
8168	11 
8169	23 
8170	64 
8171	90 
8172	6 
8173	72 
8174	7 
8175	11 
8176	74 
8177	40 
8178	6 
8179	4 
8180	41 
8181	69 
8182	13 
8183	52 
8184	68 
8185	24 
8186	64 
8187	31 
8188	19 
8189	36 
8190	41 
8191	81 
8192	24 
8193	49 
8194	83 
8195	70 
8196	40 
8197	66 
8198	41 
8199	54 
8200	28 
8201	60 
8202	32 
8203	30 
8204	85 
8205	73 
8206	8 
8207	57 
8208	39 
8209	79 
8210	3 
8211	72 
8212	48 
8213	25 
8214	60 
8215	49 
8216	32 
8217	81 
8218	12 
8219	15 
8220	38 
8221	42 
8222	5 
8223	11 
8224	17 
8225	24 
8226	4 
8227	83 
8228	14 
8229	86 
8230	86 
8231	70 
8232	47 
8233	4 
8234	12 
8235	65 
8236	24 
8237	38 
8238	76 
8239	32 
8240	88 
8241	6 
8242	56 
8243	79 
8244	42 
8245	43 
8246	56 
8247	43 
8248	20 
8249	27 
8250	25 
8251	70 
8252	35 
8253	43 
8254	27 
8255	83 
8256	12 
8257	37 
8258	13 
8259	13 
8260	38 
8261	79 
8262	25 
8263	50 
8264	82 
8265	37 
8266	62 
8267	60 
8268	37 
8269	35 
8270	61 
8271	54 
8272	65 
8273	80 
8274	66 
8275	60 
8276	1 
8277	1 
8278	62 
8279	17 
8280	16 
8281	43 
8282	80 
8283	85 
8284	1 
8285	74 
8286	64 
8287	81 
8288	34 
8289	7 
8290	54 
8291	80 
8292	4 
8293	86 
8294	23 
8295	35 
8296	46 
8297	1 
8298	73 
8299	66 
8300	48 
8301	31 
8302	80 
8303	73 
8304	54 
8305	64 
8306	8 
8307	20 
8308	15 
8309	22 
8310	8 
8311	69 
8312	47 
8313	52 
8314	14 
8315	7 
8316	41 
8317	14 
8318	26 
8319	46 
8320	5 
8321	51 
8322	35 
8323	63 
8324	57 
8325	71 
8326	32 
8327	37 
8328	45 
8329	9 
8330	27 
8331	15 
8332	60 
8333	69 
8334	65 
8335	32 
8336	44 
8337	49 
8338	27 
8339	51 
8340	7 
8341	58 
8342	81 
8343	59 
8344	86 
8345	45 
8346	69 
8347	17 
8348	86 
8349	68 
8350	33 
8351	34 
8352	45 
8353	15 
8354	60 
8355	65 
8356	1 
8357	3 
8358	73 
8359	31 
8360	48 
8361	79 
8362	77 
8363	72 
8364	48 
8365	44 
8366	65 
8367	46 
8368	54 
8369	87 
8370	56 
8371	86 
8372	55 
8373	77 
8374	60 
8375	83 
8376	27 
8377	25 
8378	7 
8379	14 
8380	3 
8381	75 
8382	59 
8383	22 
8384	84 
8385	80 
8386	73 
8387	21 
8388	18 
8389	12 
8390	60 
8391	37 
8392	84 
8393	83 
8394	69 
8395	25 
8396	90 
8397	49 
8398	86 
8399	23 
8400	53 
8401	63 
8402	9 
8403	40 
8404	41 
8405	54 
8406	86 
8407	29 
8408	85 
8409	10 
8410	4 
8411	16 
8412	56 
8413	10 
8414	20 
8415	76 
8416	76 
8417	71 
8418	65 
8419	60 
8420	40 
8421	86 
8422	10 
8423	6 
8424	12 
8425	11 
8426	16 
8427	85 
8428	39 
8429	7 
8430	10 
8431	15 
8432	67 
8433	34 
8434	86 
8435	32 
8436	42 
8437	35 
8438	65 
8439	70 
8440	67 
8441	6 
8442	14 
8443	40 
8444	82 
8445	31 
8446	63 
8447	32 
8448	12 
8449	61 
8450	1 
8451	71 
8452	66 
8453	84 
8454	30 
8455	84 
8456	30 
8457	33 
8458	66 
8459	84 
8460	21 
8461	15 
8462	70 
8463	62 
8464	26 
8465	69 
8466	9 
8467	3 
8468	76 
8469	21 
8470	83 
8471	90 
8472	84 
8473	83 
8474	42 
8475	68 
8476	81 
8477	73 
8478	70 
8479	7 
8480	64 
8481	23 
8482	31 
8483	54 
8484	42 
8485	78 
8486	22 
8487	79 
8488	55 
8489	1 
8490	82 
8491	66 
8492	20 
8493	63 
8494	37 
8495	61 
8496	87 
8497	81 
8498	21 
8499	17 
8500	17 
8501	43 
8502	33 
8503	75 
8504	42 
8505	80 
8506	46 
8507	31 
8508	70 
8509	20 
8510	7 
8511	40 
8512	16 
8513	53 
8514	58 
8515	81 
8516	82 
8517	81 
8518	51 
8519	47 
8520	88 
8521	21 
8522	75 
8523	2 
8524	25 
8525	50 
8526	10 
8527	11 
8528	59 
8529	8 
8530	5 
8531	53 
8532	20 
8533	82 
8534	35 
8535	33 
8536	61 
8537	56 
8538	73 
8539	73 
8540	81 
8541	49 
8542	8 
8543	86 
8544	67 
8545	75 
8546	9 
8547	64 
8548	27 
8549	51 
8550	3 
8551	85 
8552	18 
8553	84 
8554	28 
8555	1 
8556	57 
8557	78 
8558	16 
8559	36 
8560	49 
8561	25 
8562	21 
8563	80 
8564	12 
8565	47 
8566	44 
8567	78 
8568	42 
8569	22 
8570	3 
8571	46 
8572	67 
8573	5 
8574	19 
8575	45 
8576	82 
8577	33 
8578	58 
8579	3 
8580	83 
8581	74 
8582	11 
8583	86 
8584	72 
8585	73 
8586	83 
8587	76 
8588	17 
8589	32 
8590	3 
8591	21 
8592	24 
8593	69 
8594	74 
8595	44 
8596	67 
8597	56 
8598	24 
8599	57 
8600	31 
8601	11 
8602	8 
8603	88 
8604	20 
8605	14 
8606	86 
8607	3 
8608	45 
8609	80 
8610	53 
8611	29 
8612	46 
8613	5 
8614	84 
8615	24 
8616	54 
8617	40 
8618	73 
8619	80 
8620	45 
8621	82 
8622	54 
8623	15 
8624	24 
8625	83 
8626	82 
8627	28 
8628	34 
8629	73 
8630	85 
8631	71 
8632	60 
8633	20 
8634	1 
8635	45 
8636	26 
8637	2 
8638	78 
8639	86 
8640	10 
8641	47 
8642	75 
8643	40 
8644	2 
8645	8 
8646	80 
8647	12 
8648	67 
8649	63 
8650	83 
8651	52 
8652	8 
8653	82 
8654	83 
8655	83 
8656	58 
8657	72 
8658	15 
8659	68 
8660	78 
8661	36 
8662	72 
8663	38 
8664	19 
8665	63 
8666	85 
8667	20 
8668	88 
8669	48 
8670	22 
8671	10 
8672	5 
8673	61 
8674	77 
8675	12 
8676	60 
8677	3 
8678	50 
8679	85 
8680	3 
8681	47 
8682	58 
8683	35 
8684	46 
8685	48 
8686	4 
8687	67 
8688	74 
8689	50 
8690	41 
8691	90 
8692	60 
8693	30 
8694	15 
8695	61 
8696	64 
8697	13 
8698	73 
8699	62 
8700	75 
8701	60 
8702	9 
8703	83 
8704	41 
8705	25 
8706	14 
8707	32 
8708	11 
8709	2 
8710	65 
8711	27 
8712	13 
8713	82 
8714	53 
8715	12 
8716	5 
8717	35 
8718	2 
8719	3 
8720	59 
8721	63 
8722	54 
8723	1 
8724	29 
8725	20 
8726	69 
8727	53 
8728	66 
8729	65 
8730	9 
8731	37 
8732	76 
8733	43 
8734	80 
8735	67 
8736	31 
8737	7 
8738	38 
8739	59 
8740	89 
8741	20 
8742	9 
8743	64 
8744	7 
8745	44 
8746	60 
8747	86 
8748	11 
8749	83 
8750	56 
8751	7 
8752	58 
8753	55 
8754	68 
8755	1 
8756	46 
8757	64 
8758	14 
8759	38 
8760	89 
8761	26 
8762	32 
8763	40 
8764	90 
8765	86 
8766	30 
8767	59 
8768	9 
8769	8 
8770	25 
8771	67 
8772	78 
8773	41 
8774	11 
8775	63 
8776	85 
8777	34 
8778	56 
8779	28 
8780	17 
8781	54 
8782	46 
8783	40 
8784	24 
8785	74 
8786	89 
8787	40 
8788	4 
8789	49 
8790	57 
8791	88 
8792	63 
8793	26 
8794	37 
8795	57 
8796	44 
8797	50 
8798	14 
8799	24 
8800	44 
8801	45 
8802	79 
8803	44 
8804	6 
8805	86 
8806	64 
8807	30 
8808	77 
8809	9 
8810	63 
8811	57 
8812	81 
8813	35 
8814	69 
8815	45 
8816	33 
8817	7 
8818	88 
8819	62 
8820	49 
8821	53 
8822	21 
8823	69 
8824	2 
8825	14 
8826	72 
8827	38 
8828	84 
8829	85 
8830	62 
8831	6 
8832	56 
8833	58 
8834	15 
8835	2 
8836	81 
8837	85 
8838	10 
8839	70 
8840	55 
8841	32 
8842	40 
8843	83 
8844	76 
8845	7 
8846	20 
8847	24 
8848	6 
8849	63 
8850	33 
8851	79 
8852	15 
8853	79 
8854	79 
8855	15 
8856	39 
8857	52 
8858	33 
8859	25 
8860	41 
8861	25 
8862	29 
8863	1 
8864	60 
8865	30 
8866	48 
8867	72 
8868	65 
8869	64 
8870	65 
8871	20 
8872	6 
8873	39 
8874	40 
8875	27 
8876	76 
8877	21 
8878	43 
8879	42 
8880	47 
8881	6 
8882	3 
8883	72 
8884	34 
8885	5 
8886	58 
8887	27 
8888	30 
8889	1 
8890	65 
8891	13 
8892	1 
8893	36 
8894	19 
8895	77 
8896	21 
8897	60 
8898	30 
8899	10 
8900	35 
8901	4 
8902	21 
8903	28 
8904	11 
8905	70 
8906	79 
8907	13 
8908	18 
8909	47 
8910	42 
8911	70 
8912	63 
8913	75 
8914	34 
8915	15 
8916	85 
8917	22 
8918	41 
8919	47 
8920	60 
8921	36 
8922	67 
8923	55 
8924	84 
8925	90 
8926	74 
8927	90 
8928	56 
8929	50 
8930	50 
8931	42 
8932	67 
8933	3 
8934	12 
8935	5 
8936	2 
8937	53 
8938	65 
8939	50 
8940	70 
8941	53 
8942	58 
8943	32 
8944	77 
8945	79 
8946	21 
8947	25 
8948	25 
8949	66 
8950	13 
8951	72 
8952	18 
8953	14 
8954	9 
8955	48 
8956	10 
8957	57 
8958	21 
8959	59 
8960	34 
8961	75 
8962	2 
8963	3 
8964	5 
8965	50 
8966	22 
8967	86 
8968	68 
8969	71 
8970	31 
8971	11 
8972	7 
8973	23 
8974	53 
8975	81 
8976	73 
8977	34 
8978	9 
8979	82 
8980	70 
8981	59 
8982	10 
8983	49 
8984	24 
8985	67 
8986	14 
8987	64 
8988	51 
8989	90 
8990	89 
8991	4 
8992	40 
8993	60 
8994	47 
8995	26 
8996	89 
8997	12 
8998	22 
8999	72 
9000	70 
9001	86 
9002	1 
9003	65 
9004	85 
9005	66 
9006	38 
9007	1 
9008	16 
9009	82 
9010	17 
9011	39 
9012	71 
9013	58 
9014	56 
9015	25 
9016	50 
9017	44 
9018	17 
9019	79 
9020	18 
9021	79 
9022	13 
9023	84 
9024	30 
9025	80 
9026	67 
9027	42 
9028	56 
9029	76 
9030	86 
9031	85 
9032	23 
9033	63 
9034	33 
9035	86 
9036	13 
9037	45 
9038	1 
9039	25 
9040	58 
9041	6 
9042	59 
9043	39 
9044	6 
9045	24 
9046	46 
9047	20 
9048	42 
9049	30 
9050	35 
9051	81 
9052	16 
9053	88 
9054	43 
9055	63 
9056	54 
9057	2 
9058	32 
9059	52 
9060	43 
9061	14 
9062	43 
9063	86 
9064	13 
9065	82 
9066	33 
9067	77 
9068	32 
9069	54 
9070	63 
9071	36 
9072	6 
9073	60 
9074	67 
9075	17 
9076	16 
9077	32 
9078	41 
9079	34 
9080	7 
9081	61 
9082	66 
9083	47 
9084	28 
9085	90 
9086	42 
9087	22 
9088	24 
9089	86 
9090	26 
9091	66 
9092	76 
9093	54 
9094	82 
9095	74 
9096	19 
9097	59 
9098	85 
9099	15 
9100	21 
9101	65 
9102	63 
9103	84 
9104	77 
9105	24 
9106	79 
9107	48 
9108	20 
9109	64 
9110	73 
9111	65 
9112	86 
9113	14 
9114	60 
9115	86 
9116	56 
9117	70 
9118	34 
9119	31 
9120	60 
9121	48 
9122	46 
9123	79 
9124	62 
9125	17 
9126	51 
9127	3 
9128	8 
9129	9 
9130	83 
9131	63 
9132	26 
9133	73 
9134	6 
9135	17 
9136	74 
9137	17 
9138	85 
9139	16 
9140	73 
9141	89 
9142	84 
9143	35 
9144	31 
9145	67 
9146	1 
9147	20 
9148	27 
9149	15 
9150	4 
9151	52 
9152	36 
9153	37 
9154	53 
9155	67 
9156	84 
9157	26 
9158	50 
9159	47 
9160	60 
9161	66 
9162	29 
9163	31 
9164	39 
9165	60 
9166	69 
9167	43 
9168	80 
9169	8 
9170	37 
9171	16 
9172	64 
9173	8 
9174	5 
9175	61 
9176	88 
9177	63 
9178	73 
9179	76 
9180	30 
9181	54 
9182	33 
9183	35 
9184	75 
9185	76 
9186	52 
9187	63 
9188	80 
9189	30 
9190	17 
9191	9 
9192	48 
9193	82 
9194	31 
9195	1 
9196	31 
9197	70 
9198	59 
9199	70 
9200	3 
9201	32 
9202	78 
9203	83 
9204	28 
9205	27 
9206	15 
9207	64 
9208	25 
9209	83 
9210	30 
9211	67 
9212	81 
9213	25 
9214	65 
9215	32 
9216	63 
9217	75 
9218	4 
9219	24 
9220	20 
9221	88 
9222	43 
9223	28 
9224	42 
9225	77 
9226	44 
9227	23 
9228	75 
9229	21 
9230	71 
9231	27 
9232	29 
9233	21 
9234	65 
9235	9 
9236	46 
9237	37 
9238	44 
9239	76 
9240	2 
9241	7 
9242	2 
9243	68 
9244	14 
9245	48 
9246	16 
9247	77 
9248	28 
9249	25 
9250	54 
9251	64 
9252	57 
9253	27 
9254	69 
9255	61 
9256	77 
9257	57 
9258	60 
9259	69 
9260	58 
9261	39 
9262	69 
9263	2 
9264	57 
9265	87 
9266	38 
9267	38 
9268	27 
9269	56 
9270	86 
9271	70 
9272	19 
9273	84 
9274	74 
9275	55 
9276	63 
9277	29 
9278	2 
9279	77 
9280	14 
9281	41 
9282	11 
9283	24 
9284	40 
9285	20 
9286	6 
9287	19 
9288	5 
9289	36 
9290	87 
9291	56 
9292	25 
9293	27 
9294	81 
9295	9 
9296	74 
9297	6 
9298	58 
9299	66 
9300	64 
9301	53 
9302	85 
9303	86 
9304	31 
9305	80 
9306	79 
9307	22 
9308	4 
9309	87 
9310	8 
9311	71 
9312	78 
9313	66 
9314	65 
9315	12 
9316	84 
9317	34 
9318	27 
9319	32 
9320	10 
9321	68 
9322	71 
9323	84 
9324	7 
9325	50 
9326	14 
9327	40 
9328	47 
9329	11 
9330	83 
9331	79 
9332	11 
9333	46 
9334	5 
9335	25 
9336	34 
9337	82 
9338	5 
9339	1 
9340	52 
9341	33 
9342	32 
9343	34 
9344	46 
9345	70 
9346	7 
9347	41 
9348	86 
9349	46 
9350	22 
9351	63 
9352	44 
9353	40 
9354	58 
9355	30 
9356	2 
9357	25 
9358	38 
9359	68 
9360	60 
9361	8 
9362	41 
9363	86 
9364	34 
9365	83 
9366	24 
9367	89 
9368	47 
9369	64 
9370	41 
9371	82 
9372	26 
9373	38 
9374	87 
9375	59 
9376	77 
9377	54 
9378	24 
9379	58 
9380	54 
9381	16 
9382	57 
9383	58 
9384	1 
9385	76 
9386	51 
9387	1 
9388	52 
9389	67 
9390	20 
9391	46 
9392	35 
9393	67 
9394	57 
9395	31 
9396	58 
9397	25 
9398	46 
9399	7 
9400	2 
9401	35 
9402	50 
9403	79 
9404	86 
9405	87 
9406	27 
9407	9 
9408	42 
9409	86 
9410	38 
9411	26 
9412	15 
9413	53 
9414	34 
9415	86 
9416	72 
9417	37 
9418	36 
9419	29 
9420	86 
9421	73 
9422	23 
9423	63 
9424	88 
9425	90 
9426	63 
9427	19 
9428	52 
9429	5 
9430	11 
9431	52 
9432	30 
9433	26 
9434	18 
9435	22 
9436	54 
9437	68 
9438	67 
9439	5 
9440	17 
9441	84 
9442	9 
9443	83 
9444	31 
9445	46 
9446	24 
9447	34 
9448	18 
9449	58 
9450	42 
9451	46 
9452	36 
9453	42 
9454	79 
9455	21 
9456	67 
9457	15 
9458	23 
9459	8 
9460	57 
9461	2 
9462	89 
9463	72 
9464	31 
9465	30 
9466	79 
9467	2 
9468	55 
9469	43 
9470	13 
9471	74 
9472	3 
9473	36 
9474	12 
9475	60 
9476	35 
9477	66 
9478	77 
9479	25 
9480	82 
9481	52 
9482	8 
9483	86 
9484	8 
9485	18 
9486	35 
9487	42 
9488	6 
9489	37 
9490	35 
9491	5 
9492	22 
9493	23 
9494	56 
9495	76 
9496	47 
9497	77 
9498	37 
9499	71 
9500	39 
9501	67 
9502	75 
9503	16 
9504	28 
9505	60 
9506	35 
9507	77 
9508	20 
9509	3 
9510	12 
9511	86 
9512	22 
9513	54 
9514	13 
9515	78 
9516	89 
9517	34 
9518	58 
9519	57 
9520	8 
9521	85 
9522	41 
9523	31 
9524	45 
9525	59 
9526	83 
9527	49 
9528	62 
9529	62 
9530	75 
9531	21 
9532	70 
9533	60 
9534	86 
9535	46 
9536	4 
9537	27 
9538	13 
9539	17 
9540	66 
9541	5 
9542	17 
9543	47 
9544	77 
9545	77 
9546	30 
9547	8 
9548	60 
9549	3 
9550	83 
9551	31 
9552	51 
9553	36 
9554	5 
9555	30 
9556	49 
9557	25 
9558	10 
9559	74 
9560	29 
9561	77 
9562	46 
9563	29 
9564	71 
9565	4 
9566	15 
9567	8 
9568	1 
9569	19 
9570	5 
9571	20 
9572	1 
9573	63 
9574	73 
9575	42 
9576	36 
9577	38 
9578	59 
9579	88 
9580	83 
9581	34 
9582	22 
9583	59 
9584	44 
9585	15 
9586	4 
9587	8 
9588	86 
9589	51 
9590	67 
9591	83 
9592	30 
9593	76 
9594	58 
9595	77 
9596	85 
9597	13 
9598	52 
9599	83 
9600	85 
9601	35 
9602	59 
9603	12 
9604	77 
9605	22 
9606	26 
9607	74 
9608	47 
9609	70 
9610	31 
9611	24 
9612	57 
9613	36 
9614	24 
9615	21 
9616	15 
9617	25 
9618	6 
9619	70 
9620	17 
9621	2 
9622	66 
9623	40 
9624	77 
9625	65 
9626	35 
9627	67 
9628	78 
9629	85 
9630	20 
9631	31 
9632	80 
9633	51 
9634	8 
9635	60 
9636	60 
9637	63 
9638	12 
9639	69 
9640	61 
9641	84 
9642	86 
9643	29 
9644	1 
9645	53 
9646	16 
9647	85 
9648	70 
9649	83 
9650	87 
9651	18 
9652	67 
9653	86 
9654	27 
9655	19 
9656	56 
9657	33 
9658	2 
9659	56 
9660	70 
9661	53 
9662	81 
9663	41 
9664	29 
9665	4 
9666	10 
9667	69 
9668	80 
9669	79 
9670	53 
9671	1 
9672	17 
9673	35 
9674	3 
9675	88 
9676	23 
9677	55 
9678	31 
9679	29 
9680	15 
9681	22 
9682	64 
9683	12 
9684	65 
9685	5 
9686	54 
9687	27 
9688	47 
9689	60 
9690	10 
9691	10 
9692	45 
9693	10 
9694	25 
9695	44 
9696	18 
9697	74 
9698	21 
9699	37 
9700	53 
9701	5 
9702	58 
9703	73 
9704	32 
9705	34 
9706	54 
9707	42 
9708	72 
9709	12 
9710	7 
9711	50 
9712	24 
9713	33 
9714	71 
9715	10 
9716	45 
9717	37 
9718	81 
9719	29 
9720	11 
9721	11 
9722	80 
9723	20 
9724	18 
9725	35 
9726	19 
9727	24 
9728	36 
9729	29 
9730	60 
9731	60 
9732	68 
9733	54 
9734	89 
9735	8 
9736	73 
9737	16 
9738	64 
9739	12 
9740	6 
9741	86 
9742	83 
9743	7 
9744	61 
9745	86 
9746	58 
9747	13 
9748	66 
9749	50 
9750	33 
9751	21 
9752	42 
9753	13 
9754	23 
9755	71 
9756	42 
9757	30 
9758	60 
9759	64 
9760	87 
9761	69 
9762	85 
9763	73 
9764	89 
9765	10 
9766	25 
9767	37 
9768	15 
9769	53 
9770	61 
9771	83 
9772	21 
9773	43 
9774	34 
9775	56 
9776	60 
9777	6 
9778	58 
9779	64 
9780	50 
9781	58 
9782	75 
9783	16 
9784	80 
9785	28 
9786	50 
9787	62 
9788	30 
9789	90 
9790	62 
9791	6 
9792	58 
9793	15 
9794	61 
9795	28 
9796	90 
9797	7 
9798	48 
9799	51 
9800	41 
9801	23 
9802	29 
9803	4 
9804	24 
9805	34 
9806	3 
9807	75 
9808	18 
9809	39 
9810	3 
9811	82 
9812	55 
9813	1 
9814	24 
9815	70 
9816	35 
9817	8 
9818	9 
9819	43 
9820	66 
9821	75 
9822	85 
9823	16 
9824	88 
9825	54 
9826	48 
9827	83 
9828	23 
9829	70 
9830	22 
9831	65 
9832	63 
9833	74 
9834	55 
9835	86 
9836	5 
9837	13 
9838	22 
9839	6 
9840	22 
9841	11 
9842	35 
9843	37 
9844	17 
9845	33 
9846	76 
9847	30 
9848	69 
9849	47 
9850	70 
9851	42 
9852	69 
9853	54 
9854	71 
9855	22 
9856	62 
9857	47 
9858	14 
9859	84 
9860	73 
9861	43 
9862	3 
9863	40 
9864	30 
9865	35 
9866	40 
9867	80 
9868	70 
9869	80 
9870	23 
9871	89 
9872	12 
9873	88 
9874	31 
9875	42 
9876	8 
9877	76 
9878	24 
9879	33 
9880	22 
9881	47 
9882	8 
9883	46 
9884	89 
9885	55 
9886	59 
9887	3 
9888	27 
9889	58 
9890	35 
9891	15 
9892	49 
9893	80 
9894	61 
9895	1 
9896	25 
9897	87 
9898	48 
9899	25 
9900	34 
9901	82 
9902	10 
9903	87 
9904	47 
9905	88 
9906	28 
9907	37 
9908	56 
9909	80 
9910	63 
9911	15 
9912	79 
9913	12 
9914	78 
9915	69 
9916	86 
9917	25 
9918	20 
9919	77 
9920	55 
9921	87 
9922	74 
9923	50 
9924	47 
9925	75 
9926	72 
9927	52 
9928	83 
9929	24 
9930	29 
9931	85 
9932	45 
9933	36 
9934	14 
9935	18 
9936	38 
9937	36 
9938	35 
9939	60 
9940	34 
9941	43 
9942	77 
9943	84 
9944	24 
9945	8 
9946	22 
9947	45 
9948	65 
9949	76 
9950	77 
9951	74 
9952	15 
9953	81 
9954	30 
9955	28 
9956	89 
9957	15 
9958	5 
9959	63 
9960	63 
9961	90 
9962	58 
9963	74 
9964	27 
9965	25 
9966	8 
9967	15 
9968	61 
9969	18 
9970	65 
9971	89 
9972	67 
9973	77 
9974	72 
9975	15 
9976	85 
9977	49 
9978	10 
9979	72 
9980	20 
9981	88 
9982	62 
9983	82 
9984	39 
9985	30 
9986	21 
9987	33 
9988	47 
9989	85 
9990	13 
9991	60 
9992	52 
9993	44 
9994	90 
9995	38 
9996	53 
9997	16 
9998	7 
9999	61 
10000	68 
