1	3 
2	32 
3	9 
4	12 
5	2 
6	13 
7	80 
8	69 
9	69 
10	22 
11	35 
12	63 
13	70 
14	14 
15	50 
16	7 
17	14 
18	51 
19	77 
20	9 
21	1 
22	43 
23	45 
24	18 
25	85 
26	21 
27	60 
28	69 
29	8 
30	70 
31	41 
32	16 
33	77 
34	76 
35	58 
36	6 
37	63 
38	1 
39	35 
40	35 
41	25 
42	48 
43	68 
44	62 
45	38 
46	66 
47	35 
48	6 
49	43 
50	70 
51	39 
52	1 
53	50 
54	56 
55	16 
56	77 
57	50 
58	41 
59	62 
60	81 
61	51 
62	15 
63	51 
64	56 
65	2 
66	8 
67	7 
68	38 
69	31 
70	80 
71	67 
72	69 
73	34 
74	23 
75	23 
76	87 
77	50 
78	64 
79	57 
80	48 
81	31 
82	14 
83	38 
84	67 
85	49 
86	34 
87	15 
88	9 
89	8 
90	7 
91	67 
92	82 
93	1 
94	67 
95	33 
96	75 
97	30 
98	35 
99	57 
100	64 
101	26 
102	11 
103	75 
104	77 
105	84 
106	15 
107	70 
108	87 
109	41 
110	29 
111	69 
112	45 
113	25 
114	35 
115	86 
116	6 
117	49 
118	79 
119	48 
120	42 
121	11 
122	67 
123	30 
124	34 
125	63 
126	75 
127	39 
128	49 
129	47 
130	64 
131	83 
132	82 
133	54 
134	30 
135	52 
136	27 
137	45 
138	62 
139	77 
140	39 
141	42 
142	6 
143	20 
144	87 
145	8 
146	3 
147	67 
148	44 
149	58 
150	77 
151	72 
152	5 
153	21 
154	38 
155	86 
156	14 
157	31 
158	12 
159	24 
160	68 
161	76 
162	78 
163	80 
164	72 
165	67 
166	58 
167	58 
168	76 
169	76 
170	78 
171	21 
172	74 
173	63 
174	35 
175	19 
176	49 
177	44 
178	44 
179	12 
180	72 
181	84 
182	58 
183	65 
184	20 
185	58 
186	19 
187	14 
188	77 
189	70 
190	78 
191	65 
192	7 
193	66 
194	10 
195	82 
196	46 
197	52 
198	36 
199	81 
200	37 
201	77 
202	3 
203	29 
204	19 
205	32 
206	73 
207	31 
208	30 
209	81 
210	28 
211	65 
212	70 
213	63 
214	58 
215	1 
216	28 
217	11 
218	21 
219	1 
220	88 
221	71 
222	74 
223	17 
224	37 
225	15 
226	78 
227	27 
228	26 
229	12 
230	43 
231	34 
232	84 
233	73 
234	80 
235	45 
236	23 
237	27 
238	69 
239	5 
240	45 
241	59 
242	15 
243	69 
244	42 
245	54 
246	83 
247	27 
248	37 
249	68 
250	41 
251	25 
252	78 
253	75 
254	30 
255	37 
256	88 
257	86 
258	58 
259	41 
260	50 
261	45 
262	41 
263	2 
264	44 
265	10 
266	82 
267	67 
268	7 
269	85 
270	35 
271	29 
272	2 
273	67 
274	35 
275	50 
276	6 
277	25 
278	77 
279	5 
280	76 
281	87 
282	73 
283	79 
284	25 
285	4 
286	47 
287	15 
288	63 
289	28 
290	3 
291	65 
292	61 
293	10 
294	65 
295	54 
296	55 
297	63 
298	6 
299	72 
300	74 
301	1 
302	20 
303	6 
304	53 
305	65 
306	35 
307	61 
308	9 
309	62 
310	75 
311	16 
312	77 
313	41 
314	31 
315	28 
316	39 
317	86 
318	35 
319	26 
320	58 
321	1 
322	68 
323	42 
324	36 
325	88 
326	40 
327	87 
328	10 
329	54 
330	36 
331	21 
332	27 
333	46 
334	52 
335	19 
336	69 
337	88 
338	78 
339	6 
340	62 
341	62 
342	83 
343	7 
344	68 
345	60 
346	9 
347	78 
348	23 
349	57 
350	13 
351	85 
352	2 
353	74 
354	53 
355	27 
356	83 
357	41 
358	56 
359	6 
360	79 
361	55 
362	56 
363	5 
364	82 
365	14 
366	20 
367	38 
368	22 
369	10 
370	47 
371	34 
372	36 
373	78 
374	73 
375	23 
376	50 
377	22 
378	82 
379	58 
380	41 
381	82 
382	7 
383	83 
384	10 
385	51 
386	17 
387	18 
388	86 
389	77 
390	76 
391	20 
392	29 
393	86 
394	5 
395	1 
396	1 
397	7 
398	82 
399	23 
400	20 
401	35 
402	40 
403	2 
404	52 
405	78 
406	62 
407	60 
408	61 
409	20 
410	50 
411	15 
412	77 
413	68 
414	18 
415	86 
416	35 
417	14 
418	35 
419	7 
420	57 
421	65 
422	60 
423	20 
424	48 
425	2 
426	48 
427	16 
428	49 
429	17 
430	85 
431	76 
432	9 
433	82 
434	4 
435	13 
436	76 
437	42 
438	77 
439	37 
440	85 
441	21 
442	78 
443	76 
444	52 
445	57 
446	33 
447	37 
448	25 
449	58 
450	23 
451	85 
452	14 
453	56 
454	37 
455	83 
456	53 
457	86 
458	36 
459	54 
460	34 
461	22 
462	37 
463	58 
464	5 
465	8 
466	85 
467	78 
468	16 
469	27 
470	23 
471	11 
472	1 
473	4 
474	85 
475	26 
476	13 
477	20 
478	88 
479	21 
480	66 
481	71 
482	28 
483	41 
484	43 
485	85 
486	42 
487	22 
488	67 
489	37 
490	21 
491	1 
492	14 
493	74 
494	71 
495	74 
496	23 
497	19 
498	1 
499	58 
500	30 
501	38 
502	71 
503	73 
504	33 
505	22 
506	5 
507	62 
508	54 
509	4 
510	26 
511	59 
512	27 
513	13 
514	1 
515	74 
516	86 
517	67 
518	79 
519	2 
520	49 
521	56 
522	12 
523	11 
524	62 
525	86 
526	31 
527	35 
528	60 
529	84 
530	22 
531	34 
532	67 
533	64 
534	55 
535	13 
536	48 
537	77 
538	80 
539	1 
540	30 
541	29 
542	20 
543	27 
544	48 
545	82 
546	39 
547	8 
548	79 
549	10 
550	23 
551	60 
552	16 
553	48 
554	14 
555	18 
556	35 
557	51 
558	56 
559	2 
560	70 
561	58 
562	7 
563	55 
564	9 
565	10 
566	20 
567	72 
568	73 
569	57 
570	18 
571	88 
572	29 
573	41 
574	38 
575	83 
576	87 
577	50 
578	76 
579	19 
580	48 
581	54 
582	16 
583	86 
584	85 
585	74 
586	53 
587	32 
588	6 
589	11 
590	84 
591	49 
592	9 
593	77 
594	31 
595	78 
596	1 
597	25 
598	23 
599	1 
600	85 
601	48 
602	27 
603	20 
604	86 
605	7 
606	84 
607	8 
608	74 
609	56 
610	7 
611	25 
612	34 
613	82 
614	81 
615	27 
616	16 
617	21 
618	70 
619	75 
620	62 
621	79 
622	29 
623	81 
624	27 
625	77 
626	28 
627	35 
628	22 
629	50 
630	80 
631	86 
632	26 
633	60 
634	67 
635	63 
636	4 
637	20 
638	23 
639	20 
640	41 
641	72 
642	73 
643	74 
644	5 
645	1 
646	39 
647	86 
648	64 
649	23 
650	56 
651	16 
652	39 
653	61 
654	43 
655	72 
656	50 
657	53 
658	5 
659	54 
660	68 
661	87 
662	30 
663	9 
664	25 
665	39 
666	21 
667	72 
668	21 
669	30 
670	62 
671	46 
672	36 
673	35 
674	19 
675	67 
676	3 
677	54 
678	28 
679	10 
680	85 
681	30 
682	59 
683	1 
684	54 
685	83 
686	48 
687	83 
688	57 
689	8 
690	60 
691	42 
692	37 
693	41 
694	74 
695	42 
696	12 
697	30 
698	64 
699	18 
700	22 
701	7 
702	80 
703	6 
704	76 
705	13 
706	34 
707	7 
708	26 
709	2 
710	14 
711	16 
712	67 
713	72 
714	49 
715	36 
716	43 
717	61 
718	14 
719	1 
720	53 
721	20 
722	23 
723	9 
724	5 
725	64 
726	2 
727	40 
728	56 
729	11 
730	9 
731	70 
732	78 
733	57 
734	76 
735	41 
736	26 
737	87 
738	11 
739	11 
740	38 
741	20 
742	23 
743	15 
744	2 
745	18 
746	48 
747	37 
748	52 
749	77 
750	23 
751	19 
752	80 
753	38 
754	80 
755	49 
756	22 
757	8 
758	17 
759	71 
760	9 
761	29 
762	86 
763	87 
764	50 
765	13 
766	74 
767	1 
768	82 
769	81 
770	18 
771	3 
772	29 
773	1 
774	3 
775	21 
776	73 
777	83 
778	1 
779	56 
780	85 
781	18 
782	49 
783	32 
784	54 
785	13 
786	78 
787	9 
788	50 
789	61 
790	73 
791	38 
792	16 
793	42 
794	4 
795	39 
796	64 
797	56 
798	79 
799	7 
800	30 
801	32 
802	84 
803	80 
804	42 
805	63 
806	36 
807	10 
808	24 
809	62 
810	35 
811	79 
812	67 
813	60 
814	64 
815	88 
816	57 
817	47 
818	67 
819	64 
820	45 
821	16 
822	1 
823	1 
824	2 
825	7 
826	17 
827	56 
828	47 
829	9 
830	61 
831	30 
832	21 
833	30 
834	6 
835	1 
836	8 
837	76 
838	32 
839	67 
840	18 
841	6 
842	23 
843	88 
844	72 
845	66 
846	86 
847	74 
848	26 
849	17 
850	87 
851	3 
852	82 
853	1 
854	19 
855	38 
856	34 
857	18 
858	41 
859	51 
860	24 
861	21 
862	13 
863	86 
864	28 
865	16 
866	77 
867	69 
868	21 
869	18 
870	31 
871	75 
872	61 
873	78 
874	30 
875	16 
876	32 
877	85 
878	40 
879	71 
880	27 
881	78 
882	74 
883	71 
884	84 
885	43 
886	45 
887	55 
888	82 
889	86 
890	3 
891	86 
892	35 
893	13 
894	78 
895	35 
896	59 
897	9 
898	25 
899	49 
900	43 
901	41 
902	34 
903	11 
904	81 
905	66 
906	71 
907	13 
908	87 
909	59 
910	73 
911	69 
912	45 
913	19 
914	41 
915	9 
916	29 
917	9 
918	81 
919	38 
920	21 
921	41 
922	69 
923	50 
924	27 
925	44 
926	2 
927	22 
928	87 
929	40 
930	12 
931	38 
932	40 
933	3 
934	88 
935	77 
936	83 
937	19 
938	87 
939	51 
940	86 
941	54 
942	51 
943	11 
944	42 
945	51 
946	40 
947	40 
948	87 
949	78 
950	45 
951	43 
952	10 
953	12 
954	87 
955	41 
956	59 
957	52 
958	9 
959	49 
960	64 
961	51 
962	11 
963	79 
964	52 
965	47 
966	44 
967	61 
968	15 
969	67 
970	43 
971	80 
972	56 
973	62 
974	74 
975	72 
976	43 
977	54 
978	85 
979	67 
980	62 
981	39 
982	7 
983	2 
984	40 
985	61 
986	3 
987	62 
988	59 
989	64 
990	54 
991	13 
992	68 
993	23 
994	34 
995	63 
996	40 
997	22 
998	42 
999	40 
1000	60 
1001	17 
1002	44 
1003	84 
1004	30 
1005	26 
1006	88 
1007	55 
1008	78 
1009	58 
1010	88 
1011	68 
1012	86 
1013	60 
1014	16 
1015	80 
1016	44 
1017	15 
1018	45 
1019	15 
1020	9 
1021	85 
1022	60 
1023	78 
1024	58 
1025	64 
1026	29 
1027	84 
1028	23 
1029	2 
1030	38 
1031	47 
1032	28 
1033	38 
1034	45 
1035	41 
1036	16 
1037	47 
1038	33 
1039	79 
1040	34 
1041	69 
1042	16 
1043	64 
1044	55 
1045	27 
1046	1 
1047	84 
1048	49 
1049	52 
1050	79 
1051	72 
1052	70 
1053	11 
1054	39 
1055	11 
1056	61 
1057	58 
1058	84 
1059	82 
1060	80 
1061	35 
1062	22 
1063	8 
1064	4 
1065	77 
1066	69 
1067	52 
1068	65 
1069	49 
1070	6 
1071	50 
1072	53 
1073	40 
1074	73 
1075	15 
1076	52 
1077	78 
1078	29 
1079	34 
1080	19 
1081	22 
1082	31 
1083	63 
1084	38 
1085	76 
1086	69 
1087	25 
1088	43 
1089	47 
1090	42 
1091	53 
1092	80 
1093	87 
1094	16 
1095	47 
1096	29 
1097	14 
1098	80 
1099	38 
1100	47 
1101	81 
1102	83 
1103	61 
1104	87 
1105	20 
1106	23 
1107	15 
1108	12 
1109	5 
1110	25 
1111	58 
1112	35 
1113	79 
1114	43 
1115	44 
1116	8 
1117	37 
1118	69 
1119	88 
1120	66 
1121	64 
1122	57 
1123	27 
1124	24 
1125	88 
1126	41 
1127	37 
1128	35 
1129	69 
1130	1 
1131	28 
1132	4 
1133	26 
1134	34 
1135	60 
1136	70 
1137	16 
1138	44 
1139	88 
1140	52 
1141	57 
1142	28 
1143	81 
1144	49 
1145	11 
1146	78 
1147	29 
1148	81 
1149	8 
1150	61 
1151	82 
1152	1 
1153	23 
1154	64 
1155	19 
1156	32 
1157	18 
1158	86 
1159	69 
1160	76 
1161	34 
1162	84 
1163	9 
1164	41 
1165	15 
1166	19 
1167	64 
1168	35 
1169	68 
1170	42 
1171	44 
1172	41 
1173	57 
1174	32 
1175	52 
1176	14 
1177	28 
1178	84 
1179	48 
1180	40 
1181	24 
1182	73 
1183	70 
1184	57 
1185	1 
1186	40 
1187	55 
1188	40 
1189	30 
1190	50 
1191	7 
1192	5 
1193	69 
1194	71 
1195	54 
1196	43 
1197	37 
1198	5 
1199	15 
1200	6 
1201	68 
1202	57 
1203	35 
1204	1 
1205	14 
1206	81 
1207	31 
1208	16 
1209	74 
1210	72 
1211	41 
1212	87 
1213	6 
1214	42 
1215	58 
1216	54 
1217	61 
1218	33 
1219	51 
1220	58 
1221	78 
1222	43 
1223	52 
1224	23 
1225	36 
1226	48 
1227	33 
1228	39 
1229	86 
1230	36 
1231	45 
1232	37 
1233	12 
1234	77 
1235	71 
1236	36 
1237	61 
1238	36 
1239	37 
1240	38 
1241	78 
1242	66 
1243	47 
1244	2 
1245	77 
1246	41 
1247	4 
1248	13 
1249	78 
1250	20 
1251	75 
1252	30 
1253	41 
1254	80 
1255	26 
1256	45 
1257	32 
1258	58 
1259	73 
1260	21 
1261	64 
1262	40 
1263	79 
1264	43 
1265	80 
1266	16 
1267	29 
1268	10 
1269	83 
1270	51 
1271	36 
1272	49 
1273	31 
1274	87 
1275	5 
1276	20 
1277	70 
1278	25 
1279	77 
1280	74 
1281	42 
1282	7 
1283	7 
1284	29 
1285	75 
1286	79 
1287	20 
1288	22 
1289	57 
1290	61 
1291	86 
1292	40 
1293	69 
1294	72 
1295	71 
1296	73 
1297	86 
1298	58 
1299	60 
1300	45 
1301	87 
1302	9 
1303	85 
1304	79 
1305	84 
1306	30 
1307	8 
1308	82 
1309	30 
1310	25 
1311	47 
1312	54 
1313	65 
1314	26 
1315	75 
1316	22 
1317	58 
1318	27 
1319	50 
1320	11 
1321	53 
1322	74 
1323	51 
1324	53 
1325	35 
1326	45 
1327	28 
1328	9 
1329	29 
1330	25 
1331	55 
1332	29 
1333	31 
1334	11 
1335	50 
1336	70 
1337	77 
1338	44 
1339	64 
1340	44 
1341	58 
1342	22 
1343	69 
1344	21 
1345	7 
1346	1 
1347	74 
1348	50 
1349	78 
1350	78 
1351	4 
1352	74 
1353	61 
1354	83 
1355	67 
1356	81 
1357	37 
1358	6 
1359	23 
1360	37 
1361	40 
1362	33 
1363	64 
1364	15 
1365	51 
1366	32 
1367	73 
1368	76 
1369	39 
1370	71 
1371	19 
1372	2 
1373	82 
1374	86 
1375	29 
1376	46 
1377	17 
1378	38 
1379	34 
1380	10 
1381	52 
1382	71 
1383	58 
1384	31 
1385	58 
1386	66 
1387	69 
1388	11 
1389	80 
1390	47 
1391	76 
1392	74 
1393	54 
1394	52 
1395	4 
1396	49 
1397	29 
1398	62 
1399	75 
1400	7 
1401	86 
1402	56 
1403	53 
1404	14 
1405	2 
1406	16 
1407	28 
1408	1 
1409	82 
1410	45 
1411	24 
1412	43 
1413	39 
1414	41 
1415	29 
1416	72 
1417	21 
1418	51 
1419	80 
1420	17 
1421	42 
1422	1 
1423	6 
1424	80 
1425	86 
1426	19 
1427	36 
1428	78 
1429	42 
1430	83 
1431	30 
1432	36 
1433	64 
1434	82 
1435	27 
1436	54 
1437	61 
1438	6 
1439	1 
1440	37 
1441	11 
1442	16 
1443	79 
1444	43 
1445	69 
1446	5 
1447	39 
1448	26 
1449	38 
1450	73 
1451	52 
1452	64 
1453	73 
1454	47 
1455	36 
1456	33 
1457	78 
1458	22 
1459	28 
1460	54 
1461	12 
1462	63 
1463	15 
1464	53 
1465	87 
1466	34 
1467	27 
1468	1 
1469	38 
1470	2 
1471	32 
1472	55 
1473	87 
1474	38 
1475	77 
1476	10 
1477	30 
1478	78 
1479	78 
1480	53 
1481	86 
1482	32 
1483	86 
1484	76 
1485	46 
1486	28 
1487	42 
1488	39 
1489	27 
1490	42 
1491	55 
1492	25 
1493	82 
1494	74 
1495	40 
1496	53 
1497	52 
1498	84 
1499	62 
1500	79 
1501	87 
1502	56 
1503	73 
1504	77 
1505	58 
1506	21 
1507	71 
1508	24 
1509	16 
1510	33 
1511	22 
1512	35 
1513	38 
1514	6 
1515	28 
1516	24 
1517	27 
1518	63 
1519	50 
1520	25 
1521	55 
1522	60 
1523	34 
1524	77 
1525	31 
1526	84 
1527	28 
1528	14 
1529	36 
1530	40 
1531	74 
1532	70 
1533	48 
1534	30 
1535	5 
1536	38 
1537	74 
1538	81 
1539	33 
1540	58 
1541	64 
1542	69 
1543	20 
1544	69 
1545	42 
1546	45 
1547	51 
1548	77 
1549	84 
1550	70 
1551	36 
1552	31 
1553	41 
1554	34 
1555	43 
1556	11 
1557	38 
1558	18 
1559	76 
1560	82 
1561	65 
1562	54 
1563	15 
1564	23 
1565	56 
1566	88 
1567	51 
1568	57 
1569	57 
1570	22 
1571	50 
1572	41 
1573	28 
1574	81 
1575	82 
1576	63 
1577	62 
1578	28 
1579	13 
1580	7 
1581	55 
1582	30 
1583	73 
1584	26 
1585	73 
1586	30 
1587	59 
1588	55 
1589	11 
1590	40 
1591	31 
1592	29 
1593	19 
1594	88 
1595	59 
1596	39 
1597	31 
1598	71 
1599	13 
1600	42 
1601	28 
1602	35 
1603	59 
1604	74 
1605	24 
1606	58 
1607	71 
1608	88 
1609	17 
1610	36 
1611	61 
1612	14 
1613	23 
1614	30 
1615	22 
1616	32 
1617	11 
1618	72 
1619	50 
1620	23 
1621	85 
1622	11 
1623	23 
1624	81 
1625	63 
1626	1 
1627	66 
1628	45 
1629	86 
1630	31 
1631	37 
1632	60 
1633	36 
1634	29 
1635	76 
1636	59 
1637	51 
1638	21 
1639	33 
1640	44 
1641	18 
1642	1 
1643	47 
1644	42 
1645	14 
1646	68 
1647	11 
1648	9 
1649	86 
1650	15 
1651	39 
1652	7 
1653	31 
1654	50 
1655	54 
1656	55 
1657	12 
1658	28 
1659	22 
1660	82 
1661	53 
1662	25 
1663	16 
1664	81 
1665	40 
1666	77 
1667	1 
1668	85 
1669	76 
1670	27 
1671	2 
1672	49 
1673	62 
1674	75 
1675	29 
1676	78 
1677	80 
1678	27 
1679	26 
1680	31 
1681	75 
1682	11 
1683	36 
1684	15 
1685	2 
1686	8 
1687	9 
1688	84 
1689	85 
1690	60 
1691	72 
1692	40 
1693	36 
1694	43 
1695	49 
1696	71 
1697	48 
1698	11 
1699	16 
1700	15 
1701	83 
1702	33 
1703	35 
1704	63 
1705	27 
1706	63 
1707	15 
1708	8 
1709	41 
1710	28 
1711	62 
1712	63 
1713	78 
1714	53 
1715	79 
1716	58 
1717	1 
1718	13 
1719	22 
1720	29 
1721	22 
1722	22 
1723	67 
1724	41 
1725	79 
1726	33 
1727	37 
1728	64 
1729	50 
1730	22 
1731	41 
1732	61 
1733	56 
1734	83 
1735	48 
1736	5 
1737	88 
1738	3 
1739	20 
1740	12 
1741	40 
1742	20 
1743	70 
1744	3 
1745	42 
1746	2 
1747	7 
1748	43 
1749	34 
1750	63 
1751	41 
1752	80 
1753	69 
1754	2 
1755	15 
1756	52 
1757	2 
1758	84 
1759	64 
1760	77 
1761	29 
1762	19 
1763	36 
1764	86 
1765	54 
1766	33 
1767	43 
1768	28 
1769	32 
1770	20 
1771	41 
1772	17 
1773	65 
1774	59 
1775	42 
1776	1 
1777	17 
1778	76 
1779	80 
1780	54 
1781	74 
1782	11 
1783	14 
1784	72 
1785	83 
1786	85 
1787	23 
1788	74 
1789	70 
1790	43 
1791	59 
1792	87 
1793	21 
1794	45 
1795	37 
1796	17 
1797	26 
1798	43 
1799	59 
1800	80 
1801	59 
1802	74 
1803	19 
1804	4 
1805	25 
1806	79 
1807	66 
1808	55 
1809	66 
1810	51 
1811	82 
1812	3 
1813	37 
1814	32 
1815	49 
1816	2 
1817	22 
1818	67 
1819	42 
1820	51 
1821	58 
1822	85 
1823	56 
1824	3 
1825	46 
1826	64 
1827	6 
1828	88 
1829	22 
1830	64 
1831	76 
1832	34 
1833	32 
1834	87 
1835	88 
1836	20 
1837	12 
1838	33 
1839	38 
1840	60 
1841	35 
1842	73 
1843	6 
1844	23 
1845	59 
1846	49 
1847	25 
1848	38 
1849	60 
1850	39 
1851	80 
1852	33 
1853	68 
1854	7 
1855	34 
1856	4 
1857	52 
1858	87 
1859	41 
1860	52 
1861	46 
1862	77 
1863	65 
1864	34 
1865	38 
1866	73 
1867	67 
1868	83 
1869	31 
1870	52 
1871	50 
1872	76 
1873	6 
1874	35 
1875	12 
1876	16 
1877	26 
1878	53 
1879	54 
1880	78 
1881	6 
1882	75 
1883	84 
1884	36 
1885	42 
1886	59 
1887	62 
1888	38 
1889	63 
1890	72 
1891	67 
1892	41 
1893	3 
1894	76 
1895	18 
1896	84 
1897	31 
1898	57 
1899	66 
1900	4 
1901	50 
1902	26 
1903	11 
1904	77 
1905	8 
1906	46 
1907	41 
1908	18 
1909	57 
1910	81 
1911	52 
1912	41 
1913	39 
1914	49 
1915	83 
1916	59 
1917	71 
1918	30 
1919	30 
1920	22 
1921	49 
1922	79 
1923	73 
1924	73 
1925	5 
1926	10 
1927	35 
1928	83 
1929	29 
1930	21 
1931	85 
1932	67 
1933	21 
1934	84 
1935	25 
1936	35 
1937	10 
1938	30 
1939	7 
1940	8 
1941	65 
1942	34 
1943	41 
1944	10 
1945	84 
1946	68 
1947	14 
1948	10 
1949	50 
1950	41 
1951	4 
1952	9 
1953	25 
1954	9 
1955	1 
1956	14 
1957	45 
1958	44 
1959	66 
1960	10 
1961	29 
1962	30 
1963	7 
1964	36 
1965	54 
1966	32 
1967	62 
1968	75 
1969	26 
1970	41 
1971	12 
1972	25 
1973	59 
1974	36 
1975	42 
1976	29 
1977	37 
1978	75 
1979	45 
1980	2 
1981	41 
1982	59 
1983	76 
1984	67 
1985	21 
1986	12 
1987	46 
1988	17 
1989	12 
1990	86 
1991	1 
1992	76 
1993	75 
1994	51 
1995	24 
1996	7 
1997	84 
1998	15 
1999	88 
2000	14 
2001	7 
2002	44 
2003	41 
2004	35 
2005	65 
2006	3 
2007	70 
2008	67 
2009	22 
2010	60 
2011	59 
2012	75 
2013	12 
2014	51 
2015	87 
2016	82 
2017	61 
2018	45 
2019	50 
2020	28 
2021	62 
2022	32 
2023	11 
2024	21 
2025	25 
2026	55 
2027	10 
2028	77 
2029	12 
2030	45 
2031	11 
2032	69 
2033	81 
2034	36 
2035	39 
2036	43 
2037	38 
2038	86 
2039	76 
2040	37 
2041	84 
2042	43 
2043	79 
2044	41 
2045	3 
2046	39 
2047	15 
2048	39 
2049	22 
2050	42 
2051	60 
2052	49 
2053	76 
2054	50 
2055	76 
2056	5 
2057	14 
2058	30 
2059	87 
2060	76 
2061	15 
2062	37 
2063	19 
2064	39 
2065	16 
2066	59 
2067	84 
2068	35 
2069	46 
2070	54 
2071	21 
2072	22 
2073	9 
2074	32 
2075	87 
2076	46 
2077	54 
2078	30 
2079	77 
2080	58 
2081	18 
2082	45 
2083	5 
2084	79 
2085	58 
2086	10 
2087	51 
2088	1 
2089	23 
2090	70 
2091	10 
2092	32 
2093	80 
2094	41 
2095	57 
2096	44 
2097	11 
2098	7 
2099	5 
2100	12 
2101	4 
2102	49 
2103	53 
2104	58 
2105	9 
2106	69 
2107	34 
2108	56 
2109	53 
2110	80 
2111	54 
2112	9 
2113	63 
2114	9 
2115	12 
2116	82 
2117	1 
2118	41 
2119	36 
2120	43 
2121	54 
2122	10 
2123	77 
2124	54 
2125	82 
2126	69 
2127	58 
2128	84 
2129	19 
2130	88 
2131	38 
2132	53 
2133	79 
2134	40 
2135	38 
2136	31 
2137	64 
2138	78 
2139	4 
2140	5 
2141	75 
2142	64 
2143	57 
2144	48 
2145	73 
2146	7 
2147	81 
2148	20 
2149	60 
2150	53 
2151	17 
2152	23 
2153	41 
2154	88 
2155	74 
2156	79 
2157	50 
2158	63 
2159	25 
2160	30 
2161	61 
2162	17 
2163	39 
2164	65 
2165	88 
2166	20 
2167	64 
2168	6 
2169	79 
2170	41 
2171	32 
2172	16 
2173	41 
2174	60 
2175	35 
2176	9 
2177	24 
2178	12 
2179	34 
2180	39 
2181	53 
2182	4 
2183	10 
2184	47 
2185	50 
2186	10 
2187	37 
2188	4 
2189	44 
2190	21 
2191	81 
2192	50 
2193	82 
2194	5 
2195	79 
2196	67 
2197	25 
2198	21 
2199	29 
2200	37 
2201	54 
2202	38 
2203	8 
2204	44 
2205	52 
2206	87 
2207	69 
2208	59 
2209	61 
2210	12 
2211	70 
2212	43 
2213	68 
2214	70 
2215	16 
2216	39 
2217	75 
2218	24 
2219	51 
2220	82 
2221	58 
2222	80 
2223	71 
2224	12 
2225	23 
2226	72 
2227	8 
2228	38 
2229	5 
2230	10 
2231	56 
2232	19 
2233	88 
2234	14 
2235	60 
2236	27 
2237	36 
2238	86 
2239	23 
2240	20 
2241	68 
2242	79 
2243	39 
2244	44 
2245	25 
2246	34 
2247	57 
2248	42 
2249	10 
2250	75 
2251	80 
2252	66 
2253	77 
2254	5 
2255	7 
2256	73 
2257	76 
2258	1 
2259	43 
2260	51 
2261	17 
2262	81 
2263	54 
2264	11 
2265	9 
2266	82 
2267	43 
2268	4 
2269	70 
2270	68 
2271	41 
2272	49 
2273	39 
2274	14 
2275	38 
2276	57 
2277	36 
2278	26 
2279	85 
2280	53 
2281	86 
2282	84 
2283	38 
2284	61 
2285	52 
2286	51 
2287	82 
2288	54 
2289	44 
2290	45 
2291	44 
2292	72 
2293	13 
2294	72 
2295	2 
2296	68 
2297	24 
2298	8 
2299	78 
2300	72 
2301	9 
2302	29 
2303	85 
2304	53 
2305	65 
2306	84 
2307	49 
2308	71 
2309	67 
2310	14 
2311	85 
2312	69 
2313	31 
2314	38 
2315	80 
2316	78 
2317	53 
2318	16 
2319	74 
2320	75 
2321	16 
2322	82 
2323	51 
2324	60 
2325	1 
2326	64 
2327	11 
2328	13 
2329	28 
2330	55 
2331	44 
2332	13 
2333	78 
2334	87 
2335	63 
2336	64 
2337	6 
2338	3 
2339	62 
2340	3 
2341	9 
2342	52 
2343	30 
2344	44 
2345	26 
2346	74 
2347	84 
2348	57 
2349	11 
2350	60 
2351	86 
2352	59 
2353	16 
2354	38 
2355	88 
2356	65 
2357	5 
2358	71 
2359	45 
2360	43 
2361	5 
2362	47 
2363	66 
2364	27 
2365	32 
2366	33 
2367	71 
2368	73 
2369	40 
2370	6 
2371	4 
2372	68 
2373	10 
2374	11 
2375	52 
2376	39 
2377	70 
2378	11 
2379	15 
2380	3 
2381	40 
2382	14 
2383	74 
2384	74 
2385	83 
2386	57 
2387	75 
2388	25 
2389	16 
2390	72 
2391	5 
2392	27 
2393	22 
2394	84 
2395	3 
2396	85 
2397	52 
2398	49 
2399	45 
2400	31 
2401	23 
2402	41 
2403	17 
2404	26 
2405	46 
2406	52 
2407	21 
2408	7 
2409	47 
2410	49 
2411	49 
2412	55 
2413	63 
2414	10 
2415	47 
2416	33 
2417	64 
2418	49 
2419	19 
2420	34 
2421	52 
2422	36 
2423	50 
2424	30 
2425	55 
2426	73 
2427	29 
2428	10 
2429	21 
2430	76 
2431	79 
2432	47 
2433	55 
2434	19 
2435	54 
2436	78 
2437	10 
2438	56 
2439	10 
2440	44 
2441	50 
2442	58 
2443	48 
2444	52 
2445	84 
2446	41 
2447	58 
2448	53 
2449	83 
2450	11 
2451	13 
2452	88 
2453	75 
2454	50 
2455	79 
2456	55 
2457	54 
2458	53 
2459	78 
2460	50 
2461	20 
2462	21 
2463	11 
2464	79 
2465	9 
2466	12 
2467	52 
2468	18 
2469	62 
2470	40 
2471	37 
2472	78 
2473	78 
2474	75 
2475	58 
2476	30 
2477	61 
2478	65 
2479	1 
2480	76 
2481	46 
2482	41 
2483	13 
2484	88 
2485	10 
2486	51 
2487	45 
2488	81 
2489	87 
2490	88 
2491	47 
2492	45 
2493	77 
2494	29 
2495	22 
2496	40 
2497	69 
2498	38 
2499	59 
2500	62 
2501	38 
2502	41 
2503	46 
2504	1 
2505	67 
2506	74 
2507	6 
2508	10 
2509	41 
2510	14 
2511	26 
2512	22 
2513	88 
2514	50 
2515	55 
2516	88 
2517	73 
2518	80 
2519	16 
2520	40 
2521	75 
2522	23 
2523	49 
2524	63 
2525	14 
2526	53 
2527	85 
2528	57 
2529	49 
2530	67 
2531	75 
2532	6 
2533	38 
2534	30 
2535	70 
2536	19 
2537	64 
2538	79 
2539	75 
2540	1 
2541	4 
2542	52 
2543	26 
2544	57 
2545	82 
2546	83 
2547	46 
2548	63 
2549	88 
2550	15 
2551	54 
2552	59 
2553	40 
2554	41 
2555	36 
2556	11 
2557	74 
2558	20 
2559	31 
2560	55 
2561	9 
2562	67 
2563	40 
2564	42 
2565	30 
2566	54 
2567	58 
2568	38 
2569	40 
2570	28 
2571	54 
2572	1 
2573	64 
2574	28 
2575	80 
2576	46 
2577	2 
2578	57 
2579	13 
2580	74 
2581	45 
2582	79 
2583	21 
2584	43 
2585	5 
2586	9 
2587	27 
2588	76 
2589	80 
2590	22 
2591	16 
2592	56 
2593	41 
2594	30 
2595	41 
2596	40 
2597	64 
2598	47 
2599	86 
2600	45 
2601	78 
2602	20 
2603	77 
2604	66 
2605	35 
2606	28 
2607	79 
2608	23 
2609	59 
2610	18 
2611	83 
2612	76 
2613	32 
2614	34 
2615	25 
2616	67 
2617	23 
2618	68 
2619	77 
2620	4 
2621	43 
2622	28 
2623	28 
2624	31 
2625	65 
2626	85 
2627	53 
2628	67 
2629	74 
2630	58 
2631	72 
2632	4 
2633	67 
2634	41 
2635	20 
2636	69 
2637	3 
2638	64 
2639	10 
2640	39 
2641	82 
2642	84 
2643	38 
2644	48 
2645	68 
2646	75 
2647	56 
2648	52 
2649	81 
2650	87 
2651	55 
2652	5 
2653	74 
2654	88 
2655	86 
2656	10 
2657	45 
2658	52 
2659	65 
2660	57 
2661	49 
2662	49 
2663	62 
2664	5 
2665	30 
2666	67 
2667	75 
2668	74 
2669	70 
2670	84 
2671	32 
2672	76 
2673	36 
2674	86 
2675	80 
2676	83 
2677	23 
2678	28 
2679	69 
2680	5 
2681	17 
2682	14 
2683	11 
2684	64 
2685	4 
2686	50 
2687	36 
2688	67 
2689	68 
2690	13 
2691	59 
2692	55 
2693	44 
2694	29 
2695	54 
2696	17 
2697	77 
2698	5 
2699	35 
2700	56 
2701	80 
2702	15 
2703	51 
2704	73 
2705	18 
2706	23 
2707	77 
2708	81 
2709	83 
2710	60 
2711	21 
2712	15 
2713	41 
2714	1 
2715	77 
2716	77 
2717	3 
2718	51 
2719	46 
2720	76 
2721	45 
2722	40 
2723	9 
2724	75 
2725	8 
2726	53 
2727	77 
2728	86 
2729	25 
2730	68 
2731	38 
2732	77 
2733	39 
2734	81 
2735	40 
2736	21 
2737	45 
2738	79 
2739	84 
2740	82 
2741	40 
2742	41 
2743	35 
2744	64 
2745	83 
2746	59 
2747	39 
2748	35 
2749	29 
2750	77 
2751	28 
2752	75 
2753	41 
2754	37 
2755	67 
2756	1 
2757	45 
2758	58 
2759	79 
2760	80 
2761	8 
2762	6 
2763	79 
2764	28 
2765	10 
2766	51 
2767	38 
2768	3 
2769	58 
2770	88 
2771	8 
2772	25 
2773	4 
2774	7 
2775	58 
2776	63 
2777	42 
2778	83 
2779	26 
2780	10 
2781	57 
2782	30 
2783	87 
2784	46 
2785	13 
2786	58 
2787	56 
2788	48 
2789	25 
2790	20 
2791	71 
2792	42 
2793	24 
2794	49 
2795	73 
2796	48 
2797	36 
2798	63 
2799	82 
2800	25 
2801	81 
2802	52 
2803	3 
2804	18 
2805	7 
2806	34 
2807	48 
2808	28 
2809	34 
2810	45 
2811	76 
2812	32 
2813	39 
2814	51 
2815	54 
2816	14 
2817	77 
2818	36 
2819	12 
2820	14 
2821	40 
2822	15 
2823	40 
2824	87 
2825	84 
2826	27 
2827	82 
2828	68 
2829	78 
2830	13 
2831	26 
2832	5 
2833	10 
2834	46 
2835	30 
2836	40 
2837	8 
2838	85 
2839	84 
2840	17 
2841	70 
2842	69 
2843	13 
2844	59 
2845	9 
2846	86 
2847	76 
2848	22 
2849	59 
2850	18 
2851	24 
2852	53 
2853	21 
2854	11 
2855	37 
2856	2 
2857	35 
2858	41 
2859	51 
2860	60 
2861	87 
2862	64 
2863	84 
2864	52 
2865	78 
2866	70 
2867	55 
2868	44 
2869	72 
2870	28 
2871	22 
2872	72 
2873	36 
2874	56 
2875	38 
2876	76 
2877	11 
2878	49 
2879	80 
2880	16 
2881	11 
2882	57 
2883	76 
2884	36 
2885	11 
2886	78 
2887	3 
2888	44 
2889	72 
2890	82 
2891	87 
2892	38 
2893	14 
2894	15 
2895	77 
2896	52 
2897	83 
2898	1 
2899	50 
2900	9 
2901	43 
2902	69 
2903	88 
2904	48 
2905	78 
2906	40 
2907	37 
2908	46 
2909	67 
2910	80 
2911	6 
2912	17 
2913	74 
2914	23 
2915	12 
2916	4 
2917	17 
2918	29 
2919	5 
2920	68 
2921	76 
2922	82 
2923	28 
2924	65 
2925	41 
2926	52 
2927	54 
2928	81 
2929	86 
2930	51 
2931	59 
2932	86 
2933	76 
2934	10 
2935	8 
2936	88 
2937	11 
2938	74 
2939	43 
2940	87 
2941	87 
2942	30 
2943	41 
2944	7 
2945	29 
2946	9 
2947	2 
2948	88 
2949	52 
2950	39 
2951	35 
2952	82 
2953	3 
2954	79 
2955	49 
2956	1 
2957	65 
2958	87 
2959	2 
2960	26 
2961	20 
2962	6 
2963	63 
2964	36 
2965	19 
2966	68 
2967	46 
2968	76 
2969	75 
2970	62 
2971	47 
2972	13 
2973	79 
2974	87 
2975	82 
2976	50 
2977	32 
2978	78 
2979	61 
2980	14 
2981	13 
2982	30 
2983	25 
2984	19 
2985	81 
2986	29 
2987	23 
2988	76 
2989	31 
2990	87 
2991	85 
2992	26 
2993	19 
2994	46 
2995	12 
2996	34 
2997	49 
2998	52 
2999	43 
3000	46 
3001	77 
3002	49 
3003	61 
3004	23 
3005	13 
3006	43 
3007	1 
3008	59 
3009	7 
3010	42 
3011	33 
3012	17 
3013	17 
3014	58 
3015	33 
3016	3 
3017	71 
3018	56 
3019	82 
3020	47 
3021	7 
3022	35 
3023	39 
3024	13 
3025	78 
3026	28 
3027	51 
3028	80 
3029	56 
3030	41 
3031	13 
3032	69 
3033	79 
3034	63 
3035	41 
3036	87 
3037	65 
3038	50 
3039	35 
3040	7 
3041	68 
3042	40 
3043	84 
3044	50 
3045	50 
3046	74 
3047	21 
3048	75 
3049	54 
3050	37 
3051	52 
3052	73 
3053	85 
3054	47 
3055	27 
3056	9 
3057	81 
3058	30 
3059	80 
3060	36 
3061	78 
3062	69 
3063	25 
3064	46 
3065	46 
3066	52 
3067	15 
3068	19 
3069	45 
3070	30 
3071	9 
3072	14 
3073	80 
3074	14 
3075	30 
3076	66 
3077	9 
3078	30 
3079	79 
3080	87 
3081	33 
3082	36 
3083	30 
3084	35 
3085	58 
3086	11 
3087	59 
3088	2 
3089	39 
3090	28 
3091	87 
3092	55 
3093	82 
3094	10 
3095	63 
3096	27 
3097	60 
3098	53 
3099	85 
3100	18 
3101	35 
3102	1 
3103	73 
3104	59 
3105	44 
3106	67 
3107	29 
3108	21 
3109	33 
3110	47 
3111	63 
3112	52 
3113	50 
3114	74 
3115	32 
3116	46 
3117	75 
3118	57 
3119	83 
3120	13 
3121	33 
3122	1 
3123	49 
3124	64 
3125	67 
3126	58 
3127	52 
3128	53 
3129	48 
3130	29 
3131	6 
3132	36 
3133	70 
3134	35 
3135	53 
3136	2 
3137	24 
3138	76 
3139	76 
3140	82 
3141	48 
3142	57 
3143	49 
3144	33 
3145	7 
3146	40 
3147	34 
3148	1 
3149	69 
3150	87 
3151	61 
3152	61 
3153	76 
3154	35 
3155	36 
3156	52 
3157	40 
3158	72 
3159	52 
3160	25 
3161	27 
3162	83 
3163	23 
3164	6 
3165	70 
3166	77 
3167	38 
3168	78 
3169	50 
3170	79 
3171	72 
3172	52 
3173	5 
3174	43 
3175	67 
3176	17 
3177	21 
3178	30 
3179	46 
3180	52 
3181	4 
3182	22 
3183	57 
3184	35 
3185	64 
3186	5 
3187	19 
3188	69 
3189	57 
3190	29 
3191	63 
3192	3 
3193	71 
3194	42 
3195	76 
3196	26 
3197	13 
3198	26 
3199	19 
3200	64 
3201	56 
3202	44 
3203	33 
3204	70 
3205	73 
3206	16 
3207	6 
3208	13 
3209	61 
3210	30 
3211	47 
3212	11 
3213	1 
3214	9 
3215	84 
3216	68 
3217	68 
3218	13 
3219	68 
3220	26 
3221	77 
3222	42 
3223	86 
3224	53 
3225	56 
3226	67 
3227	55 
3228	73 
3229	76 
3230	36 
3231	31 
3232	12 
3233	11 
3234	62 
3235	82 
3236	22 
3237	44 
3238	1 
3239	84 
3240	36 
3241	62 
3242	8 
3243	78 
3244	15 
3245	49 
3246	43 
3247	14 
3248	80 
3249	85 
3250	18 
3251	82 
3252	68 
3253	44 
3254	41 
3255	88 
3256	16 
3257	70 
3258	53 
3259	61 
3260	74 
3261	15 
3262	59 
3263	12 
3264	56 
3265	11 
3266	82 
3267	54 
3268	30 
3269	20 
3270	79 
3271	34 
3272	3 
3273	79 
3274	37 
3275	59 
3276	57 
3277	36 
3278	69 
3279	57 
3280	15 
3281	10 
3282	52 
3283	68 
3284	59 
3285	48 
3286	55 
3287	78 
3288	53 
3289	22 
3290	64 
3291	79 
3292	79 
3293	72 
3294	13 
3295	64 
3296	67 
3297	88 
3298	1 
3299	47 
3300	11 
3301	47 
3302	76 
3303	6 
3304	44 
3305	40 
3306	71 
3307	39 
3308	58 
3309	9 
3310	57 
3311	86 
3312	12 
3313	25 
3314	62 
3315	25 
3316	30 
3317	19 
3318	31 
3319	29 
3320	49 
3321	9 
3322	41 
3323	20 
3324	12 
3325	10 
3326	31 
3327	35 
3328	4 
3329	31 
3330	63 
3331	81 
3332	79 
3333	77 
3334	9 
3335	36 
3336	12 
3337	11 
3338	79 
3339	80 
3340	72 
3341	17 
3342	21 
3343	1 
3344	34 
3345	53 
3346	30 
3347	59 
3348	38 
3349	66 
3350	59 
3351	76 
3352	62 
3353	59 
3354	19 
3355	77 
3356	75 
3357	77 
3358	78 
3359	38 
3360	35 
3361	70 
3362	3 
3363	30 
3364	46 
3365	33 
3366	68 
3367	63 
3368	9 
3369	70 
3370	10 
3371	46 
3372	38 
3373	67 
3374	13 
3375	32 
3376	84 
3377	41 
3378	64 
3379	1 
3380	9 
3381	54 
3382	23 
3383	59 
3384	83 
3385	46 
3386	53 
3387	38 
3388	77 
3389	4 
3390	42 
3391	19 
3392	20 
3393	3 
3394	38 
3395	54 
3396	42 
3397	59 
3398	38 
3399	26 
3400	43 
3401	67 
3402	36 
3403	21 
3404	53 
3405	5 
3406	72 
3407	7 
3408	66 
3409	84 
3410	21 
3411	64 
3412	19 
3413	70 
3414	54 
3415	69 
3416	31 
3417	67 
3418	73 
3419	24 
3420	42 
3421	77 
3422	15 
3423	58 
3424	8 
3425	68 
3426	43 
3427	54 
3428	58 
3429	61 
3430	74 
3431	75 
3432	88 
3433	66 
3434	60 
3435	64 
3436	87 
3437	53 
3438	59 
3439	64 
3440	13 
3441	1 
3442	78 
3443	64 
3444	74 
3445	34 
3446	5 
3447	10 
3448	70 
3449	77 
3450	77 
3451	34 
3452	58 
3453	84 
3454	84 
3455	74 
3456	59 
3457	14 
3458	70 
3459	70 
3460	1 
3461	69 
3462	29 
3463	84 
3464	77 
3465	61 
3466	13 
3467	63 
3468	34 
3469	31 
3470	40 
3471	9 
3472	38 
3473	69 
3474	6 
3475	42 
3476	77 
3477	67 
3478	26 
3479	9 
3480	75 
3481	77 
3482	78 
3483	6 
3484	76 
3485	31 
3486	68 
3487	35 
3488	70 
3489	77 
3490	53 
3491	60 
3492	50 
3493	25 
3494	7 
3495	82 
3496	76 
3497	24 
3498	61 
3499	65 
3500	78 
3501	12 
3502	75 
3503	38 
3504	15 
3505	76 
3506	2 
3507	86 
3508	31 
3509	33 
3510	61 
3511	16 
3512	12 
3513	28 
3514	45 
3515	5 
3516	63 
3517	31 
3518	53 
3519	44 
3520	15 
3521	85 
3522	12 
3523	54 
3524	53 
3525	86 
3526	46 
3527	61 
3528	46 
3529	59 
3530	10 
3531	9 
3532	38 
3533	70 
3534	40 
3535	44 
3536	59 
3537	50 
3538	29 
3539	5 
3540	85 
3541	84 
3542	23 
3543	55 
3544	76 
3545	11 
3546	60 
3547	5 
3548	13 
3549	88 
3550	51 
3551	26 
3552	1 
3553	5 
3554	56 
3555	16 
3556	22 
3557	15 
3558	41 
3559	77 
3560	36 
3561	8 
3562	32 
3563	37 
3564	4 
3565	74 
3566	6 
3567	71 
3568	78 
3569	53 
3570	87 
3571	54 
3572	4 
3573	80 
3574	64 
3575	70 
3576	11 
3577	16 
3578	40 
3579	61 
3580	69 
3581	24 
3582	24 
3583	88 
3584	80 
3585	71 
3586	71 
3587	19 
3588	60 
3589	50 
3590	88 
3591	15 
3592	80 
3593	44 
3594	12 
3595	69 
3596	8 
3597	30 
3598	29 
3599	56 
3600	26 
3601	15 
3602	1 
3603	68 
3604	58 
3605	64 
3606	35 
3607	88 
3608	70 
3609	76 
3610	25 
3611	22 
3612	40 
3613	63 
3614	21 
3615	9 
3616	87 
3617	72 
3618	26 
3619	66 
3620	81 
3621	17 
3622	42 
3623	79 
3624	76 
3625	53 
3626	9 
3627	52 
3628	46 
3629	88 
3630	34 
3631	47 
3632	3 
3633	52 
3634	74 
3635	87 
3636	63 
3637	31 
3638	75 
3639	63 
3640	36 
3641	8 
3642	13 
3643	54 
3644	24 
3645	35 
3646	63 
3647	21 
3648	64 
3649	35 
3650	46 
3651	48 
3652	52 
3653	55 
3654	7 
3655	9 
3656	85 
3657	6 
3658	43 
3659	69 
3660	45 
3661	86 
3662	35 
3663	21 
3664	24 
3665	28 
3666	54 
3667	81 
3668	63 
3669	80 
3670	44 
3671	61 
3672	52 
3673	38 
3674	84 
3675	85 
3676	28 
3677	60 
3678	66 
3679	10 
3680	65 
3681	75 
3682	48 
3683	42 
3684	25 
3685	40 
3686	56 
3687	75 
3688	80 
3689	75 
3690	43 
3691	25 
3692	26 
3693	28 
3694	1 
3695	88 
3696	14 
3697	86 
3698	32 
3699	71 
3700	29 
3701	43 
3702	1 
3703	36 
3704	44 
3705	4 
3706	54 
3707	9 
3708	61 
3709	49 
3710	48 
3711	72 
3712	58 
3713	33 
3714	25 
3715	47 
3716	7 
3717	16 
3718	56 
3719	19 
3720	58 
3721	60 
3722	50 
3723	87 
3724	54 
3725	68 
3726	36 
3727	76 
3728	70 
3729	52 
3730	71 
3731	71 
3732	38 
3733	76 
3734	87 
3735	46 
3736	26 
3737	67 
3738	66 
3739	30 
3740	32 
3741	88 
3742	64 
3743	58 
3744	15 
3745	77 
3746	11 
3747	82 
3748	59 
3749	67 
3750	32 
3751	77 
3752	87 
3753	5 
3754	77 
3755	1 
3756	24 
3757	38 
3758	33 
3759	49 
3760	21 
3761	28 
3762	58 
3763	22 
3764	40 
3765	34 
3766	10 
3767	82 
3768	70 
3769	9 
3770	88 
3771	86 
3772	30 
3773	80 
3774	45 
3775	8 
3776	46 
3777	77 
3778	34 
3779	38 
3780	88 
3781	11 
3782	49 
3783	23 
3784	33 
3785	3 
3786	52 
3787	4 
3788	35 
3789	34 
3790	36 
3791	4 
3792	9 
3793	78 
3794	71 
3795	29 
3796	27 
3797	12 
3798	25 
3799	33 
3800	44 
3801	52 
3802	16 
3803	1 
3804	49 
3805	9 
3806	58 
3807	33 
3808	22 
3809	26 
3810	66 
3811	77 
3812	79 
3813	82 
3814	87 
3815	42 
3816	34 
3817	23 
3818	9 
3819	51 
3820	76 
3821	3 
3822	59 
3823	2 
3824	55 
3825	38 
3826	81 
3827	52 
3828	30 
3829	28 
3830	20 
3831	40 
3832	8 
3833	28 
3834	24 
3835	70 
3836	29 
3837	64 
3838	21 
3839	25 
3840	74 
3841	69 
3842	78 
3843	72 
3844	28 
3845	65 
3846	43 
3847	8 
3848	53 
3849	50 
3850	41 
3851	54 
3852	69 
3853	79 
3854	40 
3855	66 
3856	10 
3857	32 
3858	71 
3859	88 
3860	82 
3861	12 
3862	81 
3863	70 
3864	67 
3865	32 
3866	74 
3867	10 
3868	69 
3869	52 
3870	86 
3871	25 
3872	45 
3873	21 
3874	73 
3875	22 
3876	41 
3877	8 
3878	18 
3879	19 
3880	34 
3881	76 
3882	81 
3883	9 
3884	44 
3885	5 
3886	68 
3887	63 
3888	7 
3889	70 
3890	86 
3891	77 
3892	74 
3893	84 
3894	14 
3895	58 
3896	76 
3897	29 
3898	11 
3899	68 
3900	12 
3901	68 
3902	12 
3903	84 
3904	15 
3905	82 
3906	78 
3907	68 
3908	82 
3909	42 
3910	13 
3911	69 
3912	33 
3913	9 
3914	84 
3915	84 
3916	66 
3917	68 
3918	53 
3919	67 
3920	71 
3921	36 
3922	39 
3923	18 
3924	75 
3925	72 
3926	50 
3927	72 
3928	30 
3929	83 
3930	1 
3931	60 
3932	53 
3933	53 
3934	13 
3935	77 
3936	72 
3937	26 
3938	73 
3939	87 
3940	4 
3941	41 
3942	41 
3943	21 
3944	47 
3945	61 
3946	58 
3947	74 
3948	7 
3949	82 
3950	50 
3951	65 
3952	60 
3953	2 
3954	37 
3955	21 
3956	87 
3957	79 
3958	43 
3959	61 
3960	86 
3961	73 
3962	31 
3963	9 
3964	33 
3965	34 
3966	58 
3967	52 
3968	75 
3969	74 
3970	11 
3971	23 
3972	29 
3973	58 
3974	10 
3975	40 
3976	21 
3977	7 
3978	24 
3979	56 
3980	81 
3981	33 
3982	19 
3983	15 
3984	79 
3985	15 
3986	11 
3987	64 
3988	77 
3989	11 
3990	25 
3991	23 
3992	16 
3993	11 
3994	47 
3995	50 
3996	59 
3997	35 
3998	13 
3999	2 
4000	65 
4001	2 
4002	45 
4003	84 
4004	82 
4005	72 
4006	83 
4007	42 
4008	10 
4009	30 
4010	1 
4011	24 
4012	88 
4013	24 
4014	27 
4015	24 
4016	40 
4017	37 
4018	54 
4019	11 
4020	19 
4021	35 
4022	49 
4023	42 
4024	10 
4025	12 
4026	68 
4027	84 
4028	23 
4029	84 
4030	78 
4031	3 
4032	22 
4033	84 
4034	26 
4035	23 
4036	85 
4037	83 
4038	4 
4039	40 
4040	49 
4041	86 
4042	23 
4043	1 
4044	30 
4045	12 
4046	9 
4047	40 
4048	84 
4049	45 
4050	41 
4051	17 
4052	12 
4053	67 
4054	72 
4055	57 
4056	13 
4057	47 
4058	66 
4059	77 
4060	52 
4061	6 
4062	14 
4063	40 
4064	10 
4065	16 
4066	67 
4067	36 
4068	26 
4069	33 
4070	58 
4071	77 
4072	54 
4073	31 
4074	61 
4075	9 
4076	5 
4077	59 
4078	50 
4079	86 
4080	10 
4081	42 
4082	65 
4083	21 
4084	16 
4085	49 
4086	14 
4087	85 
4088	15 
4089	43 
4090	86 
4091	43 
4092	9 
4093	11 
4094	64 
4095	23 
4096	9 
4097	1 
4098	40 
4099	54 
4100	63 
4101	43 
4102	39 
4103	39 
4104	24 
4105	72 
4106	10 
4107	10 
4108	76 
4109	77 
4110	35 
4111	40 
4112	75 
4113	59 
4114	59 
4115	76 
4116	64 
4117	32 
4118	84 
4119	37 
4120	46 
4121	19 
4122	53 
4123	7 
4124	52 
4125	14 
4126	35 
4127	26 
4128	2 
4129	25 
4130	85 
4131	58 
4132	41 
4133	52 
4134	9 
4135	80 
4136	16 
4137	1 
4138	5 
4139	45 
4140	68 
4141	57 
4142	64 
4143	21 
4144	82 
4145	71 
4146	58 
4147	35 
4148	21 
4149	46 
4150	38 
4151	38 
4152	43 
4153	86 
4154	42 
4155	67 
4156	84 
4157	11 
4158	29 
4159	5 
4160	70 
4161	64 
4162	3 
4163	7 
4164	37 
4165	30 
4166	87 
4167	29 
4168	30 
4169	5 
4170	60 
4171	82 
4172	41 
4173	69 
4174	13 
4175	70 
4176	61 
4177	40 
4178	66 
4179	15 
4180	50 
4181	77 
4182	70 
4183	86 
4184	63 
4185	71 
4186	87 
4187	54 
4188	18 
4189	11 
4190	17 
4191	10 
4192	51 
4193	30 
4194	68 
4195	33 
4196	64 
4197	20 
4198	9 
4199	58 
4200	74 
4201	44 
4202	54 
4203	1 
4204	77 
4205	68 
4206	35 
4207	78 
4208	54 
4209	74 
4210	23 
4211	19 
4212	30 
4213	36 
4214	18 
4215	17 
4216	15 
4217	61 
4218	10 
4219	29 
4220	74 
4221	4 
4222	58 
4223	43 
4224	63 
4225	70 
4226	49 
4227	55 
4228	71 
4229	11 
4230	86 
4231	28 
4232	80 
4233	69 
4234	39 
4235	25 
4236	49 
4237	41 
4238	43 
4239	51 
4240	12 
4241	16 
4242	39 
4243	76 
4244	29 
4245	65 
4246	36 
4247	75 
4248	88 
4249	12 
4250	29 
4251	41 
4252	34 
4253	88 
4254	78 
4255	39 
4256	60 
4257	34 
4258	83 
4259	47 
4260	8 
4261	29 
4262	85 
4263	13 
4264	70 
4265	34 
4266	66 
4267	14 
4268	26 
4269	55 
4270	29 
4271	14 
4272	4 
4273	43 
4274	53 
4275	13 
4276	43 
4277	81 
4278	21 
4279	29 
4280	44 
4281	65 
4282	84 
4283	36 
4284	4 
4285	76 
4286	53 
4287	71 
4288	1 
4289	44 
4290	63 
4291	30 
4292	59 
4293	30 
4294	88 
4295	49 
4296	65 
4297	52 
4298	64 
4299	55 
4300	15 
4301	19 
4302	1 
4303	5 
4304	71 
4305	35 
4306	45 
4307	27 
4308	78 
4309	8 
4310	22 
4311	13 
4312	86 
4313	84 
4314	86 
4315	50 
4316	16 
4317	9 
4318	13 
4319	79 
4320	27 
4321	78 
4322	9 
4323	7 
4324	46 
4325	36 
4326	27 
4327	82 
4328	9 
4329	74 
4330	53 
4331	86 
4332	76 
4333	56 
4334	22 
4335	48 
4336	61 
4337	31 
4338	64 
4339	63 
4340	19 
4341	37 
4342	47 
4343	75 
4344	1 
4345	32 
4346	54 
4347	45 
4348	80 
4349	28 
4350	82 
4351	37 
4352	86 
4353	26 
4354	8 
4355	52 
4356	51 
4357	67 
4358	29 
4359	42 
4360	29 
4361	79 
4362	35 
4363	84 
4364	84 
4365	49 
4366	3 
4367	1 
4368	7 
4369	62 
4370	81 
4371	79 
4372	7 
4373	2 
4374	65 
4375	7 
4376	41 
4377	64 
4378	54 
4379	12 
4380	84 
4381	58 
4382	38 
4383	29 
4384	60 
4385	53 
4386	32 
4387	55 
4388	2 
4389	34 
4390	66 
4391	72 
4392	19 
4393	85 
4394	56 
4395	63 
4396	33 
4397	18 
4398	49 
4399	78 
4400	80 
4401	56 
4402	78 
4403	59 
4404	16 
4405	51 
4406	78 
4407	35 
4408	12 
4409	36 
4410	53 
4411	13 
4412	80 
4413	14 
4414	54 
4415	55 
4416	50 
4417	84 
4418	42 
4419	59 
4420	25 
4421	28 
4422	30 
4423	44 
4424	75 
4425	73 
4426	23 
4427	4 
4428	63 
4429	71 
4430	86 
4431	26 
4432	63 
4433	87 
4434	50 
4435	41 
4436	16 
4437	23 
4438	45 
4439	41 
4440	86 
4441	88 
4442	40 
4443	34 
4444	68 
4445	42 
4446	55 
4447	52 
4448	45 
4449	34 
4450	69 
4451	15 
4452	37 
4453	33 
4454	80 
4455	26 
4456	54 
4457	36 
4458	25 
4459	63 
4460	85 
4461	28 
4462	8 
4463	40 
4464	7 
4465	4 
4466	6 
4467	29 
4468	19 
4469	52 
4470	28 
4471	88 
4472	21 
4473	69 
4474	46 
4475	46 
4476	49 
4477	1 
4478	60 
4479	41 
4480	14 
4481	11 
4482	37 
4483	44 
4484	9 
4485	70 
4486	84 
4487	50 
4488	66 
4489	64 
4490	29 
4491	74 
4492	62 
4493	59 
4494	70 
4495	84 
4496	31 
4497	20 
4498	37 
4499	73 
4500	47 
4501	2 
4502	83 
4503	66 
4504	7 
4505	12 
4506	70 
4507	26 
4508	53 
4509	29 
4510	23 
4511	33 
4512	61 
4513	5 
4514	25 
4515	83 
4516	84 
4517	22 
4518	45 
4519	70 
4520	48 
4521	72 
4522	64 
4523	45 
4524	67 
4525	15 
4526	44 
4527	65 
4528	17 
4529	67 
4530	4 
4531	4 
4532	79 
4533	5 
4534	34 
4535	87 
4536	13 
4537	78 
4538	59 
4539	33 
4540	76 
4541	59 
4542	75 
4543	84 
4544	74 
4545	51 
4546	80 
4547	66 
4548	77 
4549	7 
4550	37 
4551	74 
4552	59 
4553	22 
4554	15 
4555	78 
4556	78 
4557	17 
4558	58 
4559	41 
4560	11 
4561	10 
4562	1 
4563	67 
4564	73 
4565	23 
4566	67 
4567	85 
4568	76 
4569	35 
4570	26 
4571	88 
4572	54 
4573	63 
4574	42 
4575	5 
4576	1 
4577	55 
4578	12 
4579	65 
4580	51 
4581	9 
4582	49 
4583	24 
4584	38 
4585	45 
4586	61 
4587	11 
4588	59 
4589	44 
4590	35 
4591	43 
4592	65 
4593	8 
4594	42 
4595	77 
4596	36 
4597	47 
4598	68 
4599	80 
4600	37 
4601	10 
4602	83 
4603	50 
4604	35 
4605	36 
4606	74 
4607	78 
4608	21 
4609	42 
4610	18 
4611	22 
4612	31 
4613	18 
4614	82 
4615	77 
4616	78 
4617	35 
4618	27 
4619	39 
4620	53 
4621	71 
4622	80 
4623	70 
4624	86 
4625	88 
4626	80 
4627	23 
4628	20 
4629	29 
4630	64 
4631	7 
4632	69 
4633	34 
4634	3 
4635	4 
4636	67 
4637	61 
4638	7 
4639	7 
4640	12 
4641	88 
4642	67 
4643	21 
4644	30 
4645	69 
4646	60 
4647	77 
4648	13 
4649	54 
4650	34 
4651	16 
4652	36 
4653	12 
4654	80 
4655	11 
4656	82 
4657	36 
4658	6 
4659	50 
4660	84 
4661	1 
4662	54 
4663	29 
4664	75 
4665	9 
4666	24 
4667	14 
4668	88 
4669	67 
4670	19 
4671	50 
4672	52 
4673	17 
4674	11 
4675	28 
4676	27 
4677	43 
4678	83 
4679	41 
4680	85 
4681	13 
4682	1 
4683	38 
4684	45 
4685	54 
4686	18 
4687	68 
4688	76 
4689	64 
4690	53 
4691	14 
4692	24 
4693	80 
4694	31 
4695	56 
4696	32 
4697	59 
4698	10 
4699	62 
4700	29 
4701	1 
4702	67 
4703	88 
4704	18 
4705	77 
4706	22 
4707	30 
4708	42 
4709	56 
4710	73 
4711	40 
4712	70 
4713	61 
4714	18 
4715	82 
4716	49 
4717	38 
4718	42 
4719	9 
4720	81 
4721	60 
4722	22 
4723	84 
4724	51 
4725	42 
4726	78 
4727	16 
4728	69 
4729	5 
4730	8 
4731	85 
4732	45 
4733	10 
4734	52 
4735	86 
4736	45 
4737	15 
4738	58 
4739	48 
4740	60 
4741	14 
4742	87 
4743	42 
4744	85 
4745	85 
4746	77 
4747	62 
4748	56 
4749	14 
4750	20 
4751	72 
4752	56 
4753	76 
4754	78 
4755	57 
4756	58 
4757	52 
4758	7 
4759	1 
4760	69 
4761	18 
4762	15 
4763	48 
4764	33 
4765	59 
4766	5 
4767	9 
4768	5 
4769	66 
4770	77 
4771	17 
4772	75 
4773	36 
4774	38 
4775	82 
4776	22 
4777	26 
4778	55 
4779	78 
4780	43 
4781	10 
4782	11 
4783	83 
4784	50 
4785	88 
4786	22 
4787	82 
4788	82 
4789	63 
4790	17 
4791	18 
4792	49 
4793	6 
4794	30 
4795	28 
4796	50 
4797	37 
4798	42 
4799	78 
4800	59 
4801	9 
4802	24 
4803	30 
4804	75 
4805	85 
4806	49 
4807	33 
4808	25 
4809	38 
4810	30 
4811	54 
4812	9 
4813	47 
4814	7 
4815	39 
4816	57 
4817	26 
4818	36 
4819	69 
4820	30 
4821	68 
4822	30 
4823	9 
4824	84 
4825	43 
4826	72 
4827	70 
4828	83 
4829	16 
4830	82 
4831	18 
4832	70 
4833	80 
4834	36 
4835	67 
4836	45 
4837	3 
4838	82 
4839	55 
4840	70 
4841	63 
4842	9 
4843	10 
4844	79 
4845	67 
4846	23 
4847	64 
4848	70 
4849	34 
4850	56 
4851	70 
4852	6 
4853	62 
4854	38 
4855	40 
4856	46 
4857	82 
4858	74 
4859	36 
4860	52 
4861	60 
4862	10 
4863	28 
4864	88 
4865	53 
4866	15 
4867	1 
4868	43 
4869	52 
4870	74 
4871	22 
4872	2 
4873	76 
4874	77 
4875	61 
4876	35 
4877	56 
4878	7 
4879	55 
4880	63 
4881	34 
4882	32 
4883	66 
4884	44 
4885	46 
4886	21 
4887	47 
4888	16 
4889	6 
4890	76 
4891	49 
4892	1 
4893	76 
4894	32 
4895	1 
4896	70 
4897	32 
4898	69 
4899	19 
4900	23 
4901	21 
4902	57 
4903	70 
4904	60 
4905	12 
4906	6 
4907	72 
4908	70 
4909	25 
4910	30 
4911	34 
4912	54 
4913	58 
4914	46 
4915	49 
4916	77 
4917	80 
4918	1 
4919	73 
4920	3 
4921	13 
4922	52 
4923	8 
4924	22 
4925	58 
4926	79 
4927	86 
4928	12 
4929	8 
4930	63 
4931	85 
4932	46 
4933	26 
4934	1 
4935	49 
4936	21 
4937	39 
4938	77 
4939	48 
4940	23 
4941	55 
4942	49 
4943	76 
4944	64 
4945	77 
4946	78 
4947	50 
4948	50 
4949	11 
4950	63 
4951	42 
4952	72 
4953	16 
4954	79 
4955	6 
4956	43 
4957	38 
4958	32 
4959	69 
4960	69 
4961	49 
4962	88 
4963	37 
4964	50 
4965	84 
4966	84 
4967	52 
4968	22 
4969	18 
4970	74 
4971	55 
4972	16 
4973	39 
4974	72 
4975	35 
4976	66 
4977	15 
4978	40 
4979	1 
4980	79 
4981	12 
4982	74 
4983	27 
4984	63 
4985	65 
4986	22 
4987	80 
4988	10 
4989	82 
4990	30 
4991	19 
4992	78 
4993	14 
4994	15 
4995	41 
4996	36 
4997	16 
4998	46 
4999	33 
5000	59 
5001	58 
5002	18 
5003	7 
5004	54 
5005	30 
5006	26 
5007	65 
5008	53 
5009	87 
5010	6 
5011	29 
5012	11 
5013	55 
5014	11 
5015	28 
5016	36 
5017	33 
5018	20 
5019	66 
5020	54 
5021	66 
5022	59 
5023	19 
5024	41 
5025	16 
5026	13 
5027	85 
5028	29 
5029	18 
5030	87 
5031	70 
5032	66 
5033	35 
5034	30 
5035	64 
5036	1 
5037	44 
5038	48 
5039	23 
5040	36 
5041	12 
5042	16 
5043	69 
5044	38 
5045	10 
5046	18 
5047	21 
5048	32 
5049	37 
5050	14 
5051	41 
5052	49 
5053	78 
5054	23 
5055	76 
5056	4 
5057	19 
5058	53 
5059	84 
5060	77 
5061	71 
5062	4 
5063	9 
5064	1 
5065	13 
5066	16 
5067	25 
5068	57 
5069	74 
5070	70 
5071	51 
5072	29 
5073	69 
5074	79 
5075	37 
5076	36 
5077	35 
5078	70 
5079	56 
5080	82 
5081	58 
5082	20 
5083	24 
5084	50 
5085	14 
5086	9 
5087	32 
5088	39 
5089	88 
5090	24 
5091	17 
5092	25 
5093	34 
5094	12 
5095	84 
5096	50 
5097	58 
5098	9 
5099	15 
5100	70 
5101	78 
5102	18 
5103	32 
5104	11 
5105	35 
5106	44 
5107	18 
5108	13 
5109	44 
5110	20 
5111	20 
5112	63 
5113	43 
5114	82 
5115	83 
5116	47 
5117	49 
5118	67 
5119	80 
5120	51 
5121	84 
5122	38 
5123	85 
5124	24 
5125	68 
5126	39 
5127	61 
5128	38 
5129	74 
5130	17 
5131	12 
5132	64 
5133	39 
5134	64 
5135	4 
5136	13 
5137	83 
5138	14 
5139	70 
5140	82 
5141	72 
5142	79 
5143	11 
5144	66 
5145	22 
5146	36 
5147	40 
5148	44 
5149	41 
5150	27 
5151	12 
5152	43 
5153	27 
5154	28 
5155	52 
5156	11 
5157	63 
5158	23 
5159	61 
5160	81 
5161	61 
5162	25 
5163	84 
5164	52 
5165	76 
5166	37 
5167	38 
5168	9 
5169	10 
5170	18 
5171	54 
5172	54 
5173	77 
5174	87 
5175	71 
5176	21 
5177	79 
5178	15 
5179	15 
5180	40 
5181	67 
5182	67 
5183	43 
5184	62 
5185	52 
5186	77 
5187	62 
5188	29 
5189	10 
5190	52 
5191	87 
5192	63 
5193	53 
5194	58 
5195	42 
5196	57 
5197	83 
5198	9 
5199	57 
5200	14 
5201	30 
5202	75 
5203	75 
5204	64 
5205	54 
5206	39 
5207	11 
5208	17 
5209	15 
5210	2 
5211	19 
5212	10 
5213	35 
5214	42 
5215	78 
5216	11 
5217	69 
5218	31 
5219	75 
5220	36 
5221	42 
5222	6 
5223	24 
5224	49 
5225	69 
5226	26 
5227	38 
5228	51 
5229	82 
5230	33 
5231	64 
5232	35 
5233	58 
5234	26 
5235	64 
5236	11 
5237	64 
5238	46 
5239	26 
5240	73 
5241	47 
5242	65 
5243	22 
5244	11 
5245	49 
5246	38 
5247	15 
5248	21 
5249	34 
5250	27 
5251	41 
5252	57 
5253	74 
5254	64 
5255	60 
5256	10 
5257	38 
5258	31 
5259	22 
5260	5 
5261	43 
5262	67 
5263	24 
5264	54 
5265	32 
5266	58 
5267	70 
5268	24 
5269	56 
5270	41 
5271	57 
5272	45 
5273	46 
5274	88 
5275	51 
5276	15 
5277	2 
5278	35 
5279	9 
5280	68 
5281	1 
5282	64 
5283	54 
5284	75 
5285	48 
5286	75 
5287	83 
5288	67 
5289	69 
5290	27 
5291	17 
5292	22 
5293	33 
5294	65 
5295	59 
5296	84 
5297	57 
5298	65 
5299	72 
5300	66 
5301	60 
5302	3 
5303	11 
5304	87 
5305	46 
5306	79 
5307	29 
5308	22 
5309	10 
5310	34 
5311	69 
5312	28 
5313	72 
5314	66 
5315	16 
5316	22 
5317	59 
5318	81 
5319	21 
5320	78 
5321	26 
5322	76 
5323	6 
5324	82 
5325	56 
5326	54 
5327	77 
5328	38 
5329	22 
5330	20 
5331	22 
5332	45 
5333	51 
5334	87 
5335	65 
5336	35 
5337	31 
5338	74 
5339	72 
5340	77 
5341	46 
5342	69 
5343	74 
5344	5 
5345	85 
5346	16 
5347	33 
5348	27 
5349	78 
5350	17 
5351	30 
5352	38 
5353	38 
5354	25 
5355	59 
5356	7 
5357	2 
5358	43 
5359	5 
5360	49 
5361	58 
5362	13 
5363	87 
5364	12 
5365	77 
5366	44 
5367	44 
5368	82 
5369	32 
5370	53 
5371	79 
5372	45 
5373	58 
5374	82 
5375	16 
5376	83 
5377	19 
5378	68 
5379	10 
5380	59 
5381	11 
5382	70 
5383	6 
5384	3 
5385	52 
5386	7 
5387	69 
5388	82 
5389	52 
5390	70 
5391	80 
5392	59 
5393	38 
5394	72 
5395	48 
5396	58 
5397	41 
5398	32 
5399	72 
5400	50 
5401	4 
5402	44 
5403	69 
5404	34 
5405	82 
5406	77 
5407	54 
5408	54 
5409	46 
5410	62 
5411	59 
5412	72 
5413	15 
5414	1 
5415	27 
5416	37 
5417	39 
5418	36 
5419	6 
5420	86 
5421	2 
5422	70 
5423	29 
5424	38 
5425	49 
5426	16 
5427	8 
5428	78 
5429	4 
5430	16 
5431	83 
5432	10 
5433	70 
5434	82 
5435	21 
5436	86 
5437	36 
5438	3 
5439	46 
5440	21 
5441	23 
5442	9 
5443	78 
5444	2 
5445	8 
5446	9 
5447	11 
5448	62 
5449	3 
5450	59 
5451	46 
5452	26 
5453	71 
5454	50 
5455	67 
5456	43 
5457	3 
5458	30 
5459	22 
5460	40 
5461	19 
5462	28 
5463	77 
5464	27 
5465	59 
5466	52 
5467	23 
5468	83 
5469	42 
5470	16 
5471	73 
5472	10 
5473	52 
5474	40 
5475	33 
5476	87 
5477	21 
5478	68 
5479	30 
5480	73 
5481	40 
5482	56 
5483	42 
5484	87 
5485	41 
5486	5 
5487	52 
5488	41 
5489	38 
5490	73 
5491	26 
5492	10 
5493	4 
5494	68 
5495	78 
5496	53 
5497	67 
5498	53 
5499	16 
5500	64 
5501	61 
5502	35 
5503	72 
5504	76 
5505	86 
5506	27 
5507	69 
5508	17 
5509	38 
5510	78 
5511	45 
5512	53 
5513	43 
5514	44 
5515	48 
5516	70 
5517	11 
5518	88 
5519	37 
5520	71 
5521	52 
5522	7 
5523	71 
5524	33 
5525	76 
5526	35 
5527	72 
5528	81 
5529	48 
5530	29 
5531	82 
5532	10 
5533	16 
5534	70 
5535	61 
5536	62 
5537	69 
5538	21 
5539	37 
5540	39 
5541	30 
5542	22 
5543	28 
5544	73 
5545	10 
5546	9 
5547	39 
5548	77 
5549	11 
5550	75 
5551	67 
5552	79 
5553	3 
5554	37 
5555	22 
5556	13 
5557	13 
5558	9 
5559	69 
5560	66 
5561	11 
5562	83 
5563	15 
5564	85 
5565	49 
5566	31 
5567	79 
5568	29 
5569	8 
5570	17 
5571	8 
5572	24 
5573	87 
5574	41 
5575	68 
5576	31 
5577	86 
5578	16 
5579	43 
5580	86 
5581	9 
5582	28 
5583	29 
5584	52 
5585	79 
5586	68 
5587	72 
5588	17 
5589	22 
5590	84 
5591	47 
5592	46 
5593	5 
5594	39 
5595	54 
5596	67 
5597	80 
5598	88 
5599	88 
5600	56 
5601	13 
5602	73 
5603	24 
5604	48 
5605	68 
5606	37 
5607	15 
5608	25 
5609	38 
5610	63 
5611	15 
5612	10 
5613	31 
5614	45 
5615	33 
5616	72 
5617	36 
5618	29 
5619	76 
5620	59 
5621	7 
5622	74 
5623	45 
5624	6 
5625	16 
5626	65 
5627	69 
5628	57 
5629	37 
5630	46 
5631	80 
5632	44 
5633	67 
5634	49 
5635	46 
5636	27 
5637	24 
5638	16 
5639	77 
5640	62 
5641	67 
5642	33 
5643	2 
5644	28 
5645	25 
5646	16 
5647	63 
5648	63 
5649	26 
5650	80 
5651	66 
5652	11 
5653	73 
5654	61 
5655	58 
5656	67 
5657	17 
5658	59 
5659	76 
5660	37 
5661	53 
5662	80 
5663	74 
5664	1 
5665	46 
5666	62 
5667	48 
5668	34 
5669	56 
5670	58 
5671	25 
5672	80 
5673	6 
5674	69 
5675	1 
5676	56 
5677	46 
5678	63 
5679	31 
5680	34 
5681	28 
5682	20 
5683	79 
5684	19 
5685	5 
5686	38 
5687	27 
5688	76 
5689	2 
5690	80 
5691	57 
5692	25 
5693	15 
5694	45 
5695	43 
5696	4 
5697	35 
5698	32 
5699	83 
5700	44 
5701	52 
5702	37 
5703	46 
5704	21 
5705	25 
5706	7 
5707	75 
5708	36 
5709	49 
5710	30 
5711	83 
5712	20 
5713	3 
5714	20 
5715	56 
5716	74 
5717	86 
5718	12 
5719	71 
5720	77 
5721	86 
5722	79 
5723	38 
5724	7 
5725	86 
5726	76 
5727	11 
5728	32 
5729	22 
5730	41 
5731	21 
5732	87 
5733	41 
5734	26 
5735	29 
5736	31 
5737	9 
5738	64 
5739	44 
5740	88 
5741	8 
5742	37 
5743	21 
5744	46 
5745	67 
5746	42 
5747	34 
5748	45 
5749	4 
5750	76 
5751	37 
5752	68 
5753	39 
5754	87 
5755	58 
5756	59 
5757	34 
5758	9 
5759	67 
5760	84 
5761	44 
5762	41 
5763	21 
5764	44 
5765	6 
5766	21 
5767	73 
5768	15 
5769	4 
5770	29 
5771	9 
5772	9 
5773	6 
5774	69 
5775	41 
5776	61 
5777	11 
5778	69 
5779	11 
5780	73 
5781	69 
5782	4 
5783	11 
5784	28 
5785	9 
5786	55 
5787	16 
5788	17 
5789	25 
5790	10 
5791	40 
5792	46 
5793	71 
5794	29 
5795	53 
5796	29 
5797	24 
5798	18 
5799	81 
5800	78 
5801	70 
5802	30 
5803	15 
5804	47 
5805	59 
5806	40 
5807	6 
5808	55 
5809	84 
5810	59 
5811	78 
5812	19 
5813	34 
5814	22 
5815	67 
5816	50 
5817	71 
5818	3 
5819	58 
5820	58 
5821	47 
5822	50 
5823	78 
5824	76 
5825	22 
5826	26 
5827	58 
5828	62 
5829	12 
5830	34 
5831	67 
5832	70 
5833	41 
5834	66 
5835	39 
5836	78 
5837	70 
5838	14 
5839	58 
5840	38 
5841	57 
5842	50 
5843	77 
5844	18 
5845	82 
5846	3 
5847	48 
5848	74 
5849	70 
5850	29 
5851	36 
5852	46 
5853	27 
5854	13 
5855	42 
5856	71 
5857	45 
5858	30 
5859	45 
5860	28 
5861	21 
5862	53 
5863	86 
5864	64 
5865	21 
5866	67 
5867	79 
5868	11 
5869	75 
5870	45 
5871	36 
5872	87 
5873	48 
5874	34 
5875	60 
5876	52 
5877	45 
5878	13 
5879	22 
5880	5 
5881	9 
5882	70 
5883	63 
5884	11 
5885	40 
5886	5 
5887	32 
5888	83 
5889	11 
5890	64 
5891	66 
5892	57 
5893	65 
5894	52 
5895	61 
5896	51 
5897	32 
5898	86 
5899	1 
5900	66 
5901	22 
5902	28 
5903	1 
5904	82 
5905	37 
5906	6 
5907	48 
5908	15 
5909	7 
5910	2 
5911	49 
5912	68 
5913	17 
5914	6 
5915	3 
5916	86 
5917	22 
5918	82 
5919	6 
5920	74 
5921	74 
5922	56 
5923	59 
5924	21 
5925	31 
5926	80 
5927	84 
5928	76 
5929	51 
5930	84 
5931	58 
5932	52 
5933	41 
5934	71 
5935	68 
5936	16 
5937	67 
5938	86 
5939	68 
5940	40 
5941	65 
5942	43 
5943	11 
5944	21 
5945	19 
5946	46 
5947	83 
5948	28 
5949	52 
5950	19 
5951	49 
5952	16 
5953	29 
5954	69 
5955	63 
5956	78 
5957	11 
5958	1 
5959	58 
5960	3 
5961	63 
5962	64 
5963	12 
5964	70 
5965	69 
5966	83 
5967	88 
5968	7 
5969	54 
5970	15 
5971	73 
5972	14 
5973	35 
5974	74 
5975	27 
5976	9 
5977	74 
5978	21 
5979	66 
5980	84 
5981	14 
5982	54 
5983	41 
5984	4 
5985	9 
5986	26 
5987	28 
5988	88 
5989	70 
5990	46 
5991	77 
5992	86 
5993	44 
5994	16 
5995	10 
5996	23 
5997	11 
5998	41 
5999	50 
6000	36 
6001	20 
6002	19 
6003	69 
6004	47 
6005	66 
6006	67 
6007	10 
6008	34 
6009	22 
6010	30 
6011	8 
6012	65 
6013	77 
6014	8 
6015	3 
6016	44 
6017	23 
6018	32 
6019	50 
6020	13 
6021	84 
6022	16 
6023	69 
6024	80 
6025	34 
6026	64 
6027	54 
6028	83 
6029	11 
6030	69 
6031	11 
6032	26 
6033	84 
6034	34 
6035	18 
6036	32 
6037	56 
6038	15 
6039	50 
6040	10 
6041	43 
6042	2 
6043	70 
6044	58 
6045	26 
6046	69 
6047	58 
6048	35 
6049	25 
6050	29 
6051	33 
6052	62 
6053	82 
6054	35 
6055	80 
6056	23 
6057	7 
6058	36 
6059	24 
6060	58 
6061	31 
6062	78 
6063	18 
6064	70 
6065	80 
6066	5 
6067	51 
6068	29 
6069	19 
6070	12 
6071	8 
6072	11 
6073	11 
6074	37 
6075	45 
6076	15 
6077	59 
6078	32 
6079	39 
6080	83 
6081	51 
6082	7 
6083	70 
6084	22 
6085	49 
6086	71 
6087	47 
6088	58 
6089	75 
6090	59 
6091	27 
6092	24 
6093	64 
6094	12 
6095	52 
6096	70 
6097	29 
6098	86 
6099	56 
6100	31 
6101	28 
6102	45 
6103	38 
6104	61 
6105	31 
6106	64 
6107	11 
6108	51 
6109	35 
6110	19 
6111	76 
6112	67 
6113	22 
6114	84 
6115	30 
6116	42 
6117	16 
6118	68 
6119	42 
6120	56 
6121	26 
6122	75 
6123	25 
6124	75 
6125	88 
6126	52 
6127	40 
6128	36 
6129	64 
6130	23 
6131	57 
6132	70 
6133	58 
6134	58 
6135	86 
6136	76 
6137	21 
6138	55 
6139	52 
6140	5 
6141	25 
6142	60 
6143	76 
6144	14 
6145	67 
6146	16 
6147	73 
6148	77 
6149	30 
6150	48 
6151	8 
6152	82 
6153	13 
6154	16 
6155	18 
6156	20 
6157	4 
6158	36 
6159	1 
6160	60 
6161	71 
6162	63 
6163	47 
6164	42 
6165	7 
6166	74 
6167	26 
6168	46 
6169	29 
6170	24 
6171	79 
6172	70 
6173	34 
6174	16 
6175	28 
6176	58 
6177	21 
6178	40 
6179	37 
6180	15 
6181	14 
6182	20 
6183	43 
6184	19 
6185	67 
6186	62 
6187	35 
6188	61 
6189	48 
6190	8 
6191	76 
6192	10 
6193	13 
6194	74 
6195	86 
6196	54 
6197	9 
6198	30 
6199	74 
6200	67 
6201	70 
6202	65 
6203	70 
6204	41 
6205	7 
6206	17 
6207	34 
6208	74 
6209	3 
6210	11 
6211	4 
6212	1 
6213	20 
6214	23 
6215	51 
6216	35 
6217	67 
6218	26 
6219	42 
6220	66 
6221	49 
6222	71 
6223	54 
6224	66 
6225	23 
6226	2 
6227	74 
6228	87 
6229	74 
6230	78 
6231	67 
6232	26 
6233	82 
6234	30 
6235	54 
6236	24 
6237	82 
6238	67 
6239	29 
6240	62 
6241	83 
6242	74 
6243	67 
6244	5 
6245	27 
6246	10 
6247	77 
6248	35 
6249	71 
6250	37 
6251	77 
6252	19 
6253	3 
6254	58 
6255	25 
6256	27 
6257	86 
6258	41 
6259	87 
6260	20 
6261	72 
6262	81 
6263	10 
6264	53 
6265	40 
6266	16 
6267	39 
6268	62 
6269	66 
6270	85 
6271	57 
6272	39 
6273	15 
6274	28 
6275	6 
6276	50 
6277	42 
6278	88 
6279	86 
6280	70 
6281	3 
6282	10 
6283	62 
6284	5 
6285	44 
6286	78 
6287	25 
6288	39 
6289	81 
6290	44 
6291	23 
6292	87 
6293	39 
6294	36 
6295	16 
6296	53 
6297	54 
6298	16 
6299	25 
6300	66 
6301	24 
6302	49 
6303	31 
6304	86 
6305	76 
6306	37 
6307	22 
6308	54 
6309	81 
6310	80 
6311	74 
6312	24 
6313	72 
6314	1 
6315	35 
6316	41 
6317	12 
6318	44 
6319	19 
6320	25 
6321	39 
6322	50 
6323	19 
6324	38 
6325	77 
6326	20 
6327	61 
6328	67 
6329	27 
6330	79 
6331	10 
6332	60 
6333	80 
6334	60 
6335	70 
6336	79 
6337	78 
6338	30 
6339	10 
6340	50 
6341	48 
6342	17 
6343	62 
6344	58 
6345	81 
6346	49 
6347	22 
6348	88 
6349	24 
6350	62 
6351	79 
6352	87 
6353	71 
6354	29 
6355	82 
6356	51 
6357	59 
6358	87 
6359	66 
6360	11 
6361	87 
6362	69 
6363	4 
6364	70 
6365	35 
6366	85 
6367	10 
6368	84 
6369	21 
6370	80 
6371	47 
6372	22 
6373	49 
6374	8 
6375	35 
6376	36 
6377	73 
6378	84 
6379	39 
6380	74 
6381	10 
6382	44 
6383	21 
6384	24 
6385	78 
6386	44 
6387	21 
6388	64 
6389	37 
6390	52 
6391	11 
6392	40 
6393	39 
6394	31 
6395	53 
6396	2 
6397	59 
6398	28 
6399	76 
6400	82 
6401	61 
6402	82 
6403	31 
6404	17 
6405	12 
6406	72 
6407	77 
6408	64 
6409	27 
6410	82 
6411	53 
6412	63 
6413	46 
6414	84 
6415	77 
6416	79 
6417	5 
6418	81 
6419	40 
6420	54 
6421	70 
6422	77 
6423	84 
6424	28 
6425	77 
6426	12 
6427	66 
6428	31 
6429	11 
6430	79 
6431	62 
6432	44 
6433	66 
6434	22 
6435	37 
6436	82 
6437	34 
6438	66 
6439	29 
6440	39 
6441	79 
6442	76 
6443	24 
6444	25 
6445	70 
6446	33 
6447	47 
6448	85 
6449	84 
6450	27 
6451	64 
6452	32 
6453	28 
6454	70 
6455	58 
6456	34 
6457	50 
6458	22 
6459	2 
6460	43 
6461	19 
6462	47 
6463	70 
6464	55 
6465	67 
6466	69 
6467	78 
6468	85 
6469	83 
6470	15 
6471	29 
6472	26 
6473	54 
6474	22 
6475	29 
6476	76 
6477	74 
6478	1 
6479	76 
6480	18 
6481	12 
6482	43 
6483	33 
6484	53 
6485	24 
6486	27 
6487	8 
6488	21 
6489	30 
6490	68 
6491	53 
6492	7 
6493	77 
6494	13 
6495	54 
6496	44 
6497	70 
6498	87 
6499	28 
6500	64 
6501	34 
6502	58 
6503	27 
6504	37 
6505	9 
6506	6 
6507	42 
6508	28 
6509	12 
6510	52 
6511	2 
6512	41 
6513	26 
6514	33 
6515	9 
6516	65 
6517	70 
6518	62 
6519	8 
6520	56 
6521	82 
6522	81 
6523	54 
6524	54 
6525	69 
6526	32 
6527	28 
6528	69 
6529	62 
6530	68 
6531	20 
6532	17 
6533	77 
6534	52 
6535	61 
6536	73 
6537	27 
6538	48 
6539	83 
6540	68 
6541	84 
6542	45 
6543	15 
6544	7 
6545	14 
6546	45 
6547	26 
6548	63 
6549	44 
6550	63 
6551	53 
6552	6 
6553	86 
6554	50 
6555	54 
6556	69 
6557	88 
6558	59 
6559	2 
6560	57 
6561	15 
6562	14 
6563	39 
6564	65 
6565	82 
6566	40 
6567	56 
6568	29 
6569	14 
6570	26 
6571	33 
6572	67 
6573	19 
6574	45 
6575	29 
6576	47 
6577	84 
6578	19 
6579	36 
6580	55 
6581	50 
6582	42 
6583	39 
6584	26 
6585	53 
6586	50 
6587	47 
6588	58 
6589	10 
6590	18 
6591	39 
6592	69 
6593	33 
6594	74 
6595	26 
6596	29 
6597	44 
6598	26 
6599	41 
6600	77 
6601	66 
6602	73 
6603	8 
6604	29 
6605	58 
6606	52 
6607	58 
6608	70 
6609	65 
6610	11 
6611	45 
6612	78 
6613	10 
6614	3 
6615	66 
6616	10 
6617	19 
6618	40 
6619	75 
6620	66 
6621	2 
6622	2 
6623	30 
6624	82 
6625	65 
6626	71 
6627	57 
6628	68 
6629	5 
6630	58 
6631	72 
6632	43 
6633	37 
6634	42 
6635	82 
6636	69 
6637	27 
6638	59 
6639	50 
6640	60 
6641	53 
6642	27 
6643	74 
6644	10 
6645	22 
6646	38 
6647	45 
6648	87 
6649	31 
6650	65 
6651	86 
6652	88 
6653	4 
6654	40 
6655	76 
6656	64 
6657	71 
6658	59 
6659	67 
6660	34 
6661	50 
6662	48 
6663	31 
6664	78 
6665	27 
6666	59 
6667	59 
6668	59 
6669	47 
6670	19 
6671	60 
6672	75 
6673	25 
6674	75 
6675	78 
6676	9 
6677	9 
6678	35 
6679	27 
6680	53 
6681	80 
6682	80 
6683	72 
6684	61 
6685	88 
6686	52 
6687	88 
6688	50 
6689	29 
6690	52 
6691	54 
6692	51 
6693	31 
6694	55 
6695	43 
6696	15 
6697	28 
6698	30 
6699	35 
6700	45 
6701	51 
6702	85 
6703	1 
6704	78 
6705	55 
6706	20 
6707	41 
6708	10 
6709	66 
6710	9 
6711	88 
6712	64 
6713	39 
6714	27 
6715	11 
6716	84 
6717	69 
6718	27 
6719	52 
6720	81 
6721	11 
6722	70 
6723	47 
6724	28 
6725	7 
6726	12 
6727	56 
6728	16 
6729	67 
6730	66 
6731	50 
6732	3 
6733	5 
6734	63 
6735	68 
6736	66 
6737	71 
6738	64 
6739	41 
6740	66 
6741	26 
6742	29 
6743	80 
6744	79 
6745	79 
6746	30 
6747	28 
6748	49 
6749	1 
6750	88 
6751	82 
6752	30 
6753	73 
6754	16 
6755	11 
6756	15 
6757	70 
6758	87 
6759	59 
6760	23 
6761	77 
6762	9 
6763	65 
6764	74 
6765	1 
6766	79 
6767	50 
6768	45 
6769	57 
6770	55 
6771	78 
6772	40 
6773	16 
6774	47 
6775	84 
6776	27 
6777	59 
6778	73 
6779	38 
6780	53 
6781	72 
6782	60 
6783	28 
6784	86 
6785	83 
6786	44 
6787	69 
6788	69 
6789	56 
6790	15 
6791	14 
6792	7 
6793	83 
6794	28 
6795	43 
6796	50 
6797	16 
6798	3 
6799	53 
6800	52 
6801	12 
6802	79 
6803	15 
6804	50 
6805	86 
6806	42 
6807	12 
6808	28 
6809	74 
6810	1 
6811	36 
6812	55 
6813	29 
6814	62 
6815	29 
6816	77 
6817	22 
6818	17 
6819	39 
6820	52 
6821	56 
6822	77 
6823	45 
6824	62 
6825	47 
6826	22 
6827	39 
6828	70 
6829	87 
6830	41 
6831	20 
6832	42 
6833	85 
6834	17 
6835	12 
6836	12 
6837	76 
6838	82 
6839	51 
6840	33 
6841	2 
6842	47 
6843	29 
6844	2 
6845	56 
6846	52 
6847	58 
6848	18 
6849	30 
6850	57 
6851	29 
6852	5 
6853	20 
6854	69 
6855	17 
6856	18 
6857	83 
6858	88 
6859	38 
6860	64 
6861	46 
6862	88 
6863	51 
6864	64 
6865	43 
6866	82 
6867	38 
6868	67 
6869	76 
6870	36 
6871	45 
6872	3 
6873	7 
6874	8 
6875	7 
6876	76 
6877	53 
6878	75 
6879	53 
6880	18 
6881	24 
6882	80 
6883	86 
6884	64 
6885	59 
6886	78 
6887	79 
6888	21 
6889	16 
6890	43 
6891	87 
6892	49 
6893	38 
6894	74 
6895	84 
6896	42 
6897	45 
6898	36 
6899	54 
6900	19 
6901	34 
6902	82 
6903	61 
6904	25 
6905	8 
6906	66 
6907	34 
6908	27 
6909	85 
6910	43 
6911	42 
6912	50 
6913	4 
6914	30 
6915	29 
6916	23 
6917	41 
6918	11 
6919	43 
6920	53 
6921	35 
6922	56 
6923	8 
6924	52 
6925	51 
6926	81 
6927	45 
6928	74 
6929	26 
6930	69 
6931	65 
6932	82 
6933	68 
6934	60 
6935	8 
6936	29 
6937	72 
6938	8 
6939	36 
6940	43 
6941	40 
6942	34 
6943	39 
6944	65 
6945	12 
6946	77 
6947	43 
6948	50 
6949	9 
6950	84 
6951	9 
6952	17 
6953	38 
6954	14 
6955	20 
6956	22 
6957	20 
6958	57 
6959	70 
6960	81 
6961	59 
6962	56 
6963	36 
6964	33 
6965	85 
6966	86 
6967	64 
6968	21 
6969	40 
6970	19 
6971	70 
6972	36 
6973	1 
6974	37 
6975	77 
6976	17 
6977	5 
6978	42 
6979	4 
6980	3 
6981	48 
6982	21 
6983	50 
6984	43 
6985	20 
6986	37 
6987	71 
6988	50 
6989	49 
6990	11 
6991	4 
6992	13 
6993	52 
6994	19 
6995	49 
6996	49 
6997	28 
6998	77 
6999	21 
7000	72 
7001	59 
7002	80 
7003	82 
7004	65 
7005	88 
7006	58 
7007	30 
7008	79 
7009	2 
7010	31 
7011	87 
7012	1 
7013	4 
7014	50 
7015	5 
7016	52 
7017	29 
7018	16 
7019	86 
7020	76 
7021	6 
7022	71 
7023	8 
7024	28 
7025	45 
7026	86 
7027	86 
7028	10 
7029	36 
7030	71 
7031	64 
7032	68 
7033	83 
7034	70 
7035	69 
7036	2 
7037	8 
7038	35 
7039	24 
7040	59 
7041	84 
7042	35 
7043	80 
7044	48 
7045	79 
7046	60 
7047	65 
7048	62 
7049	26 
7050	9 
7051	3 
7052	19 
7053	36 
7054	17 
7055	54 
7056	34 
7057	12 
7058	73 
7059	58 
7060	53 
7061	43 
7062	32 
7063	41 
7064	13 
7065	16 
7066	13 
7067	35 
7068	56 
7069	54 
7070	41 
7071	22 
7072	29 
7073	62 
7074	8 
7075	10 
7076	16 
7077	59 
7078	84 
7079	43 
7080	82 
7081	15 
7082	6 
7083	51 
7084	29 
7085	45 
7086	10 
7087	57 
7088	41 
7089	80 
7090	83 
7091	26 
7092	27 
7093	60 
7094	13 
7095	69 
7096	22 
7097	35 
7098	2 
7099	70 
7100	36 
7101	82 
7102	75 
7103	1 
7104	53 
7105	21 
7106	74 
7107	61 
7108	59 
7109	28 
7110	71 
7111	2 
7112	67 
7113	69 
7114	3 
7115	1 
7116	13 
7117	8 
7118	22 
7119	83 
7120	76 
7121	10 
7122	11 
7123	16 
7124	21 
7125	10 
7126	15 
7127	40 
7128	63 
7129	2 
7130	75 
7131	84 
7132	87 
7133	43 
7134	48 
7135	43 
7136	71 
7137	78 
7138	60 
7139	28 
7140	62 
7141	36 
7142	3 
7143	38 
7144	65 
7145	22 
7146	8 
7147	72 
7148	19 
7149	80 
7150	45 
7151	39 
7152	78 
7153	35 
7154	87 
7155	57 
7156	1 
7157	42 
7158	82 
7159	50 
7160	65 
7161	33 
7162	68 
7163	58 
7164	18 
7165	38 
7166	10 
7167	57 
7168	80 
7169	58 
7170	42 
7171	83 
7172	45 
7173	27 
7174	47 
7175	35 
7176	12 
7177	36 
7178	20 
7179	86 
7180	49 
7181	83 
7182	41 
7183	87 
7184	14 
7185	39 
7186	61 
7187	71 
7188	77 
7189	61 
7190	44 
7191	50 
7192	59 
7193	71 
7194	38 
7195	43 
7196	45 
7197	6 
7198	71 
7199	20 
7200	79 
7201	28 
7202	33 
7203	4 
7204	17 
7205	44 
7206	34 
7207	59 
7208	43 
7209	56 
7210	43 
7211	3 
7212	19 
7213	18 
7214	48 
7215	75 
7216	62 
7217	68 
7218	1 
7219	79 
7220	33 
7221	17 
7222	31 
7223	43 
7224	46 
7225	79 
7226	16 
7227	5 
7228	82 
7229	71 
7230	83 
7231	64 
7232	56 
7233	10 
7234	34 
7235	40 
7236	85 
7237	56 
7238	28 
7239	31 
7240	29 
7241	49 
7242	59 
7243	25 
7244	44 
7245	34 
7246	70 
7247	87 
7248	55 
7249	54 
7250	34 
7251	67 
7252	40 
7253	2 
7254	22 
7255	18 
7256	15 
7257	44 
7258	21 
7259	52 
7260	50 
7261	61 
7262	4 
7263	39 
7264	34 
7265	84 
7266	87 
7267	29 
7268	20 
7269	29 
7270	36 
7271	28 
7272	52 
7273	16 
7274	35 
7275	49 
7276	71 
7277	64 
7278	75 
7279	77 
7280	54 
7281	44 
7282	67 
7283	47 
7284	2 
7285	15 
7286	12 
7287	22 
7288	21 
7289	67 
7290	15 
7291	76 
7292	80 
7293	25 
7294	25 
7295	34 
7296	30 
7297	81 
7298	82 
7299	67 
7300	47 
7301	77 
7302	4 
7303	44 
7304	85 
7305	12 
7306	23 
7307	7 
7308	51 
7309	48 
7310	18 
7311	25 
7312	27 
7313	42 
7314	46 
7315	64 
7316	78 
7317	64 
7318	43 
7319	27 
7320	54 
7321	34 
7322	25 
7323	11 
7324	63 
7325	29 
7326	69 
7327	78 
7328	50 
7329	49 
7330	75 
7331	84 
7332	42 
7333	3 
7334	65 
7335	40 
7336	38 
7337	51 
7338	12 
7339	58 
7340	78 
7341	19 
7342	54 
7343	5 
7344	55 
7345	79 
7346	25 
7347	52 
7348	10 
7349	30 
7350	17 
7351	62 
7352	22 
7353	82 
7354	44 
7355	26 
7356	26 
7357	62 
7358	67 
7359	6 
7360	37 
7361	37 
7362	53 
7363	38 
7364	25 
7365	70 
7366	36 
7367	15 
7368	81 
7369	20 
7370	59 
7371	82 
7372	11 
7373	3 
7374	7 
7375	20 
7376	59 
7377	69 
7378	29 
7379	58 
7380	14 
7381	62 
7382	44 
7383	14 
7384	31 
7385	27 
7386	62 
7387	2 
7388	76 
7389	42 
7390	64 
7391	63 
7392	61 
7393	61 
7394	57 
7395	24 
7396	15 
7397	70 
7398	26 
7399	60 
7400	36 
7401	27 
7402	18 
7403	19 
7404	21 
7405	70 
7406	28 
7407	43 
7408	71 
7409	3 
7410	17 
7411	21 
7412	59 
7413	39 
7414	36 
7415	7 
7416	81 
7417	32 
7418	73 
7419	30 
7420	15 
7421	59 
7422	43 
7423	86 
7424	1 
7425	65 
7426	55 
7427	45 
7428	37 
7429	14 
7430	42 
7431	63 
7432	49 
7433	12 
7434	35 
7435	62 
7436	53 
7437	51 
7438	48 
7439	80 
7440	64 
7441	39 
7442	22 
7443	86 
7444	12 
7445	38 
7446	44 
7447	72 
7448	34 
7449	56 
7450	34 
7451	84 
7452	19 
7453	22 
7454	67 
7455	44 
7456	22 
7457	48 
7458	48 
7459	22 
7460	70 
7461	35 
7462	23 
7463	69 
7464	9 
7465	9 
7466	36 
7467	16 
7468	74 
7469	87 
7470	1 
7471	53 
7472	63 
7473	30 
7474	36 
7475	5 
7476	5 
7477	38 
7478	53 
7479	8 
7480	1 
7481	9 
7482	5 
7483	79 
7484	34 
7485	46 
7486	39 
7487	74 
7488	46 
7489	14 
7490	84 
7491	23 
7492	66 
7493	13 
7494	40 
7495	58 
7496	78 
7497	7 
7498	41 
7499	36 
7500	32 
7501	87 
7502	84 
7503	25 
7504	18 
7505	20 
7506	67 
7507	25 
7508	42 
7509	62 
7510	41 
7511	22 
7512	69 
7513	81 
7514	59 
7515	9 
7516	10 
7517	47 
7518	2 
7519	72 
7520	70 
7521	3 
7522	21 
7523	54 
7524	88 
7525	34 
7526	85 
7527	68 
7528	48 
7529	31 
7530	65 
7531	66 
7532	40 
7533	22 
7534	6 
7535	88 
7536	10 
7537	12 
7538	16 
7539	14 
7540	9 
7541	66 
7542	32 
7543	88 
7544	34 
7545	51 
7546	20 
7547	30 
7548	77 
7549	80 
7550	26 
7551	38 
7552	78 
7553	15 
7554	18 
7555	53 
7556	71 
7557	84 
7558	74 
7559	58 
7560	15 
7561	79 
7562	1 
7563	79 
7564	38 
7565	7 
7566	45 
7567	77 
7568	11 
7569	59 
7570	6 
7571	49 
7572	28 
7573	73 
7574	49 
7575	37 
7576	54 
7577	83 
7578	66 
7579	75 
7580	2 
7581	9 
7582	49 
7583	22 
7584	30 
7585	29 
7586	29 
7587	85 
7588	11 
7589	74 
7590	82 
7591	46 
7592	8 
7593	87 
7594	58 
7595	76 
7596	51 
7597	73 
7598	72 
7599	69 
7600	20 
7601	61 
7602	42 
7603	39 
7604	34 
7605	33 
7606	38 
7607	4 
7608	87 
7609	24 
7610	86 
7611	5 
7612	84 
7613	16 
7614	50 
7615	64 
7616	54 
7617	29 
7618	10 
7619	20 
7620	87 
7621	65 
7622	12 
7623	63 
7624	77 
7625	87 
7626	74 
7627	68 
7628	55 
7629	61 
7630	18 
7631	23 
7632	75 
7633	42 
7634	25 
7635	20 
7636	32 
7637	1 
7638	73 
7639	27 
7640	21 
7641	71 
7642	27 
7643	60 
7644	6 
7645	74 
7646	55 
7647	49 
7648	10 
7649	57 
7650	47 
7651	59 
7652	63 
7653	40 
7654	49 
7655	70 
7656	65 
7657	37 
7658	6 
7659	86 
7660	18 
7661	49 
7662	73 
7663	81 
7664	83 
7665	77 
7666	64 
7667	84 
7668	37 
7669	31 
7670	25 
7671	67 
7672	52 
7673	10 
7674	27 
7675	40 
7676	72 
7677	1 
7678	6 
7679	26 
7680	81 
7681	88 
7682	50 
7683	78 
7684	22 
7685	88 
7686	34 
7687	44 
7688	52 
7689	54 
7690	16 
7691	81 
7692	25 
7693	36 
7694	20 
7695	76 
7696	5 
7697	30 
7698	74 
7699	56 
7700	26 
7701	73 
7702	71 
7703	15 
7704	77 
7705	71 
7706	43 
7707	75 
7708	32 
7709	63 
7710	62 
7711	82 
7712	80 
7713	55 
7714	80 
7715	54 
7716	72 
7717	5 
7718	84 
7719	79 
7720	32 
7721	1 
7722	15 
7723	11 
7724	30 
7725	44 
7726	9 
7727	8 
7728	15 
7729	57 
7730	18 
7731	71 
7732	17 
7733	8 
7734	83 
7735	37 
7736	45 
7737	49 
7738	50 
7739	40 
7740	55 
7741	84 
7742	88 
7743	63 
7744	48 
7745	70 
7746	74 
7747	59 
7748	24 
7749	78 
7750	27 
7751	14 
7752	42 
7753	20 
7754	1 
7755	11 
7756	31 
7757	25 
7758	65 
7759	10 
7760	88 
7761	40 
7762	88 
7763	52 
7764	29 
7765	41 
7766	5 
7767	79 
7768	69 
7769	65 
7770	48 
7771	54 
7772	58 
7773	79 
7774	20 
7775	56 
7776	88 
7777	18 
7778	38 
7779	42 
7780	25 
7781	36 
7782	1 
7783	59 
7784	43 
7785	36 
7786	75 
7787	51 
7788	4 
7789	19 
7790	52 
7791	70 
7792	44 
7793	67 
7794	50 
7795	56 
7796	51 
7797	68 
7798	49 
7799	36 
7800	46 
7801	84 
7802	44 
7803	23 
7804	71 
7805	77 
7806	21 
7807	15 
7808	10 
7809	42 
7810	74 
7811	17 
7812	83 
7813	82 
7814	37 
7815	2 
7816	9 
7817	51 
7818	44 
7819	32 
7820	44 
7821	65 
7822	16 
7823	7 
7824	81 
7825	82 
7826	64 
7827	7 
7828	63 
7829	80 
7830	83 
7831	46 
7832	80 
7833	1 
7834	62 
7835	41 
7836	41 
7837	34 
7838	2 
7839	38 
7840	57 
7841	21 
7842	35 
7843	23 
7844	78 
7845	73 
7846	13 
7847	34 
7848	22 
7849	80 
7850	67 
7851	69 
7852	38 
7853	57 
7854	67 
7855	37 
7856	82 
7857	25 
7858	10 
7859	17 
7860	31 
7861	9 
7862	54 
7863	44 
7864	38 
7865	6 
7866	29 
7867	30 
7868	40 
7869	20 
7870	86 
7871	75 
7872	60 
7873	76 
7874	28 
7875	4 
7876	39 
7877	13 
7878	12 
7879	76 
7880	26 
7881	36 
7882	62 
7883	60 
7884	40 
7885	58 
7886	75 
7887	52 
7888	36 
7889	87 
7890	50 
7891	64 
7892	11 
7893	64 
7894	3 
7895	24 
7896	57 
7897	25 
7898	60 
7899	53 
7900	82 
7901	79 
7902	6 
7903	73 
7904	70 
7905	50 
7906	15 
7907	80 
7908	38 
7909	75 
7910	22 
7911	14 
7912	29 
7913	53 
7914	67 
7915	56 
7916	69 
7917	3 
7918	27 
7919	28 
7920	83 
7921	76 
7922	24 
7923	72 
7924	11 
7925	10 
7926	73 
7927	40 
7928	29 
7929	50 
7930	37 
7931	72 
7932	69 
7933	48 
7934	64 
7935	49 
7936	31 
7937	80 
7938	14 
7939	25 
7940	32 
7941	48 
7942	49 
7943	71 
7944	76 
7945	7 
7946	21 
7947	67 
7948	38 
7949	37 
7950	23 
7951	88 
7952	55 
7953	78 
7954	79 
7955	40 
7956	11 
7957	46 
7958	6 
7959	16 
7960	30 
7961	18 
7962	3 
7963	86 
7964	74 
7965	84 
7966	56 
7967	84 
7968	30 
7969	52 
7970	52 
7971	18 
7972	13 
7973	40 
7974	19 
7975	49 
7976	48 
7977	16 
7978	4 
7979	33 
7980	8 
7981	1 
7982	83 
7983	29 
7984	44 
7985	57 
7986	17 
7987	37 
7988	27 
7989	41 
7990	66 
7991	17 
7992	33 
7993	82 
7994	37 
7995	63 
7996	59 
7997	50 
7998	38 
7999	52 
8000	45 
8001	1 
8002	69 
8003	55 
8004	10 
8005	66 
8006	73 
8007	58 
8008	53 
8009	13 
8010	37 
8011	14 
8012	25 
8013	72 
8014	74 
8015	29 
8016	77 
8017	82 
8018	69 
8019	18 
8020	12 
8021	42 
8022	84 
8023	78 
8024	55 
8025	65 
8026	36 
8027	33 
8028	27 
8029	77 
8030	42 
8031	7 
8032	1 
8033	59 
8034	40 
8035	5 
8036	3 
8037	38 
8038	62 
8039	45 
8040	76 
8041	68 
8042	24 
8043	82 
8044	23 
8045	55 
8046	86 
8047	22 
8048	73 
8049	37 
8050	60 
8051	22 
8052	38 
8053	40 
8054	29 
8055	69 
8056	19 
8057	2 
8058	87 
8059	16 
8060	54 
8061	29 
8062	64 
8063	19 
8064	74 
8065	37 
8066	30 
8067	45 
8068	66 
8069	12 
8070	82 
8071	34 
8072	22 
8073	50 
8074	52 
8075	55 
8076	88 
8077	63 
8078	69 
8079	29 
8080	85 
8081	78 
8082	69 
8083	3 
8084	38 
8085	62 
8086	59 
8087	74 
8088	79 
8089	20 
8090	52 
8091	67 
8092	59 
8093	64 
8094	18 
8095	69 
8096	29 
8097	81 
8098	46 
8099	54 
8100	36 
8101	48 
8102	13 
8103	48 
8104	22 
8105	86 
8106	43 
8107	82 
8108	59 
8109	40 
8110	77 
8111	50 
8112	82 
8113	32 
8114	36 
8115	31 
8116	58 
8117	51 
8118	84 
8119	3 
8120	12 
8121	72 
8122	53 
8123	40 
8124	56 
8125	82 
8126	56 
8127	67 
8128	15 
8129	3 
8130	49 
8131	43 
8132	28 
8133	31 
8134	48 
8135	22 
8136	64 
8137	56 
8138	49 
8139	7 
8140	81 
8141	7 
8142	4 
8143	71 
8144	75 
8145	1 
8146	54 
8147	31 
8148	59 
8149	30 
8150	78 
8151	58 
8152	50 
8153	11 
8154	17 
8155	50 
8156	79 
8157	33 
8158	63 
8159	64 
8160	5 
8161	40 
8162	36 
8163	38 
8164	61 
8165	70 
8166	77 
8167	73 
8168	50 
8169	75 
8170	7 
8171	23 
8172	76 
8173	18 
8174	59 
8175	30 
8176	77 
8177	34 
8178	58 
8179	23 
8180	72 
8181	8 
8182	54 
8183	27 
8184	27 
8185	63 
8186	39 
8187	11 
8188	87 
8189	81 
8190	64 
8191	43 
8192	65 
8193	78 
8194	35 
8195	16 
8196	83 
8197	46 
8198	85 
8199	28 
8200	23 
8201	61 
8202	46 
8203	79 
8204	56 
8205	49 
8206	36 
8207	69 
8208	16 
8209	44 
8210	7 
8211	74 
8212	53 
8213	14 
8214	59 
8215	84 
8216	31 
8217	32 
8218	39 
8219	24 
8220	53 
8221	22 
8222	74 
8223	33 
8224	15 
8225	67 
8226	12 
8227	82 
8228	21 
8229	66 
8230	54 
8231	54 
8232	50 
8233	63 
8234	86 
8235	7 
8236	73 
8237	46 
8238	40 
8239	72 
8240	68 
8241	20 
8242	12 
8243	7 
8244	36 
8245	38 
8246	79 
8247	36 
8248	36 
8249	63 
8250	83 
8251	30 
8252	1 
8253	10 
8254	75 
8255	29 
8256	52 
8257	49 
8258	34 
8259	25 
8260	66 
8261	18 
8262	75 
8263	44 
8264	28 
8265	11 
8266	36 
8267	9 
8268	43 
8269	53 
8270	23 
8271	62 
8272	56 
8273	86 
8274	20 
8275	55 
8276	7 
8277	1 
8278	1 
8279	24 
8280	49 
8281	78 
8282	52 
8283	44 
8284	67 
8285	16 
8286	76 
8287	79 
8288	10 
8289	24 
8290	16 
8291	17 
8292	29 
8293	69 
8294	76 
8295	13 
8296	84 
8297	79 
8298	20 
8299	66 
8300	82 
8301	25 
8302	64 
8303	86 
8304	54 
8305	56 
8306	67 
8307	59 
8308	17 
8309	9 
8310	21 
8311	34 
8312	53 
8313	78 
8314	87 
8315	76 
8316	32 
8317	48 
8318	85 
8319	29 
8320	61 
8321	37 
8322	30 
8323	17 
8324	64 
8325	19 
8326	16 
8327	47 
8328	69 
8329	39 
8330	15 
8331	42 
8332	68 
8333	53 
8334	44 
8335	80 
8336	15 
8337	73 
8338	1 
8339	16 
8340	80 
8341	82 
8342	53 
8343	71 
8344	41 
8345	5 
8346	80 
8347	47 
8348	58 
8349	82 
8350	23 
8351	21 
8352	12 
8353	6 
8354	45 
8355	31 
8356	10 
8357	83 
8358	35 
8359	44 
8360	13 
8361	33 
8362	2 
8363	36 
8364	87 
8365	6 
8366	22 
8367	48 
8368	60 
8369	37 
8370	53 
8371	87 
8372	63 
8373	86 
8374	79 
8375	64 
8376	2 
8377	59 
8378	69 
8379	87 
8380	16 
8381	79 
8382	10 
8383	82 
8384	59 
8385	3 
8386	84 
8387	77 
8388	30 
8389	47 
8390	66 
8391	30 
8392	8 
8393	6 
8394	62 
8395	75 
8396	38 
8397	5 
8398	87 
8399	65 
8400	52 
8401	43 
8402	1 
8403	30 
8404	29 
8405	46 
8406	19 
8407	53 
8408	57 
8409	67 
8410	8 
8411	79 
8412	6 
8413	88 
8414	10 
8415	4 
8416	51 
8417	25 
8418	9 
8419	24 
8420	21 
8421	39 
8422	53 
8423	10 
8424	32 
8425	72 
8426	73 
8427	26 
8428	29 
8429	30 
8430	77 
8431	19 
8432	81 
8433	59 
8434	46 
8435	63 
8436	36 
8437	33 
8438	12 
8439	88 
8440	84 
8441	82 
8442	60 
8443	25 
8444	73 
8445	66 
8446	53 
8447	12 
8448	30 
8449	42 
8450	79 
8451	65 
8452	67 
8453	15 
8454	37 
8455	64 
8456	27 
8457	59 
8458	2 
8459	42 
8460	10 
8461	9 
8462	32 
8463	56 
8464	84 
8465	37 
8466	3 
8467	68 
8468	57 
8469	33 
8470	20 
8471	6 
8472	75 
8473	33 
8474	45 
8475	73 
8476	39 
8477	81 
8478	28 
8479	5 
8480	82 
8481	35 
8482	25 
8483	42 
8484	48 
8485	65 
8486	33 
8487	27 
8488	44 
8489	18 
8490	7 
8491	17 
8492	39 
8493	76 
8494	82 
8495	13 
8496	51 
8497	86 
8498	49 
8499	42 
8500	52 
8501	32 
8502	37 
8503	68 
8504	85 
8505	43 
8506	29 
8507	14 
8508	54 
8509	81 
8510	67 
8511	7 
8512	81 
8513	24 
8514	1 
8515	50 
8516	84 
8517	35 
8518	64 
8519	29 
8520	6 
8521	50 
8522	50 
8523	49 
8524	48 
8525	31 
8526	79 
8527	51 
8528	62 
8529	59 
8530	54 
8531	5 
8532	1 
8533	80 
8534	1 
8535	49 
8536	36 
8537	78 
8538	31 
8539	64 
8540	44 
8541	57 
8542	69 
8543	18 
8544	19 
8545	61 
8546	80 
8547	28 
8548	47 
8549	74 
8550	35 
8551	35 
8552	21 
8553	28 
8554	2 
8555	13 
8556	85 
8557	79 
8558	54 
8559	63 
8560	86 
8561	71 
8562	7 
8563	56 
8564	50 
8565	18 
8566	40 
8567	47 
8568	22 
8569	55 
8570	42 
8571	36 
8572	14 
8573	3 
8574	39 
8575	3 
8576	16 
8577	70 
8578	69 
8579	67 
8580	35 
8581	75 
8582	51 
8583	53 
8584	36 
8585	20 
8586	27 
8587	61 
8588	69 
8589	72 
8590	18 
8591	72 
8592	50 
8593	54 
8594	40 
8595	40 
8596	49 
8597	29 
8598	48 
8599	17 
8600	70 
8601	30 
8602	36 
8603	19 
8604	84 
8605	80 
8606	58 
8607	46 
8608	42 
8609	63 
8610	54 
8611	15 
8612	18 
8613	1 
8614	70 
8615	72 
8616	32 
8617	36 
8618	77 
8619	32 
8620	71 
8621	9 
8622	42 
8623	15 
8624	87 
8625	7 
8626	6 
8627	55 
8628	35 
8629	82 
8630	42 
8631	51 
8632	7 
8633	75 
8634	51 
8635	13 
8636	62 
8637	57 
8638	6 
8639	40 
8640	34 
8641	39 
8642	22 
8643	1 
8644	41 
8645	35 
8646	30 
8647	21 
8648	4 
8649	43 
8650	14 
8651	85 
8652	32 
8653	66 
8654	78 
8655	73 
8656	38 
8657	50 
8658	4 
8659	12 
8660	83 
8661	67 
8662	74 
8663	64 
8664	28 
8665	27 
8666	14 
8667	40 
8668	36 
8669	30 
8670	34 
8671	61 
8672	78 
8673	54 
8674	29 
8675	56 
8676	56 
8677	44 
8678	58 
8679	13 
8680	49 
8681	62 
8682	72 
8683	16 
8684	60 
8685	11 
8686	45 
8687	60 
8688	33 
8689	19 
8690	24 
8691	19 
8692	30 
8693	23 
8694	39 
8695	16 
8696	40 
8697	45 
8698	81 
8699	8 
8700	70 
8701	22 
8702	80 
8703	54 
8704	76 
8705	27 
8706	20 
8707	88 
8708	15 
8709	27 
8710	59 
8711	61 
8712	69 
8713	77 
8714	14 
8715	77 
8716	6 
8717	77 
8718	6 
8719	7 
8720	46 
8721	22 
8722	66 
8723	26 
8724	75 
8725	44 
8726	70 
8727	13 
8728	43 
8729	45 
8730	39 
8731	23 
8732	45 
8733	58 
8734	79 
8735	11 
8736	79 
8737	4 
8738	64 
8739	40 
8740	16 
8741	19 
8742	22 
8743	33 
8744	75 
8745	77 
8746	79 
8747	7 
8748	17 
8749	58 
8750	45 
8751	25 
8752	74 
8753	59 
8754	58 
8755	64 
8756	27 
8757	18 
8758	65 
8759	72 
8760	55 
8761	12 
8762	23 
8763	9 
8764	71 
8765	35 
8766	16 
8767	9 
8768	75 
8769	57 
8770	1 
8771	50 
8772	31 
8773	19 
8774	62 
8775	83 
8776	86 
8777	72 
8778	49 
8779	49 
8780	11 
8781	42 
8782	69 
8783	58 
8784	24 
8785	49 
8786	26 
8787	81 
8788	6 
8789	52 
8790	13 
8791	30 
8792	15 
8793	60 
8794	42 
8795	52 
8796	64 
8797	5 
8798	59 
8799	58 
8800	47 
8801	13 
8802	47 
8803	46 
8804	76 
8805	40 
8806	27 
8807	38 
8808	71 
8809	75 
8810	86 
8811	65 
8812	85 
8813	37 
8814	44 
8815	29 
8816	59 
8817	41 
8818	33 
8819	11 
8820	28 
8821	53 
8822	41 
8823	59 
8824	47 
8825	63 
8826	78 
8827	49 
8828	3 
8829	57 
8830	44 
8831	12 
8832	23 
8833	86 
8834	23 
8835	83 
8836	69 
8837	42 
8838	10 
8839	30 
8840	76 
8841	56 
8842	42 
8843	39 
8844	25 
8845	70 
8846	46 
8847	67 
8848	1 
8849	82 
8850	18 
8851	22 
8852	19 
8853	16 
8854	83 
8855	60 
8856	77 
8857	19 
8858	7 
8859	19 
8860	74 
8861	72 
8862	70 
8863	1 
8864	53 
8865	15 
8866	30 
8867	29 
8868	7 
8869	41 
8870	33 
8871	17 
8872	36 
8873	41 
8874	49 
8875	67 
8876	36 
8877	80 
8878	49 
8879	69 
8880	2 
8881	54 
8882	64 
8883	73 
8884	54 
8885	7 
8886	61 
8887	88 
8888	14 
8889	56 
8890	69 
8891	5 
8892	64 
8893	61 
8894	61 
8895	12 
8896	49 
8897	44 
8898	50 
8899	88 
8900	67 
8901	9 
8902	51 
8903	1 
8904	55 
8905	87 
8906	64 
8907	21 
8908	71 
8909	59 
8910	70 
8911	6 
8912	74 
8913	29 
8914	11 
8915	5 
8916	53 
8917	62 
8918	43 
8919	4 
8920	72 
8921	67 
8922	28 
8923	59 
8924	6 
8925	71 
8926	12 
8927	46 
8928	51 
8929	46 
8930	63 
8931	88 
8932	6 
8933	20 
8934	60 
8935	32 
8936	1 
8937	20 
8938	54 
8939	86 
8940	55 
8941	12 
8942	45 
8943	32 
8944	59 
8945	33 
8946	6 
8947	13 
8948	6 
8949	34 
8950	7 
8951	11 
8952	70 
8953	71 
8954	82 
8955	52 
8956	49 
8957	57 
8958	53 
8959	74 
8960	72 
8961	7 
8962	84 
8963	11 
8964	13 
8965	25 
8966	83 
8967	41 
8968	55 
8969	46 
8970	16 
8971	69 
8972	75 
8973	42 
8974	84 
8975	66 
8976	75 
8977	9 
8978	2 
8979	27 
8980	46 
8981	29 
8982	30 
8983	79 
8984	49 
8985	6 
8986	29 
8987	9 
8988	67 
8989	54 
8990	43 
8991	11 
8992	57 
8993	72 
8994	5 
8995	81 
8996	59 
8997	80 
8998	65 
8999	23 
9000	65 
9001	56 
9002	6 
9003	17 
9004	29 
9005	40 
9006	15 
9007	40 
9008	35 
9009	6 
9010	70 
9011	13 
9012	42 
9013	44 
9014	70 
9015	4 
9016	61 
9017	62 
9018	48 
9019	42 
9020	69 
9021	72 
9022	56 
9023	22 
9024	85 
9025	17 
9026	19 
9027	28 
9028	11 
9029	36 
9030	81 
9031	7 
9032	82 
9033	6 
9034	35 
9035	83 
9036	18 
9037	64 
9038	47 
9039	50 
9040	10 
9041	1 
9042	13 
9043	66 
9044	33 
9045	84 
9046	24 
9047	40 
9048	50 
9049	87 
9050	85 
9051	82 
9052	58 
9053	34 
9054	86 
9055	59 
9056	75 
9057	54 
9058	4 
9059	34 
9060	22 
9061	85 
9062	28 
9063	61 
9064	69 
9065	10 
9066	1 
9067	16 
9068	9 
9069	58 
9070	52 
9071	36 
9072	52 
9073	4 
9074	19 
9075	32 
9076	81 
9077	78 
9078	3 
9079	7 
9080	84 
9081	88 
9082	64 
9083	88 
9084	60 
9085	29 
9086	4 
9087	15 
9088	39 
9089	67 
9090	34 
9091	50 
9092	71 
9093	22 
9094	74 
9095	53 
9096	50 
9097	80 
9098	56 
9099	11 
9100	61 
9101	62 
9102	35 
9103	28 
9104	60 
9105	39 
9106	34 
9107	30 
9108	3 
9109	10 
9110	16 
9111	41 
9112	59 
9113	27 
9114	30 
9115	34 
9116	1 
9117	61 
9118	18 
9119	37 
9120	47 
9121	85 
9122	84 
9123	62 
9124	81 
9125	61 
9126	43 
9127	42 
9128	9 
9129	28 
9130	46 
9131	21 
9132	29 
9133	7 
9134	49 
9135	80 
9136	8 
9137	86 
9138	13 
9139	32 
9140	10 
9141	88 
9142	45 
9143	36 
9144	53 
9145	50 
9146	3 
9147	36 
9148	19 
9149	57 
9150	82 
9151	17 
9152	21 
9153	4 
9154	74 
9155	72 
9156	15 
9157	50 
9158	74 
9159	36 
9160	40 
9161	25 
9162	35 
9163	61 
9164	88 
9165	68 
9166	46 
9167	84 
9168	17 
9169	51 
9170	22 
9171	76 
9172	70 
9173	68 
9174	88 
9175	4 
9176	23 
9177	60 
9178	71 
9179	67 
9180	30 
9181	70 
9182	20 
9183	69 
9184	85 
9185	52 
9186	43 
9187	31 
9188	21 
9189	31 
9190	78 
9191	28 
9192	20 
9193	62 
9194	66 
9195	1 
9196	32 
9197	26 
9198	10 
9199	18 
9200	34 
9201	66 
9202	47 
9203	87 
9204	9 
9205	9 
9206	35 
9207	17 
9208	22 
9209	33 
9210	58 
9211	25 
9212	83 
9213	25 
9214	81 
9215	42 
9216	19 
9217	84 
9218	23 
9219	1 
9220	50 
9221	12 
9222	3 
9223	72 
9224	17 
9225	32 
9226	56 
9227	51 
9228	71 
9229	59 
9230	69 
9231	71 
9232	70 
9233	80 
9234	82 
9235	23 
9236	16 
9237	75 
9238	42 
9239	11 
9240	14 
9241	62 
9242	80 
9243	41 
9244	55 
9245	87 
9246	54 
9247	40 
9248	76 
9249	25 
9250	50 
9251	1 
9252	57 
9253	38 
9254	66 
9255	54 
9256	50 
9257	42 
9258	54 
9259	11 
9260	70 
9261	2 
9262	85 
9263	65 
9264	64 
9265	78 
9266	37 
9267	13 
9268	43 
9269	81 
9270	42 
9271	32 
9272	5 
9273	84 
9274	30 
9275	18 
9276	88 
9277	29 
9278	30 
9279	67 
9280	81 
9281	32 
9282	75 
9283	65 
9284	85 
9285	21 
9286	42 
9287	27 
9288	20 
9289	76 
9290	19 
9291	50 
9292	42 
9293	69 
9294	49 
9295	41 
9296	60 
9297	84 
9298	25 
9299	54 
9300	55 
9301	42 
9302	36 
9303	87 
9304	5 
9305	19 
9306	81 
9307	14 
9308	8 
9309	18 
9310	80 
9311	9 
9312	39 
9313	75 
9314	78 
9315	85 
9316	27 
9317	82 
9318	11 
9319	39 
9320	6 
9321	16 
9322	86 
9323	52 
9324	16 
9325	83 
9326	29 
9327	20 
9328	23 
9329	66 
9330	83 
9331	26 
9332	21 
9333	23 
9334	40 
9335	33 
9336	20 
9337	5 
9338	50 
9339	39 
9340	61 
9341	16 
9342	84 
9343	20 
9344	32 
9345	54 
9346	67 
9347	51 
9348	1 
9349	50 
9350	37 
9351	1 
9352	10 
9353	12 
9354	56 
9355	48 
9356	77 
9357	41 
9358	87 
9359	57 
9360	10 
9361	7 
9362	58 
9363	30 
9364	77 
9365	52 
9366	9 
9367	23 
9368	76 
9369	59 
9370	22 
9371	6 
9372	75 
9373	74 
9374	81 
9375	33 
9376	85 
9377	67 
9378	59 
9379	52 
9380	33 
9381	50 
9382	1 
9383	11 
9384	68 
9385	72 
9386	47 
9387	54 
9388	51 
9389	12 
9390	26 
9391	49 
9392	24 
9393	66 
9394	14 
9395	86 
9396	45 
9397	86 
9398	43 
9399	54 
9400	39 
9401	12 
9402	86 
9403	7 
9404	59 
9405	32 
9406	47 
9407	29 
9408	80 
9409	52 
9410	7 
9411	19 
9412	11 
9413	86 
9414	1 
9415	2 
9416	54 
9417	12 
9418	3 
9419	27 
9420	36 
9421	70 
9422	16 
9423	66 
9424	49 
9425	84 
9426	86 
9427	30 
9428	77 
9429	41 
9430	88 
9431	26 
9432	69 
9433	19 
9434	15 
9435	45 
9436	30 
9437	23 
9438	42 
9439	58 
9440	34 
9441	73 
9442	73 
9443	77 
9444	51 
9445	77 
9446	36 
9447	75 
9448	85 
9449	88 
9450	80 
9451	78 
9452	2 
9453	29 
9454	59 
9455	23 
9456	10 
9457	21 
9458	41 
9459	7 
9460	78 
9461	46 
9462	34 
9463	81 
9464	23 
9465	71 
9466	47 
9467	64 
9468	55 
9469	54 
9470	67 
9471	19 
9472	48 
9473	78 
9474	40 
9475	60 
9476	72 
9477	20 
9478	46 
9479	31 
9480	64 
9481	25 
9482	58 
9483	73 
9484	10 
9485	36 
9486	80 
9487	30 
9488	8 
9489	45 
9490	44 
9491	3 
9492	23 
9493	50 
9494	27 
9495	86 
9496	26 
9497	51 
9498	2 
9499	15 
9500	65 
9501	71 
9502	7 
9503	38 
9504	49 
9505	51 
9506	20 
9507	54 
9508	57 
9509	69 
9510	86 
9511	38 
9512	15 
9513	67 
9514	69 
9515	15 
9516	74 
9517	82 
9518	38 
9519	14 
9520	84 
9521	56 
9522	59 
9523	28 
9524	40 
9525	15 
9526	44 
9527	41 
9528	36 
9529	82 
9530	27 
9531	84 
9532	78 
9533	10 
9534	44 
9535	42 
9536	61 
9537	58 
9538	25 
9539	71 
9540	41 
9541	66 
9542	72 
9543	9 
9544	76 
9545	59 
9546	85 
9547	12 
9548	65 
9549	37 
9550	15 
9551	20 
9552	35 
9553	75 
9554	36 
9555	52 
9556	14 
9557	83 
9558	48 
9559	9 
9560	13 
9561	11 
9562	45 
9563	70 
9564	65 
9565	64 
9566	24 
9567	49 
9568	83 
9569	74 
9570	76 
9571	48 
9572	48 
9573	28 
9574	64 
9575	15 
9576	26 
9577	85 
9578	66 
9579	63 
9580	20 
9581	34 
9582	87 
9583	45 
9584	39 
9585	5 
9586	7 
9587	44 
9588	3 
9589	86 
9590	4 
9591	73 
9592	7 
9593	58 
9594	58 
9595	50 
9596	1 
9597	2 
9598	44 
9599	11 
9600	88 
9601	75 
9602	81 
9603	15 
9604	22 
9605	75 
9606	46 
9607	51 
9608	46 
9609	31 
9610	74 
9611	1 
9612	54 
9613	10 
9614	72 
9615	65 
9616	77 
9617	21 
9618	6 
9619	43 
9620	30 
9621	19 
9622	11 
9623	40 
9624	9 
9625	12 
9626	69 
9627	55 
9628	16 
9629	76 
9630	14 
9631	70 
9632	60 
9633	34 
9634	1 
9635	86 
9636	66 
9637	73 
9638	30 
9639	34 
9640	29 
9641	72 
9642	54 
9643	13 
9644	82 
9645	52 
9646	6 
9647	40 
9648	63 
9649	68 
9650	70 
9651	25 
9652	70 
9653	70 
9654	14 
9655	53 
9656	41 
9657	70 
9658	38 
9659	70 
9660	67 
9661	59 
9662	50 
9663	22 
9664	5 
9665	53 
9666	50 
9667	38 
9668	87 
9669	52 
9670	49 
9671	15 
9672	53 
9673	52 
9674	47 
9675	71 
9676	7 
9677	21 
9678	88 
9679	51 
9680	78 
9681	80 
9682	64 
9683	58 
9684	50 
9685	38 
9686	53 
9687	78 
9688	60 
9689	74 
9690	51 
9691	78 
9692	47 
9693	69 
9694	74 
9695	35 
9696	51 
9697	38 
9698	65 
9699	10 
9700	52 
9701	59 
9702	84 
9703	59 
9704	59 
9705	55 
9706	71 
9707	21 
9708	70 
9709	31 
9710	24 
9711	82 
9712	50 
9713	58 
9714	42 
9715	42 
9716	2 
9717	23 
9718	21 
9719	62 
9720	32 
9721	77 
9722	16 
9723	74 
9724	22 
9725	20 
9726	37 
9727	86 
9728	18 
9729	71 
9730	1 
9731	60 
9732	22 
9733	70 
9734	36 
9735	83 
9736	70 
9737	40 
9738	53 
9739	86 
9740	85 
9741	63 
9742	1 
9743	34 
9744	73 
9745	31 
9746	48 
9747	82 
9748	34 
9749	34 
9750	11 
9751	71 
9752	14 
9753	2 
9754	35 
9755	35 
9756	62 
9757	84 
9758	24 
9759	42 
9760	2 
9761	10 
9762	36 
9763	25 
9764	45 
9765	16 
9766	63 
9767	64 
9768	48 
9769	36 
9770	76 
9771	11 
9772	23 
9773	39 
9774	9 
9775	46 
9776	44 
9777	25 
9778	30 
9779	10 
9780	11 
9781	42 
9782	82 
9783	16 
9784	19 
9785	56 
9786	34 
9787	33 
9788	40 
9789	9 
9790	39 
9791	44 
9792	4 
9793	47 
9794	13 
9795	10 
9796	61 
9797	16 
9798	3 
9799	79 
9800	22 
9801	48 
9802	30 
9803	41 
9804	78 
9805	7 
9806	38 
9807	4 
9808	25 
9809	51 
9810	1 
9811	72 
9812	23 
9813	67 
9814	84 
9815	10 
9816	86 
9817	65 
9818	69 
9819	38 
9820	44 
9821	87 
9822	42 
9823	49 
9824	65 
9825	60 
9826	43 
9827	45 
9828	48 
9829	55 
9830	20 
9831	84 
9832	31 
9833	79 
9834	66 
9835	10 
9836	60 
9837	23 
9838	83 
9839	52 
9840	72 
9841	77 
9842	32 
9843	68 
9844	79 
9845	22 
9846	30 
9847	54 
9848	33 
9849	62 
9850	30 
9851	2 
9852	54 
9853	61 
9854	34 
9855	25 
9856	18 
9857	76 
9858	59 
9859	34 
9860	53 
9861	51 
9862	14 
9863	69 
9864	59 
9865	72 
9866	72 
9867	66 
9868	67 
9869	72 
9870	31 
9871	65 
9872	34 
9873	50 
9874	24 
9875	31 
9876	14 
9877	35 
9878	24 
9879	58 
9880	10 
9881	65 
9882	84 
9883	15 
9884	65 
9885	13 
9886	48 
9887	41 
9888	51 
9889	57 
9890	18 
9891	76 
9892	3 
9893	73 
9894	60 
9895	39 
9896	12 
9897	80 
9898	58 
9899	5 
9900	58 
9901	67 
9902	20 
9903	73 
9904	11 
9905	78 
9906	23 
9907	79 
9908	62 
9909	52 
9910	41 
9911	40 
9912	39 
9913	15 
9914	57 
9915	76 
9916	68 
9917	69 
9918	71 
9919	6 
9920	44 
9921	53 
9922	51 
9923	88 
9924	9 
9925	55 
9926	38 
9927	15 
9928	61 
9929	74 
9930	24 
9931	10 
9932	30 
9933	42 
9934	77 
9935	2 
9936	86 
9937	20 
9938	40 
9939	2 
9940	22 
9941	64 
9942	21 
9943	78 
9944	76 
9945	29 
9946	48 
9947	24 
9948	11 
9949	53 
9950	77 
9951	35 
9952	65 
9953	24 
9954	44 
9955	27 
9956	61 
9957	54 
9958	15 
9959	24 
9960	47 
9961	58 
9962	84 
9963	32 
9964	83 
9965	87 
9966	6 
9967	6 
9968	79 
9969	81 
9970	84 
9971	50 
9972	81 
9973	38 
9974	20 
9975	22 
9976	8 
9977	31 
9978	31 
9979	21 
9980	24 
9981	19 
9982	20 
9983	34 
9984	46 
9985	39 
9986	84 
9987	15 
9988	65 
9989	74 
9990	80 
9991	24 
9992	13 
9993	54 
9994	64 
9995	62 
9996	36 
9997	30 
9998	49 
9999	34 
10000	12 
