1	51 
2	60 
3	77 
4	49 
5	64 
6	30 
7	45 
8	64 
9	22 
10	4 
11	4 
12	60 
13	9 
14	70 
15	17 
16	59 
17	73 
18	29 
19	28 
20	54 
21	25 
22	15 
23	40 
24	81 
25	19 
26	82 
27	56 
28	36 
29	42 
30	52 
31	72 
32	30 
33	4 
34	66 
35	84 
36	9 
37	39 
38	62 
39	42 
40	34 
41	36 
42	64 
43	29 
44	65 
45	60 
46	88 
47	6 
48	41 
49	37 
50	11 
51	9 
52	88 
53	83 
54	45 
55	41 
56	59 
57	40 
58	13 
59	32 
60	21 
61	7 
62	67 
63	50 
64	58 
65	69 
66	40 
67	67 
68	73 
69	66 
70	82 
71	86 
72	6 
73	1 
74	24 
75	59 
76	6 
77	73 
78	52 
79	69 
80	49 
81	80 
82	64 
83	22 
84	58 
85	69 
86	57 
87	65 
88	75 
89	44 
90	1 
91	41 
92	46 
93	26 
94	59 
95	54 
96	49 
97	26 
98	34 
99	21 
100	81 
101	60 
102	9 
103	25 
104	2 
105	40 
106	51 
107	4 
108	87 
109	73 
110	52 
111	12 
112	46 
113	2 
114	45 
115	37 
116	69 
117	75 
118	21 
119	79 
120	76 
121	73 
122	4 
123	17 
124	62 
125	36 
126	75 
127	80 
128	15 
129	81 
130	38 
131	87 
132	36 
133	86 
134	13 
135	81 
136	70 
137	62 
138	46 
139	73 
140	82 
141	28 
142	74 
143	10 
144	59 
145	12 
146	71 
147	81 
148	2 
149	88 
150	40 
151	4 
152	61 
153	24 
154	30 
155	4 
156	81 
157	41 
158	12 
159	74 
160	79 
161	10 
162	50 
163	72 
164	57 
165	53 
166	7 
167	61 
168	14 
169	6 
170	35 
171	51 
172	51 
173	80 
174	22 
175	87 
176	51 
177	51 
178	56 
179	9 
180	72 
181	81 
182	5 
183	37 
184	4 
185	2 
186	21 
187	34 
188	79 
189	3 
190	57 
191	5 
192	64 
193	48 
194	75 
195	58 
196	44 
197	15 
198	42 
199	46 
200	45 
201	53 
202	88 
203	2 
204	62 
205	62 
206	40 
207	42 
208	13 
209	72 
210	10 
211	43 
212	43 
213	19 
214	78 
215	87 
216	62 
217	48 
218	63 
219	58 
220	87 
221	19 
222	59 
223	59 
224	62 
225	67 
226	14 
227	21 
228	66 
229	39 
230	1 
231	19 
232	62 
233	3 
234	63 
235	4 
236	24 
237	71 
238	44 
239	85 
240	24 
241	16 
242	1 
243	65 
244	2 
245	21 
246	29 
247	87 
248	58 
249	54 
250	31 
251	4 
252	15 
253	88 
254	4 
255	86 
256	10 
257	45 
258	14 
259	27 
260	63 
261	69 
262	63 
263	37 
264	11 
265	31 
266	26 
267	86 
268	76 
269	54 
270	45 
271	41 
272	26 
273	9 
274	55 
275	59 
276	17 
277	43 
278	23 
279	14 
280	87 
281	85 
282	76 
283	51 
284	20 
285	31 
286	27 
287	16 
288	59 
289	38 
290	20 
291	46 
292	24 
293	86 
294	72 
295	66 
296	62 
297	45 
298	57 
299	54 
300	45 
301	79 
302	23 
303	54 
304	52 
305	13 
306	53 
307	3 
308	71 
309	65 
310	34 
311	21 
312	42 
313	51 
314	4 
315	62 
316	41 
317	6 
318	42 
319	24 
320	77 
321	17 
322	2 
323	11 
324	3 
325	22 
326	35 
327	6 
328	36 
329	38 
330	23 
331	40 
332	6 
333	77 
334	43 
335	51 
336	56 
337	38 
338	59 
339	14 
340	74 
341	20 
342	18 
343	74 
344	80 
345	50 
346	35 
347	41 
348	47 
349	83 
350	41 
351	69 
352	37 
353	68 
354	68 
355	69 
356	78 
357	57 
358	10 
359	44 
360	21 
361	77 
362	42 
363	59 
364	17 
365	74 
366	6 
367	21 
368	17 
369	30 
370	48 
371	55 
372	42 
373	66 
374	68 
375	50 
376	22 
377	9 
378	41 
379	51 
380	4 
381	21 
382	73 
383	68 
384	77 
385	71 
386	75 
387	6 
388	88 
389	44 
390	14 
391	28 
392	38 
393	80 
394	71 
395	66 
396	40 
397	34 
398	76 
399	66 
400	4 
401	51 
402	68 
403	17 
404	28 
405	50 
406	61 
407	11 
408	28 
409	81 
410	6 
411	22 
412	48 
413	7 
414	36 
415	80 
416	7 
417	21 
418	13 
419	3 
420	48 
421	31 
422	33 
423	24 
424	75 
425	79 
426	86 
427	10 
428	77 
429	73 
430	5 
431	24 
432	14 
433	9 
434	48 
435	62 
436	4 
437	86 
438	37 
439	63 
440	83 
441	15 
442	8 
443	74 
444	42 
445	71 
446	65 
447	70 
448	73 
449	87 
450	13 
451	45 
452	87 
453	45 
454	77 
455	45 
456	61 
457	2 
458	82 
459	49 
460	13 
461	82 
462	31 
463	12 
464	10 
465	68 
466	28 
467	10 
468	55 
469	82 
470	52 
471	88 
472	2 
473	25 
474	64 
475	50 
476	4 
477	8 
478	8 
479	66 
480	36 
481	33 
482	2 
483	51 
484	73 
485	31 
486	25 
487	3 
488	43 
489	2 
490	45 
491	75 
492	52 
493	6 
494	19 
495	21 
496	61 
497	88 
498	32 
499	22 
500	73 
501	81 
502	9 
503	69 
504	6 
505	48 
506	7 
507	47 
508	6 
509	22 
510	50 
511	35 
512	63 
513	26 
514	50 
515	32 
516	2 
517	20 
518	30 
519	84 
520	65 
521	24 
522	52 
523	71 
524	22 
525	11 
526	25 
527	58 
528	49 
529	65 
530	38 
531	2 
532	85 
533	16 
534	31 
535	43 
536	3 
537	60 
538	56 
539	55 
540	45 
541	5 
542	38 
543	59 
544	2 
545	4 
546	60 
547	47 
548	38 
549	34 
550	24 
551	16 
552	83 
553	29 
554	28 
555	66 
556	51 
557	88 
558	38 
559	58 
560	1 
561	1 
562	47 
563	67 
564	69 
565	1 
566	64 
567	12 
568	11 
569	50 
570	51 
571	45 
572	78 
573	18 
574	66 
575	42 
576	34 
577	29 
578	68 
579	86 
580	49 
581	71 
582	71 
583	21 
584	40 
585	58 
586	76 
587	49 
588	27 
589	66 
590	88 
591	61 
592	70 
593	87 
594	38 
595	45 
596	52 
597	84 
598	87 
599	68 
600	43 
601	45 
602	76 
603	25 
604	14 
605	36 
606	84 
607	84 
608	46 
609	21 
610	57 
611	16 
612	42 
613	10 
614	25 
615	85 
616	40 
617	10 
618	34 
619	50 
620	68 
621	34 
622	3 
623	64 
624	21 
625	58 
626	1 
627	87 
628	65 
629	59 
630	10 
631	54 
632	84 
633	86 
634	70 
635	35 
636	46 
637	29 
638	84 
639	41 
640	62 
641	87 
642	70 
643	53 
644	75 
645	76 
646	49 
647	59 
648	51 
649	72 
650	87 
651	40 
652	69 
653	34 
654	58 
655	26 
656	65 
657	80 
658	65 
659	27 
660	1 
661	69 
662	41 
663	76 
664	26 
665	26 
666	47 
667	79 
668	83 
669	80 
670	87 
671	4 
672	83 
673	59 
674	62 
675	42 
676	55 
677	40 
678	6 
679	3 
680	76 
681	84 
682	71 
683	74 
684	28 
685	68 
686	83 
687	81 
688	31 
689	79 
690	63 
691	47 
692	58 
693	57 
694	56 
695	64 
696	19 
697	44 
698	54 
699	4 
700	11 
701	79 
702	57 
703	35 
704	26 
705	12 
706	87 
707	70 
708	3 
709	9 
710	54 
711	3 
712	83 
713	59 
714	85 
715	21 
716	45 
717	22 
718	80 
719	66 
720	77 
721	43 
722	16 
723	56 
724	55 
725	41 
726	8 
727	10 
728	78 
729	58 
730	65 
731	1 
732	16 
733	22 
734	51 
735	45 
736	84 
737	56 
738	76 
739	68 
740	64 
741	26 
742	87 
743	41 
744	24 
745	12 
746	27 
747	74 
748	36 
749	27 
750	63 
751	38 
752	86 
753	45 
754	4 
755	64 
756	76 
757	7 
758	29 
759	39 
760	12 
761	22 
762	71 
763	4 
764	1 
765	54 
766	62 
767	20 
768	4 
769	60 
770	74 
771	83 
772	66 
773	66 
774	2 
775	31 
776	43 
777	66 
778	2 
779	61 
780	76 
781	4 
782	1 
783	66 
784	42 
785	11 
786	86 
787	21 
788	63 
789	16 
790	62 
791	88 
792	38 
793	30 
794	22 
795	74 
796	2 
797	3 
798	58 
799	45 
800	60 
801	87 
802	23 
803	65 
804	80 
805	59 
806	24 
807	66 
808	21 
809	3 
810	60 
811	85 
812	87 
813	32 
814	19 
815	80 
816	7 
817	79 
818	32 
819	22 
820	71 
821	58 
822	31 
823	16 
824	29 
825	14 
826	62 
827	63 
828	14 
829	75 
830	71 
831	71 
832	8 
833	7 
834	11 
835	87 
836	44 
837	9 
838	2 
839	74 
840	1 
841	79 
842	52 
843	15 
844	69 
845	32 
846	25 
847	27 
848	25 
849	75 
850	39 
851	62 
852	33 
853	67 
854	59 
855	55 
856	20 
857	51 
858	41 
859	2 
860	70 
861	82 
862	6 
863	26 
864	64 
865	31 
866	26 
867	9 
868	30 
869	70 
870	78 
871	42 
872	49 
873	37 
874	63 
875	29 
876	54 
877	43 
878	57 
879	41 
880	20 
881	64 
882	26 
883	42 
884	16 
885	82 
886	45 
887	10 
888	86 
889	39 
890	77 
891	15 
892	56 
893	86 
894	87 
895	65 
896	81 
897	56 
898	59 
899	32 
900	83 
901	24 
902	42 
903	38 
904	71 
905	46 
906	15 
907	31 
908	35 
909	70 
910	33 
911	64 
912	12 
913	16 
914	26 
915	57 
916	29 
917	57 
918	86 
919	64 
920	72 
921	65 
922	24 
923	87 
924	28 
925	86 
926	14 
927	54 
928	73 
929	81 
930	36 
931	7 
932	78 
933	5 
934	13 
935	28 
936	64 
937	59 
938	28 
939	28 
940	5 
941	14 
942	66 
943	80 
944	5 
945	87 
946	20 
947	8 
948	8 
949	20 
950	29 
951	70 
952	70 
953	34 
954	17 
955	78 
956	38 
957	56 
958	42 
959	57 
960	15 
961	64 
962	31 
963	12 
964	14 
965	63 
966	19 
967	45 
968	32 
969	24 
970	10 
971	52 
972	68 
973	45 
974	18 
975	30 
976	67 
977	44 
978	14 
979	74 
980	5 
981	38 
982	7 
983	45 
984	11 
985	86 
986	10 
987	38 
988	58 
989	51 
990	8 
991	29 
992	52 
993	80 
994	80 
995	71 
996	75 
997	27 
998	48 
999	67 
1000	42 
1001	8 
1002	69 
1003	75 
1004	6 
1005	83 
1006	32 
1007	63 
1008	23 
1009	42 
1010	37 
1011	78 
1012	87 
1013	78 
1014	70 
1015	75 
1016	87 
1017	52 
1018	37 
1019	52 
1020	36 
1021	5 
1022	67 
1023	84 
1024	9 
1025	6 
1026	75 
1027	81 
1028	57 
1029	8 
1030	7 
1031	3 
1032	26 
1033	84 
1034	5 
1035	79 
1036	64 
1037	86 
1038	38 
1039	21 
1040	72 
1041	37 
1042	65 
1043	22 
1044	62 
1045	61 
1046	25 
1047	10 
1048	60 
1049	77 
1050	72 
1051	19 
1052	9 
1053	76 
1054	30 
1055	4 
1056	43 
1057	23 
1058	88 
1059	70 
1060	58 
1061	83 
1062	50 
1063	81 
1064	58 
1065	51 
1066	62 
1067	48 
1068	37 
1069	44 
1070	63 
1071	56 
1072	7 
1073	51 
1074	1 
1075	87 
1076	64 
1077	1 
1078	67 
1079	45 
1080	53 
1081	81 
1082	9 
1083	79 
1084	14 
1085	35 
1086	31 
1087	4 
1088	63 
1089	31 
1090	55 
1091	45 
1092	86 
1093	88 
1094	68 
1095	45 
1096	64 
1097	24 
1098	56 
1099	9 
1100	88 
1101	59 
1102	19 
1103	53 
1104	12 
1105	85 
1106	86 
1107	3 
1108	73 
1109	71 
1110	51 
1111	71 
1112	27 
1113	72 
1114	33 
1115	62 
1116	40 
1117	2 
1118	2 
1119	52 
1120	11 
1121	4 
1122	61 
1123	17 
1124	66 
1125	53 
1126	1 
1127	48 
1128	72 
1129	18 
1130	78 
1131	21 
1132	49 
1133	46 
1134	44 
1135	64 
1136	45 
1137	32 
1138	83 
1139	42 
1140	82 
1141	36 
1142	66 
1143	41 
1144	60 
1145	20 
1146	29 
1147	73 
1148	76 
1149	72 
1150	36 
1151	72 
1152	64 
1153	57 
1154	21 
1155	10 
1156	47 
1157	15 
1158	41 
1159	20 
1160	48 
1161	46 
1162	24 
1163	83 
1164	37 
1165	37 
1166	37 
1167	4 
1168	60 
1169	23 
1170	7 
1171	79 
1172	71 
1173	72 
1174	54 
1175	37 
1176	66 
1177	32 
1178	2 
1179	72 
1180	82 
1181	20 
1182	21 
1183	53 
1184	34 
1185	29 
1186	54 
1187	23 
1188	56 
1189	33 
1190	9 
1191	88 
1192	69 
1193	81 
1194	44 
1195	32 
1196	32 
1197	76 
1198	11 
1199	86 
1200	13 
1201	37 
1202	67 
1203	86 
1204	10 
1205	54 
1206	60 
1207	32 
1208	2 
1209	81 
1210	15 
1211	66 
1212	68 
1213	20 
1214	64 
1215	62 
1216	23 
1217	41 
1218	58 
1219	12 
1220	19 
1221	20 
1222	44 
1223	82 
1224	69 
1225	56 
1226	85 
1227	73 
1228	88 
1229	82 
1230	87 
1231	66 
1232	31 
1233	55 
1234	56 
1235	34 
1236	57 
1237	64 
1238	16 
1239	5 
1240	1 
1241	14 
1242	8 
1243	75 
1244	9 
1245	85 
1246	85 
1247	12 
1248	31 
1249	3 
1250	27 
1251	3 
1252	75 
1253	72 
1254	79 
1255	74 
1256	46 
1257	26 
1258	68 
1259	79 
1260	60 
1261	80 
1262	65 
1263	50 
1264	78 
1265	75 
1266	2 
1267	50 
1268	56 
1269	12 
1270	40 
1271	13 
1272	41 
1273	57 
1274	29 
1275	42 
1276	19 
1277	14 
1278	24 
1279	72 
1280	29 
1281	24 
1282	30 
1283	35 
1284	34 
1285	63 
1286	80 
1287	35 
1288	1 
1289	88 
1290	47 
1291	66 
1292	46 
1293	58 
1294	32 
1295	51 
1296	70 
1297	83 
1298	82 
1299	72 
1300	11 
1301	12 
1302	81 
1303	75 
1304	57 
1305	28 
1306	63 
1307	72 
1308	24 
1309	86 
1310	75 
1311	35 
1312	17 
1313	73 
1314	87 
1315	13 
1316	20 
1317	28 
1318	86 
1319	76 
1320	46 
1321	13 
1322	49 
1323	82 
1324	65 
1325	74 
1326	18 
1327	55 
1328	70 
1329	4 
1330	15 
1331	46 
1332	48 
1333	45 
1334	58 
1335	23 
1336	18 
1337	31 
1338	88 
1339	71 
1340	14 
1341	38 
1342	86 
1343	1 
1344	75 
1345	38 
1346	29 
1347	77 
1348	11 
1349	59 
1350	21 
1351	81 
1352	20 
1353	17 
1354	42 
1355	21 
1356	17 
1357	63 
1358	49 
1359	29 
1360	17 
1361	49 
1362	83 
1363	36 
1364	37 
1365	28 
1366	35 
1367	35 
1368	38 
1369	80 
1370	11 
1371	66 
1372	61 
1373	15 
1374	21 
1375	84 
1376	51 
1377	50 
1378	44 
1379	20 
1380	44 
1381	75 
1382	24 
1383	3 
1384	6 
1385	6 
1386	66 
1387	74 
1388	86 
1389	19 
1390	4 
1391	56 
1392	61 
1393	25 
1394	27 
1395	48 
1396	12 
1397	2 
1398	4 
1399	61 
1400	57 
1401	26 
1402	27 
1403	56 
1404	47 
1405	84 
1406	35 
1407	12 
1408	71 
1409	56 
1410	47 
1411	50 
1412	39 
1413	34 
1414	59 
1415	44 
1416	87 
1417	2 
1418	7 
1419	80 
1420	77 
1421	24 
1422	67 
1423	66 
1424	83 
1425	38 
1426	32 
1427	20 
1428	87 
1429	2 
1430	14 
1431	50 
1432	35 
1433	51 
1434	11 
1435	85 
1436	27 
1437	82 
1438	77 
1439	29 
1440	74 
1441	72 
1442	3 
1443	20 
1444	73 
1445	31 
1446	26 
1447	66 
1448	81 
1449	20 
1450	1 
1451	44 
1452	62 
1453	71 
1454	1 
1455	51 
1456	46 
1457	26 
1458	29 
1459	65 
1460	76 
1461	8 
1462	27 
1463	33 
1464	61 
1465	40 
1466	84 
1467	46 
1468	78 
1469	2 
1470	5 
1471	71 
1472	22 
1473	3 
1474	56 
1475	57 
1476	55 
1477	70 
1478	87 
1479	74 
1480	31 
1481	51 
1482	38 
1483	51 
1484	54 
1485	19 
1486	2 
1487	73 
1488	88 
1489	68 
1490	46 
1491	55 
1492	22 
1493	39 
1494	66 
1495	7 
1496	50 
1497	17 
1498	23 
1499	49 
1500	66 
1501	6 
1502	84 
1503	5 
1504	61 
1505	25 
1506	10 
1507	13 
1508	75 
1509	6 
1510	37 
1511	15 
1512	55 
1513	31 
1514	52 
1515	24 
1516	81 
1517	26 
1518	35 
1519	75 
1520	60 
1521	14 
1522	87 
1523	30 
1524	50 
1525	41 
1526	29 
1527	50 
1528	28 
1529	74 
1530	23 
1531	43 
1532	67 
1533	50 
1534	52 
1535	57 
1536	77 
1537	46 
1538	38 
1539	71 
1540	16 
1541	46 
1542	8 
1543	13 
1544	21 
1545	76 
1546	52 
1547	20 
1548	81 
1549	52 
1550	26 
1551	62 
1552	76 
1553	11 
1554	70 
1555	11 
1556	29 
1557	46 
1558	51 
1559	9 
1560	31 
1561	57 
1562	84 
1563	36 
1564	82 
1565	50 
1566	46 
1567	12 
1568	12 
1569	3 
1570	22 
1571	80 
1572	84 
1573	11 
1574	77 
1575	13 
1576	66 
1577	50 
1578	29 
1579	32 
1580	87 
1581	78 
1582	65 
1583	34 
1584	12 
1585	36 
1586	10 
1587	1 
1588	27 
1589	29 
1590	70 
1591	75 
1592	24 
1593	39 
1594	44 
1595	11 
1596	87 
1597	48 
1598	40 
1599	76 
1600	84 
1601	19 
1602	78 
1603	14 
1604	20 
1605	80 
1606	13 
1607	26 
1608	27 
1609	71 
1610	47 
1611	70 
1612	18 
1613	53 
1614	15 
1615	29 
1616	75 
1617	46 
1618	51 
1619	20 
1620	49 
1621	10 
1622	13 
1623	40 
1624	1 
1625	19 
1626	21 
1627	51 
1628	27 
1629	56 
1630	63 
1631	51 
1632	60 
1633	15 
1634	56 
1635	58 
1636	46 
1637	44 
1638	74 
1639	33 
1640	13 
1641	12 
1642	36 
1643	19 
1644	59 
1645	86 
1646	14 
1647	14 
1648	68 
1649	79 
1650	11 
1651	3 
1652	20 
1653	62 
1654	72 
1655	19 
1656	68 
1657	13 
1658	43 
1659	86 
1660	11 
1661	34 
1662	36 
1663	24 
1664	60 
1665	62 
1666	81 
1667	7 
1668	6 
1669	11 
1670	65 
1671	23 
1672	69 
1673	88 
1674	19 
1675	86 
1676	39 
1677	51 
1678	85 
1679	57 
1680	72 
1681	50 
1682	24 
1683	30 
1684	43 
1685	59 
1686	46 
1687	8 
1688	39 
1689	79 
1690	60 
1691	4 
1692	50 
1693	52 
1694	33 
1695	57 
1696	16 
1697	19 
1698	64 
1699	32 
1700	24 
1701	79 
1702	14 
1703	27 
1704	80 
1705	78 
1706	16 
1707	66 
1708	62 
1709	64 
1710	68 
1711	32 
1712	86 
1713	72 
1714	23 
1715	81 
1716	74 
1717	82 
1718	39 
1719	7 
1720	80 
1721	52 
1722	78 
1723	19 
1724	10 
1725	5 
1726	67 
1727	3 
1728	3 
1729	75 
1730	65 
1731	34 
1732	75 
1733	68 
1734	60 
1735	26 
1736	74 
1737	11 
1738	48 
1739	70 
1740	63 
1741	6 
1742	73 
1743	44 
1744	36 
1745	43 
1746	53 
1747	16 
1748	86 
1749	74 
1750	48 
1751	32 
1752	82 
1753	22 
1754	42 
1755	73 
1756	18 
1757	34 
1758	44 
1759	73 
1760	5 
1761	40 
1762	51 
1763	32 
1764	30 
1765	5 
1766	49 
1767	3 
1768	29 
1769	67 
1770	77 
1771	16 
1772	14 
1773	68 
1774	12 
1775	19 
1776	9 
1777	60 
1778	63 
1779	57 
1780	12 
1781	61 
1782	79 
1783	2 
1784	71 
1785	51 
1786	17 
1787	44 
1788	8 
1789	31 
1790	79 
1791	45 
1792	32 
1793	77 
1794	8 
1795	51 
1796	26 
1797	43 
1798	15 
1799	34 
1800	9 
1801	28 
1802	75 
1803	1 
1804	56 
1805	78 
1806	42 
1807	81 
1808	48 
1809	85 
1810	71 
1811	77 
1812	83 
1813	6 
1814	11 
1815	86 
1816	82 
1817	21 
1818	56 
1819	7 
1820	81 
1821	8 
1822	49 
1823	27 
1824	76 
1825	8 
1826	57 
1827	79 
1828	8 
1829	70 
1830	76 
1831	8 
1832	60 
1833	49 
1834	40 
1835	71 
1836	63 
1837	39 
1838	71 
1839	80 
1840	59 
1841	47 
1842	68 
1843	24 
1844	28 
1845	32 
1846	53 
1847	26 
1848	78 
1849	77 
1850	79 
1851	56 
1852	9 
1853	51 
1854	64 
1855	53 
1856	31 
1857	4 
1858	13 
1859	21 
1860	5 
1861	51 
1862	68 
1863	62 
1864	56 
1865	53 
1866	21 
1867	70 
1868	42 
1869	64 
1870	21 
1871	29 
1872	14 
1873	73 
1874	33 
1875	88 
1876	17 
1877	67 
1878	9 
1879	82 
1880	46 
1881	58 
1882	13 
1883	8 
1884	14 
1885	70 
1886	66 
1887	37 
1888	22 
1889	17 
1890	8 
1891	52 
1892	59 
1893	41 
1894	44 
1895	59 
1896	22 
1897	81 
1898	27 
1899	75 
1900	35 
1901	5 
1902	3 
1903	73 
1904	67 
1905	16 
1906	13 
1907	57 
1908	73 
1909	84 
1910	23 
1911	66 
1912	72 
1913	43 
1914	87 
1915	56 
1916	26 
1917	47 
1918	29 
1919	78 
1920	77 
1921	15 
1922	82 
1923	22 
1924	49 
1925	80 
1926	12 
1927	88 
1928	8 
1929	49 
1930	45 
1931	39 
1932	42 
1933	5 
1934	19 
1935	12 
1936	37 
1937	13 
1938	70 
1939	48 
1940	53 
1941	67 
1942	41 
1943	53 
1944	73 
1945	63 
1946	67 
1947	43 
1948	77 
1949	24 
1950	10 
1951	31 
1952	51 
1953	34 
1954	57 
1955	13 
1956	33 
1957	7 
1958	87 
1959	37 
1960	64 
1961	2 
1962	10 
1963	27 
1964	31 
1965	52 
1966	72 
1967	71 
1968	4 
1969	65 
1970	28 
1971	83 
1972	32 
1973	58 
1974	73 
1975	7 
1976	71 
1977	9 
1978	23 
1979	75 
1980	83 
1981	62 
1982	16 
1983	10 
1984	28 
1985	45 
1986	31 
1987	43 
1988	57 
1989	49 
1990	73 
1991	11 
1992	88 
1993	65 
1994	16 
1995	7 
1996	87 
1997	63 
1998	69 
1999	17 
2000	49 
2001	37 
2002	63 
2003	12 
2004	21 
2005	65 
2006	45 
2007	69 
2008	38 
2009	68 
2010	51 
2011	64 
2012	50 
2013	61 
2014	62 
2015	60 
2016	30 
2017	5 
2018	62 
2019	81 
2020	12 
2021	81 
2022	18 
2023	56 
2024	45 
2025	66 
2026	13 
2027	19 
2028	46 
2029	68 
2030	72 
2031	46 
2032	52 
2033	70 
2034	66 
2035	11 
2036	29 
2037	80 
2038	17 
2039	75 
2040	55 
2041	3 
2042	20 
2043	6 
2044	87 
2045	12 
2046	62 
2047	64 
2048	43 
2049	8 
2050	39 
2051	33 
2052	68 
2053	87 
2054	86 
2055	74 
2056	84 
2057	32 
2058	36 
2059	43 
2060	2 
2061	37 
2062	62 
2063	66 
2064	25 
2065	51 
2066	50 
2067	19 
2068	38 
2069	20 
2070	29 
2071	81 
2072	53 
2073	45 
2074	58 
2075	24 
2076	46 
2077	58 
2078	9 
2079	32 
2080	36 
2081	26 
2082	10 
2083	46 
2084	4 
2085	43 
2086	27 
2087	71 
2088	3 
2089	47 
2090	54 
2091	7 
2092	64 
2093	80 
2094	32 
2095	85 
2096	79 
2097	34 
2098	18 
2099	51 
2100	63 
2101	87 
2102	49 
2103	85 
2104	41 
2105	37 
2106	16 
2107	56 
2108	5 
2109	9 
2110	10 
2111	42 
2112	10 
2113	16 
2114	28 
2115	7 
2116	14 
2117	5 
2118	84 
2119	56 
2120	62 
2121	84 
2122	25 
2123	14 
2124	11 
2125	43 
2126	63 
2127	20 
2128	27 
2129	82 
2130	62 
2131	37 
2132	12 
2133	2 
2134	56 
2135	53 
2136	24 
2137	63 
2138	12 
2139	65 
2140	16 
2141	33 
2142	39 
2143	22 
2144	27 
2145	16 
2146	18 
2147	87 
2148	24 
2149	9 
2150	23 
2151	37 
2152	52 
2153	78 
2154	19 
2155	30 
2156	30 
2157	44 
2158	6 
2159	27 
2160	7 
2161	43 
2162	29 
2163	84 
2164	17 
2165	80 
2166	79 
2167	3 
2168	30 
2169	78 
2170	80 
2171	82 
2172	88 
2173	1 
2174	51 
2175	59 
2176	30 
2177	5 
2178	50 
2179	17 
2180	47 
2181	3 
2182	69 
2183	30 
2184	68 
2185	47 
2186	39 
2187	55 
2188	59 
2189	50 
2190	33 
2191	29 
2192	23 
2193	86 
2194	73 
2195	34 
2196	35 
2197	36 
2198	51 
2199	37 
2200	62 
2201	65 
2202	41 
2203	32 
2204	82 
2205	28 
2206	52 
2207	29 
2208	9 
2209	19 
2210	88 
2211	48 
2212	82 
2213	36 
2214	35 
2215	14 
2216	34 
2217	30 
2218	25 
2219	41 
2220	81 
2221	63 
2222	84 
2223	67 
2224	6 
2225	48 
2226	71 
2227	15 
2228	84 
2229	70 
2230	24 
2231	87 
2232	66 
2233	52 
2234	22 
2235	12 
2236	70 
2237	88 
2238	84 
2239	70 
2240	52 
2241	17 
2242	50 
2243	50 
2244	22 
2245	81 
2246	30 
2247	19 
2248	31 
2249	66 
2250	4 
2251	54 
2252	12 
2253	77 
2254	45 
2255	12 
2256	13 
2257	51 
2258	5 
2259	56 
2260	60 
2261	23 
2262	5 
2263	26 
2264	74 
2265	31 
2266	14 
2267	40 
2268	5 
2269	53 
2270	4 
2271	74 
2272	24 
2273	29 
2274	35 
2275	29 
2276	24 
2277	66 
2278	43 
2279	52 
2280	61 
2281	77 
2282	34 
2283	20 
2284	8 
2285	74 
2286	63 
2287	88 
2288	55 
2289	50 
2290	57 
2291	46 
2292	16 
2293	35 
2294	74 
2295	56 
2296	3 
2297	45 
2298	19 
2299	4 
2300	33 
2301	17 
2302	62 
2303	58 
2304	30 
2305	47 
2306	71 
2307	48 
2308	71 
2309	55 
2310	66 
2311	6 
2312	20 
2313	62 
2314	68 
2315	17 
2316	10 
2317	16 
2318	25 
2319	55 
2320	11 
2321	41 
2322	57 
2323	86 
2324	38 
2325	21 
2326	86 
2327	30 
2328	66 
2329	51 
2330	9 
2331	66 
2332	18 
2333	62 
2334	61 
2335	3 
2336	21 
2337	16 
2338	83 
2339	22 
2340	72 
2341	1 
2342	21 
2343	71 
2344	80 
2345	10 
2346	74 
2347	28 
2348	50 
2349	4 
2350	55 
2351	4 
2352	61 
2353	5 
2354	20 
2355	12 
2356	40 
2357	6 
2358	59 
2359	9 
2360	61 
2361	71 
2362	4 
2363	8 
2364	87 
2365	8 
2366	10 
2367	32 
2368	28 
2369	30 
2370	46 
2371	21 
2372	10 
2373	26 
2374	46 
2375	80 
2376	69 
2377	25 
2378	52 
2379	50 
2380	69 
2381	17 
2382	49 
2383	86 
2384	54 
2385	45 
2386	81 
2387	47 
2388	72 
2389	72 
2390	43 
2391	67 
2392	40 
2393	55 
2394	49 
2395	49 
2396	48 
2397	52 
2398	3 
2399	75 
2400	80 
2401	63 
2402	7 
2403	17 
2404	66 
2405	21 
2406	64 
2407	85 
2408	12 
2409	71 
2410	79 
2411	59 
2412	1 
2413	61 
2414	46 
2415	20 
2416	45 
2417	53 
2418	82 
2419	46 
2420	21 
2421	54 
2422	1 
2423	17 
2424	78 
2425	41 
2426	58 
2427	20 
2428	48 
2429	39 
2430	49 
2431	58 
2432	9 
2433	33 
2434	74 
2435	9 
2436	47 
2437	87 
2438	46 
2439	84 
2440	20 
2441	17 
2442	50 
2443	70 
2444	3 
2445	68 
2446	57 
2447	66 
2448	84 
2449	61 
2450	24 
2451	86 
2452	45 
2453	28 
2454	64 
2455	1 
2456	78 
2457	57 
2458	56 
2459	87 
2460	34 
2461	44 
2462	42 
2463	76 
2464	34 
2465	59 
2466	72 
2467	75 
2468	79 
2469	17 
2470	47 
2471	5 
2472	74 
2473	17 
2474	6 
2475	80 
2476	81 
2477	50 
2478	72 
2479	35 
2480	39 
2481	37 
2482	79 
2483	71 
2484	13 
2485	13 
2486	8 
2487	22 
2488	36 
2489	23 
2490	29 
2491	48 
2492	9 
2493	12 
2494	25 
2495	76 
2496	85 
2497	1 
2498	71 
2499	26 
2500	71 
2501	82 
2502	9 
2503	22 
2504	64 
2505	17 
2506	87 
2507	27 
2508	63 
2509	34 
2510	83 
2511	63 
2512	65 
2513	73 
2514	16 
2515	21 
2516	62 
2517	17 
2518	70 
2519	26 
2520	78 
2521	55 
2522	11 
2523	29 
2524	22 
2525	60 
2526	47 
2527	50 
2528	4 
2529	33 
2530	87 
2531	63 
2532	16 
2533	78 
2534	76 
2535	84 
2536	54 
2537	68 
2538	68 
2539	12 
2540	87 
2541	50 
2542	88 
2543	47 
2544	85 
2545	71 
2546	78 
2547	30 
2548	83 
2549	32 
2550	75 
2551	46 
2552	31 
2553	81 
2554	3 
2555	45 
2556	11 
2557	53 
2558	50 
2559	66 
2560	58 
2561	42 
2562	29 
2563	87 
2564	14 
2565	3 
2566	39 
2567	12 
2568	78 
2569	65 
2570	22 
2571	59 
2572	80 
2573	13 
2574	57 
2575	59 
2576	63 
2577	85 
2578	77 
2579	83 
2580	10 
2581	75 
2582	3 
2583	32 
2584	38 
2585	57 
2586	38 
2587	60 
2588	85 
2589	12 
2590	11 
2591	29 
2592	87 
2593	69 
2594	25 
2595	17 
2596	86 
2597	49 
2598	63 
2599	87 
2600	34 
2601	72 
2602	28 
2603	67 
2604	66 
2605	48 
2606	35 
2607	3 
2608	35 
2609	30 
2610	81 
2611	45 
2612	53 
2613	63 
2614	62 
2615	57 
2616	76 
2617	28 
2618	4 
2619	16 
2620	35 
2621	59 
2622	33 
2623	31 
2624	61 
2625	78 
2626	20 
2627	47 
2628	77 
2629	39 
2630	56 
2631	81 
2632	82 
2633	74 
2634	23 
2635	74 
2636	8 
2637	37 
2638	31 
2639	87 
2640	68 
2641	47 
2642	36 
2643	15 
2644	20 
2645	74 
2646	76 
2647	85 
2648	53 
2649	47 
2650	84 
2651	8 
2652	58 
2653	62 
2654	75 
2655	75 
2656	9 
2657	2 
2658	42 
2659	3 
2660	35 
2661	76 
2662	25 
2663	57 
2664	88 
2665	31 
2666	23 
2667	51 
2668	72 
2669	60 
2670	39 
2671	77 
2672	83 
2673	66 
2674	55 
2675	86 
2676	73 
2677	15 
2678	58 
2679	1 
2680	5 
2681	41 
2682	1 
2683	72 
2684	55 
2685	1 
2686	58 
2687	37 
2688	11 
2689	42 
2690	34 
2691	20 
2692	34 
2693	9 
2694	33 
2695	28 
2696	28 
2697	10 
2698	25 
2699	62 
2700	84 
2701	41 
2702	32 
2703	43 
2704	45 
2705	29 
2706	22 
2707	13 
2708	22 
2709	67 
2710	54 
2711	21 
2712	50 
2713	16 
2714	40 
2715	4 
2716	57 
2717	63 
2718	63 
2719	2 
2720	54 
2721	87 
2722	20 
2723	23 
2724	88 
2725	2 
2726	74 
2727	48 
2728	5 
2729	51 
2730	41 
2731	79 
2732	66 
2733	32 
2734	57 
2735	14 
2736	33 
2737	14 
2738	3 
2739	6 
2740	72 
2741	82 
2742	5 
2743	59 
2744	52 
2745	4 
2746	74 
2747	3 
2748	4 
2749	24 
2750	24 
2751	71 
2752	7 
2753	48 
2754	18 
2755	86 
2756	58 
2757	13 
2758	42 
2759	42 
2760	73 
2761	73 
2762	10 
2763	86 
2764	22 
2765	75 
2766	74 
2767	12 
2768	42 
2769	54 
2770	71 
2771	17 
2772	69 
2773	10 
2774	35 
2775	67 
2776	63 
2777	5 
2778	14 
2779	13 
2780	2 
2781	31 
2782	81 
2783	74 
2784	62 
2785	30 
2786	72 
2787	27 
2788	73 
2789	40 
2790	41 
2791	33 
2792	57 
2793	88 
2794	46 
2795	12 
2796	20 
2797	60 
2798	15 
2799	32 
2800	12 
2801	74 
2802	7 
2803	86 
2804	34 
2805	23 
2806	18 
2807	87 
2808	2 
2809	76 
2810	41 
2811	73 
2812	41 
2813	19 
2814	36 
2815	49 
2816	35 
2817	55 
2818	28 
2819	16 
2820	12 
2821	22 
2822	29 
2823	3 
2824	46 
2825	25 
2826	11 
2827	56 
2828	60 
2829	60 
2830	35 
2831	31 
2832	58 
2833	83 
2834	24 
2835	28 
2836	28 
2837	82 
2838	24 
2839	42 
2840	20 
2841	80 
2842	84 
2843	13 
2844	28 
2845	73 
2846	17 
2847	11 
2848	47 
2849	44 
2850	87 
2851	38 
2852	84 
2853	35 
2854	14 
2855	2 
2856	44 
2857	50 
2858	10 
2859	58 
2860	6 
2861	33 
2862	73 
2863	69 
2864	24 
2865	73 
2866	15 
2867	19 
2868	64 
2869	37 
2870	35 
2871	37 
2872	24 
2873	68 
2874	23 
2875	33 
2876	20 
2877	31 
2878	3 
2879	33 
2880	21 
2881	58 
2882	48 
2883	34 
2884	3 
2885	11 
2886	84 
2887	43 
2888	79 
2889	63 
2890	25 
2891	60 
2892	40 
2893	57 
2894	20 
2895	88 
2896	78 
2897	86 
2898	68 
2899	10 
2900	52 
2901	65 
2902	48 
2903	4 
2904	12 
2905	63 
2906	67 
2907	9 
2908	88 
2909	41 
2910	4 
2911	32 
2912	79 
2913	82 
2914	41 
2915	70 
2916	88 
2917	34 
2918	11 
2919	59 
2920	88 
2921	83 
2922	56 
2923	52 
2924	86 
2925	12 
2926	57 
2927	84 
2928	10 
2929	53 
2930	48 
2931	57 
2932	53 
2933	62 
2934	75 
2935	57 
2936	10 
2937	45 
2938	2 
2939	81 
2940	46 
2941	16 
2942	56 
2943	23 
2944	46 
2945	85 
2946	61 
2947	87 
2948	63 
2949	44 
2950	42 
2951	40 
2952	59 
2953	12 
2954	27 
2955	79 
2956	24 
2957	59 
2958	70 
2959	57 
2960	44 
2961	55 
2962	49 
2963	63 
2964	72 
2965	28 
2966	73 
2967	50 
2968	59 
2969	85 
2970	86 
2971	76 
2972	38 
2973	7 
2974	78 
2975	1 
2976	62 
2977	16 
2978	77 
2979	16 
2980	14 
2981	73 
2982	2 
2983	87 
2984	83 
2985	46 
2986	54 
2987	60 
2988	76 
2989	82 
2990	70 
2991	35 
2992	73 
2993	44 
2994	22 
2995	29 
2996	81 
2997	3 
2998	6 
2999	40 
3000	60 
3001	12 
3002	31 
3003	30 
3004	54 
3005	11 
3006	27 
3007	60 
3008	32 
3009	1 
3010	68 
3011	31 
3012	19 
3013	54 
3014	49 
3015	60 
3016	61 
3017	3 
3018	23 
3019	59 
3020	18 
3021	84 
3022	86 
3023	42 
3024	13 
3025	45 
3026	12 
3027	27 
3028	65 
3029	53 
3030	4 
3031	11 
3032	19 
3033	60 
3034	12 
3035	67 
3036	46 
3037	51 
3038	80 
3039	58 
3040	32 
3041	21 
3042	30 
3043	81 
3044	67 
3045	67 
3046	59 
3047	22 
3048	81 
3049	74 
3050	8 
3051	41 
3052	46 
3053	69 
3054	43 
3055	6 
3056	87 
3057	81 
3058	29 
3059	56 
3060	44 
3061	12 
3062	15 
3063	31 
3064	2 
3065	57 
3066	54 
3067	48 
3068	38 
3069	41 
3070	15 
3071	62 
3072	69 
3073	80 
3074	88 
3075	64 
3076	31 
3077	7 
3078	78 
3079	64 
3080	3 
3081	29 
3082	73 
3083	61 
3084	87 
3085	87 
3086	82 
3087	15 
3088	34 
3089	18 
3090	17 
3091	81 
3092	72 
3093	72 
3094	31 
3095	37 
3096	82 
3097	33 
3098	59 
3099	65 
3100	66 
3101	74 
3102	34 
3103	70 
3104	25 
3105	51 
3106	35 
3107	17 
3108	54 
3109	60 
3110	7 
3111	33 
3112	85 
3113	53 
3114	1 
3115	21 
3116	25 
3117	74 
3118	36 
3119	67 
3120	23 
3121	59 
3122	15 
3123	2 
3124	33 
3125	8 
3126	82 
3127	19 
3128	16 
3129	41 
3130	56 
3131	39 
3132	63 
3133	63 
3134	22 
3135	44 
3136	52 
3137	82 
3138	57 
3139	48 
3140	29 
3141	34 
3142	11 
3143	37 
3144	19 
3145	61 
3146	82 
3147	62 
3148	63 
3149	81 
3150	68 
3151	75 
3152	14 
3153	44 
3154	65 
3155	21 
3156	73 
3157	6 
3158	77 
3159	51 
3160	59 
3161	59 
3162	87 
3163	74 
3164	10 
3165	41 
3166	80 
3167	78 
3168	59 
3169	87 
3170	25 
3171	38 
3172	29 
3173	52 
3174	50 
3175	18 
3176	72 
3177	14 
3178	45 
3179	5 
3180	73 
3181	59 
3182	72 
3183	62 
3184	88 
3185	65 
3186	29 
3187	84 
3188	86 
3189	9 
3190	43 
3191	73 
3192	15 
3193	65 
3194	66 
3195	16 
3196	41 
3197	41 
3198	5 
3199	64 
3200	27 
3201	54 
3202	11 
3203	74 
3204	69 
3205	6 
3206	26 
3207	36 
3208	45 
3209	20 
3210	47 
3211	57 
3212	87 
3213	38 
3214	37 
3215	55 
3216	72 
3217	19 
3218	18 
3219	80 
3220	50 
3221	82 
3222	22 
3223	33 
3224	80 
3225	22 
3226	11 
3227	27 
3228	39 
3229	2 
3230	9 
3231	80 
3232	68 
3233	66 
3234	46 
3235	64 
3236	58 
3237	38 
3238	17 
3239	13 
3240	27 
3241	43 
3242	52 
3243	72 
3244	46 
3245	52 
3246	43 
3247	11 
3248	10 
3249	58 
3250	4 
3251	85 
3252	78 
3253	70 
3254	86 
3255	58 
3256	51 
3257	44 
3258	71 
3259	60 
3260	21 
3261	71 
3262	77 
3263	50 
3264	31 
3265	21 
3266	17 
3267	42 
3268	71 
3269	87 
3270	84 
3271	62 
3272	19 
3273	63 
3274	40 
3275	13 
3276	53 
3277	81 
3278	62 
3279	62 
3280	20 
3281	87 
3282	70 
3283	22 
3284	19 
3285	26 
3286	50 
3287	51 
3288	71 
3289	84 
3290	42 
3291	25 
3292	29 
3293	21 
3294	74 
3295	52 
3296	73 
3297	52 
3298	17 
3299	72 
3300	9 
3301	86 
3302	11 
3303	81 
3304	63 
3305	65 
3306	70 
3307	85 
3308	70 
3309	73 
3310	77 
3311	44 
3312	58 
3313	61 
3314	37 
3315	17 
3316	40 
3317	68 
3318	60 
3319	49 
3320	30 
3321	61 
3322	53 
3323	81 
3324	47 
3325	80 
3326	38 
3327	68 
3328	55 
3329	82 
3330	71 
3331	3 
3332	61 
3333	9 
3334	43 
3335	63 
3336	30 
3337	19 
3338	15 
3339	16 
3340	39 
3341	4 
3342	59 
3343	16 
3344	53 
3345	3 
3346	3 
3347	14 
3348	45 
3349	28 
3350	8 
3351	27 
3352	86 
3353	6 
3354	46 
3355	85 
3356	72 
3357	48 
3358	62 
3359	57 
3360	62 
3361	16 
3362	7 
3363	63 
3364	46 
3365	16 
3366	27 
3367	68 
3368	88 
3369	45 
3370	18 
3371	12 
3372	44 
3373	25 
3374	21 
3375	58 
3376	77 
3377	7 
3378	51 
3379	43 
3380	3 
3381	54 
3382	68 
3383	64 
3384	50 
3385	32 
3386	43 
3387	74 
3388	15 
3389	19 
3390	75 
3391	4 
3392	39 
3393	2 
3394	79 
3395	50 
3396	58 
3397	33 
3398	69 
3399	71 
3400	67 
3401	56 
3402	5 
3403	19 
3404	17 
3405	56 
3406	20 
3407	64 
3408	12 
3409	50 
3410	37 
3411	26 
3412	67 
3413	70 
3414	76 
3415	64 
3416	31 
3417	83 
3418	62 
3419	19 
3420	53 
3421	30 
3422	57 
3423	69 
3424	22 
3425	66 
3426	46 
3427	75 
3428	30 
3429	21 
3430	68 
3431	60 
3432	51 
3433	87 
3434	67 
3435	14 
3436	67 
3437	1 
3438	46 
3439	62 
3440	66 
3441	42 
3442	35 
3443	71 
3444	41 
3445	5 
3446	61 
3447	16 
3448	12 
3449	1 
3450	9 
3451	15 
3452	6 
3453	50 
3454	51 
3455	21 
3456	49 
3457	38 
3458	2 
3459	27 
3460	12 
3461	58 
3462	76 
3463	29 
3464	52 
3465	22 
3466	31 
3467	23 
3468	73 
3469	74 
3470	41 
3471	10 
3472	6 
3473	34 
3474	77 
3475	32 
3476	66 
3477	81 
3478	5 
3479	78 
3480	27 
3481	19 
3482	59 
3483	51 
3484	8 
3485	65 
3486	3 
3487	59 
3488	52 
3489	82 
3490	73 
3491	79 
3492	31 
3493	14 
3494	57 
3495	46 
3496	62 
3497	21 
3498	72 
3499	62 
3500	59 
3501	37 
3502	53 
3503	20 
3504	22 
3505	44 
3506	67 
3507	27 
3508	78 
3509	62 
3510	12 
3511	8 
3512	55 
3513	31 
3514	23 
3515	47 
3516	51 
3517	86 
3518	11 
3519	65 
3520	59 
3521	58 
3522	35 
3523	17 
3524	45 
3525	59 
3526	48 
3527	56 
3528	74 
3529	49 
3530	14 
3531	6 
3532	32 
3533	17 
3534	70 
3535	23 
3536	73 
3537	30 
3538	43 
3539	19 
3540	1 
3541	39 
3542	80 
3543	59 
3544	14 
3545	39 
3546	66 
3547	60 
3548	85 
3549	29 
3550	81 
3551	28 
3552	65 
3553	27 
3554	80 
3555	44 
3556	41 
3557	64 
3558	68 
3559	81 
3560	58 
3561	59 
3562	72 
3563	61 
3564	35 
3565	54 
3566	4 
3567	63 
3568	6 
3569	74 
3570	75 
3571	5 
3572	64 
3573	36 
3574	75 
3575	62 
3576	44 
3577	81 
3578	80 
3579	61 
3580	26 
3581	55 
3582	25 
3583	43 
3584	59 
3585	58 
3586	11 
3587	9 
3588	3 
3589	83 
3590	86 
3591	31 
3592	66 
3593	63 
3594	87 
3595	73 
3596	29 
3597	88 
3598	72 
3599	57 
3600	72 
3601	71 
3602	41 
3603	62 
3604	33 
3605	35 
3606	22 
3607	58 
3608	70 
3609	47 
3610	56 
3611	81 
3612	26 
3613	68 
3614	67 
3615	57 
3616	34 
3617	61 
3618	45 
3619	54 
3620	5 
3621	58 
3622	45 
3623	66 
3624	33 
3625	19 
3626	46 
3627	63 
3628	11 
3629	27 
3630	24 
3631	36 
3632	32 
3633	11 
3634	9 
3635	24 
3636	31 
3637	45 
3638	36 
3639	2 
3640	32 
3641	77 
3642	6 
3643	20 
3644	84 
3645	28 
3646	16 
3647	18 
3648	82 
3649	44 
3650	8 
3651	46 
3652	35 
3653	11 
3654	87 
3655	38 
3656	3 
3657	79 
3658	10 
3659	53 
3660	7 
3661	76 
3662	84 
3663	58 
3664	4 
3665	52 
3666	25 
3667	66 
3668	28 
3669	73 
3670	32 
3671	25 
3672	62 
3673	35 
3674	55 
3675	52 
3676	59 
3677	21 
3678	46 
3679	54 
3680	38 
3681	51 
3682	44 
3683	18 
3684	47 
3685	57 
3686	26 
3687	86 
3688	1 
3689	79 
3690	73 
3691	66 
3692	15 
3693	49 
3694	34 
3695	74 
3696	45 
3697	3 
3698	6 
3699	26 
3700	63 
3701	43 
3702	82 
3703	36 
3704	22 
3705	32 
3706	55 
3707	66 
3708	50 
3709	12 
3710	12 
3711	71 
3712	24 
3713	4 
3714	80 
3715	31 
3716	38 
3717	26 
3718	12 
3719	4 
3720	52 
3721	80 
3722	38 
3723	37 
3724	26 
3725	12 
3726	80 
3727	80 
3728	37 
3729	73 
3730	7 
3731	45 
3732	73 
3733	60 
3734	7 
3735	8 
3736	56 
3737	15 
3738	49 
3739	25 
3740	44 
3741	81 
3742	84 
3743	41 
3744	41 
3745	22 
3746	77 
3747	41 
3748	72 
3749	67 
3750	77 
3751	79 
3752	78 
3753	13 
3754	11 
3755	64 
3756	32 
3757	61 
3758	37 
3759	40 
3760	77 
3761	29 
3762	67 
3763	56 
3764	50 
3765	34 
3766	35 
3767	49 
3768	27 
3769	3 
3770	6 
3771	50 
3772	82 
3773	43 
3774	1 
3775	52 
3776	44 
3777	46 
3778	23 
3779	41 
3780	78 
3781	46 
3782	84 
3783	2 
3784	37 
3785	85 
3786	33 
3787	13 
3788	81 
3789	44 
3790	17 
3791	17 
3792	71 
3793	1 
3794	79 
3795	84 
3796	51 
3797	51 
3798	21 
3799	31 
3800	16 
3801	62 
3802	39 
3803	65 
3804	59 
3805	73 
3806	82 
3807	82 
3808	58 
3809	15 
3810	52 
3811	49 
3812	79 
3813	38 
3814	79 
3815	25 
3816	69 
3817	64 
3818	41 
3819	50 
3820	21 
3821	22 
3822	50 
3823	55 
3824	14 
3825	68 
3826	69 
3827	17 
3828	41 
3829	22 
3830	18 
3831	44 
3832	26 
3833	51 
3834	24 
3835	84 
3836	36 
3837	44 
3838	57 
3839	16 
3840	11 
3841	29 
3842	66 
3843	16 
3844	1 
3845	1 
3846	16 
3847	67 
3848	12 
3849	75 
3850	62 
3851	31 
3852	27 
3853	40 
3854	79 
3855	77 
3856	86 
3857	45 
3858	41 
3859	69 
3860	62 
3861	70 
3862	74 
3863	20 
3864	84 
3865	2 
3866	84 
3867	59 
3868	38 
3869	56 
3870	31 
3871	71 
3872	65 
3873	23 
3874	67 
3875	13 
3876	56 
3877	25 
3878	8 
3879	84 
3880	54 
3881	85 
3882	69 
3883	36 
3884	53 
3885	8 
3886	8 
3887	22 
3888	11 
3889	53 
3890	72 
3891	6 
3892	45 
3893	49 
3894	29 
3895	5 
3896	5 
3897	57 
3898	53 
3899	7 
3900	45 
3901	79 
3902	11 
3903	21 
3904	38 
3905	12 
3906	71 
3907	72 
3908	3 
3909	47 
3910	38 
3911	77 
3912	22 
3913	31 
3914	14 
3915	35 
3916	80 
3917	11 
3918	11 
3919	78 
3920	22 
3921	54 
3922	11 
3923	24 
3924	54 
3925	47 
3926	35 
3927	66 
3928	57 
3929	42 
3930	58 
3931	75 
3932	74 
3933	39 
3934	66 
3935	5 
3936	46 
3937	1 
3938	54 
3939	25 
3940	30 
3941	31 
3942	39 
3943	86 
3944	21 
3945	81 
3946	12 
3947	62 
3948	5 
3949	59 
3950	58 
3951	26 
3952	43 
3953	57 
3954	81 
3955	74 
3956	52 
3957	17 
3958	61 
3959	34 
3960	83 
3961	7 
3962	80 
3963	30 
3964	51 
3965	74 
3966	64 
3967	32 
3968	80 
3969	30 
3970	50 
3971	45 
3972	66 
3973	22 
3974	14 
3975	55 
3976	33 
3977	10 
3978	78 
3979	88 
3980	63 
3981	74 
3982	7 
3983	7 
3984	16 
3985	52 
3986	48 
3987	50 
3988	35 
3989	52 
3990	11 
3991	74 
3992	68 
3993	20 
3994	12 
3995	38 
3996	11 
3997	16 
3998	20 
3999	3 
4000	24 
4001	47 
4002	62 
4003	87 
4004	53 
4005	81 
4006	35 
4007	33 
4008	32 
4009	80 
4010	81 
4011	40 
4012	20 
4013	69 
4014	80 
4015	57 
4016	85 
4017	37 
4018	44 
4019	70 
4020	86 
4021	11 
4022	57 
4023	41 
4024	1 
4025	85 
4026	20 
4027	58 
4028	8 
4029	88 
4030	44 
4031	48 
4032	20 
4033	24 
4034	69 
4035	26 
4036	60 
4037	37 
4038	86 
4039	5 
4040	23 
4041	50 
4042	27 
4043	26 
4044	24 
4045	44 
4046	35 
4047	73 
4048	9 
4049	12 
4050	6 
4051	64 
4052	32 
4053	39 
4054	33 
4055	87 
4056	66 
4057	31 
4058	2 
4059	20 
4060	61 
4061	23 
4062	51 
4063	32 
4064	63 
4065	2 
4066	63 
4067	26 
4068	22 
4069	82 
4070	64 
4071	51 
4072	6 
4073	13 
4074	76 
4075	4 
4076	73 
4077	65 
4078	68 
4079	27 
4080	41 
4081	86 
4082	31 
4083	52 
4084	82 
4085	86 
4086	3 
4087	29 
4088	56 
4089	10 
4090	30 
4091	18 
4092	18 
4093	62 
4094	23 
4095	2 
4096	73 
4097	32 
4098	10 
4099	62 
4100	68 
4101	8 
4102	78 
4103	69 
4104	76 
4105	80 
4106	27 
4107	38 
4108	87 
4109	34 
4110	42 
4111	66 
4112	66 
4113	17 
4114	31 
4115	54 
4116	26 
4117	85 
4118	35 
4119	69 
4120	58 
4121	53 
4122	45 
4123	8 
4124	69 
4125	63 
4126	5 
4127	27 
4128	38 
4129	55 
4130	22 
4131	27 
4132	2 
4133	29 
4134	68 
4135	27 
4136	80 
4137	3 
4138	27 
4139	80 
4140	32 
4141	61 
4142	86 
4143	16 
4144	22 
4145	50 
4146	33 
4147	86 
4148	8 
4149	4 
4150	1 
4151	7 
4152	39 
4153	19 
4154	83 
4155	81 
4156	4 
4157	79 
4158	60 
4159	65 
4160	9 
4161	76 
4162	46 
4163	20 
4164	75 
4165	59 
4166	86 
4167	56 
4168	50 
4169	37 
4170	64 
4171	18 
4172	12 
4173	41 
4174	16 
4175	75 
4176	62 
4177	61 
4178	55 
4179	9 
4180	55 
4181	4 
4182	24 
4183	16 
4184	63 
4185	62 
4186	53 
4187	1 
4188	39 
4189	40 
4190	46 
4191	72 
4192	64 
4193	57 
4194	84 
4195	55 
4196	82 
4197	81 
4198	7 
4199	43 
4200	33 
4201	86 
4202	8 
4203	81 
4204	65 
4205	57 
4206	59 
4207	72 
4208	70 
4209	6 
4210	74 
4211	63 
4212	79 
4213	51 
4214	59 
4215	35 
4216	42 
4217	10 
4218	17 
4219	79 
4220	62 
4221	83 
4222	48 
4223	56 
4224	44 
4225	22 
4226	61 
4227	47 
4228	18 
4229	18 
4230	20 
4231	32 
4232	19 
4233	1 
4234	51 
4235	62 
4236	33 
4237	26 
4238	11 
4239	11 
4240	1 
4241	39 
4242	32 
4243	7 
4244	65 
4245	66 
4246	37 
4247	46 
4248	88 
4249	35 
4250	83 
4251	10 
4252	33 
4253	61 
4254	30 
4255	2 
4256	35 
4257	68 
4258	49 
4259	58 
4260	8 
4261	82 
4262	67 
4263	63 
4264	69 
4265	43 
4266	6 
4267	87 
4268	63 
4269	75 
4270	70 
4271	67 
4272	42 
4273	73 
4274	5 
4275	30 
4276	8 
4277	4 
4278	71 
4279	51 
4280	74 
4281	45 
4282	60 
4283	21 
4284	56 
4285	23 
4286	23 
4287	34 
4288	47 
4289	75 
4290	46 
4291	2 
4292	48 
4293	86 
4294	34 
4295	41 
4296	22 
4297	83 
4298	14 
4299	29 
4300	37 
4301	75 
4302	64 
4303	10 
4304	27 
4305	18 
4306	38 
4307	57 
4308	31 
4309	75 
4310	41 
4311	38 
4312	9 
4313	35 
4314	26 
4315	2 
4316	11 
4317	36 
4318	57 
4319	20 
4320	3 
4321	84 
4322	34 
4323	19 
4324	61 
4325	35 
4326	55 
4327	72 
4328	79 
4329	32 
4330	55 
4331	50 
4332	69 
4333	44 
4334	37 
4335	21 
4336	67 
4337	9 
4338	67 
4339	7 
4340	53 
4341	15 
4342	41 
4343	33 
4344	67 
4345	38 
4346	7 
4347	4 
4348	47 
4349	18 
4350	86 
4351	25 
4352	74 
4353	40 
4354	37 
4355	44 
4356	83 
4357	73 
4358	68 
4359	57 
4360	78 
4361	83 
4362	37 
4363	65 
4364	56 
4365	16 
4366	40 
4367	22 
4368	40 
4369	73 
4370	85 
4371	52 
4372	5 
4373	56 
4374	6 
4375	81 
4376	87 
4377	27 
4378	59 
4379	73 
4380	25 
4381	4 
4382	49 
4383	72 
4384	85 
4385	40 
4386	10 
4387	36 
4388	11 
4389	36 
4390	18 
4391	41 
4392	2 
4393	26 
4394	9 
4395	83 
4396	70 
4397	4 
4398	70 
4399	15 
4400	8 
4401	46 
4402	56 
4403	3 
4404	26 
4405	70 
4406	20 
4407	24 
4408	50 
4409	45 
4410	55 
4411	52 
4412	85 
4413	86 
4414	57 
4415	32 
4416	79 
4417	26 
4418	44 
4419	39 
4420	14 
4421	64 
4422	49 
4423	59 
4424	52 
4425	85 
4426	32 
4427	26 
4428	63 
4429	11 
4430	3 
4431	32 
4432	28 
4433	38 
4434	47 
4435	17 
4436	10 
4437	79 
4438	21 
4439	83 
4440	67 
4441	18 
4442	63 
4443	18 
4444	31 
4445	70 
4446	46 
4447	11 
4448	80 
4449	43 
4450	66 
4451	64 
4452	67 
4453	68 
4454	68 
4455	62 
4456	86 
4457	26 
4458	85 
4459	39 
4460	66 
4461	42 
4462	46 
4463	38 
4464	11 
4465	73 
4466	56 
4467	38 
4468	63 
4469	28 
4470	20 
4471	78 
4472	80 
4473	70 
4474	4 
4475	14 
4476	85 
4477	14 
4478	13 
4479	12 
4480	68 
4481	56 
4482	25 
4483	29 
4484	38 
4485	54 
4486	67 
4487	33 
4488	76 
4489	52 
4490	62 
4491	68 
4492	15 
4493	34 
4494	39 
4495	20 
4496	23 
4497	62 
4498	79 
4499	77 
4500	15 
4501	19 
4502	73 
4503	50 
4504	5 
4505	49 
4506	21 
4507	6 
4508	38 
4509	29 
4510	6 
4511	76 
4512	6 
4513	84 
4514	1 
4515	81 
4516	15 
4517	57 
4518	41 
4519	23 
4520	66 
4521	3 
4522	21 
4523	75 
4524	17 
4525	75 
4526	68 
4527	44 
4528	18 
4529	28 
4530	43 
4531	24 
4532	31 
4533	65 
4534	43 
4535	55 
4536	37 
4537	79 
4538	78 
4539	31 
4540	6 
4541	4 
4542	79 
4543	88 
4544	87 
4545	12 
4546	31 
4547	22 
4548	3 
4549	71 
4550	8 
4551	3 
4552	85 
4553	31 
4554	15 
4555	46 
4556	48 
4557	80 
4558	81 
4559	38 
4560	2 
4561	17 
4562	41 
4563	56 
4564	22 
4565	35 
4566	34 
4567	32 
4568	36 
4569	80 
4570	25 
4571	79 
4572	15 
4573	74 
4574	26 
4575	62 
4576	21 
4577	50 
4578	39 
4579	11 
4580	17 
4581	51 
4582	38 
4583	82 
4584	66 
4585	55 
4586	88 
4587	20 
4588	88 
4589	71 
4590	50 
4591	61 
4592	76 
4593	80 
4594	73 
4595	41 
4596	24 
4597	36 
4598	62 
4599	14 
4600	58 
4601	73 
4602	73 
4603	14 
4604	29 
4605	71 
4606	49 
4607	8 
4608	61 
4609	65 
4610	15 
4611	25 
4612	26 
4613	63 
4614	21 
4615	8 
4616	11 
4617	55 
4618	50 
4619	16 
4620	48 
4621	18 
4622	31 
4623	8 
4624	68 
4625	22 
4626	11 
4627	44 
4628	70 
4629	55 
4630	85 
4631	20 
4632	72 
4633	29 
4634	57 
4635	61 
4636	11 
4637	78 
4638	16 
4639	32 
4640	67 
4641	17 
4642	58 
4643	25 
4644	45 
4645	48 
4646	81 
4647	10 
4648	36 
4649	6 
4650	24 
4651	17 
4652	58 
4653	4 
4654	40 
4655	45 
4656	69 
4657	70 
4658	38 
4659	73 
4660	16 
4661	3 
4662	21 
4663	42 
4664	3 
4665	37 
4666	33 
4667	73 
4668	78 
4669	40 
4670	27 
4671	73 
4672	37 
4673	56 
4674	4 
4675	49 
4676	32 
4677	62 
4678	4 
4679	81 
4680	39 
4681	72 
4682	74 
4683	19 
4684	86 
4685	21 
4686	11 
4687	19 
4688	11 
4689	18 
4690	55 
4691	71 
4692	58 
4693	1 
4694	37 
4695	71 
4696	64 
4697	4 
4698	51 
4699	66 
4700	27 
4701	20 
4702	75 
4703	9 
4704	10 
4705	72 
4706	76 
4707	12 
4708	6 
4709	8 
4710	51 
4711	72 
4712	41 
4713	29 
4714	34 
4715	19 
4716	40 
4717	24 
4718	37 
4719	8 
4720	35 
4721	3 
4722	11 
4723	24 
4724	6 
4725	13 
4726	40 
4727	30 
4728	50 
4729	16 
4730	24 
4731	77 
4732	57 
4733	4 
4734	4 
4735	44 
4736	20 
4737	32 
4738	80 
4739	12 
4740	82 
4741	57 
4742	79 
4743	15 
4744	54 
4745	28 
4746	64 
4747	10 
4748	64 
4749	85 
4750	21 
4751	1 
4752	9 
4753	49 
4754	81 
4755	22 
4756	20 
4757	73 
4758	45 
4759	24 
4760	56 
4761	8 
4762	22 
4763	53 
4764	19 
4765	36 
4766	44 
4767	50 
4768	12 
4769	44 
4770	37 
4771	17 
4772	29 
4773	10 
4774	20 
4775	88 
4776	43 
4777	51 
4778	73 
4779	26 
4780	29 
4781	62 
4782	51 
4783	13 
4784	18 
4785	6 
4786	24 
4787	86 
4788	20 
4789	51 
4790	67 
4791	45 
4792	51 
4793	36 
4794	56 
4795	22 
4796	4 
4797	40 
4798	80 
4799	51 
4800	1 
4801	74 
4802	18 
4803	25 
4804	3 
4805	85 
4806	41 
4807	60 
4808	88 
4809	9 
4810	2 
4811	72 
4812	1 
4813	62 
4814	31 
4815	70 
4816	81 
4817	51 
4818	56 
4819	18 
4820	46 
4821	34 
4822	31 
4823	27 
4824	81 
4825	69 
4826	19 
4827	14 
4828	51 
4829	66 
4830	12 
4831	38 
4832	46 
4833	20 
4834	72 
4835	3 
4836	7 
4837	7 
4838	87 
4839	7 
4840	53 
4841	42 
4842	8 
4843	87 
4844	68 
4845	17 
4846	58 
4847	4 
4848	80 
4849	15 
4850	64 
4851	65 
4852	6 
4853	45 
4854	48 
4855	22 
4856	82 
4857	42 
4858	50 
4859	71 
4860	77 
4861	66 
4862	27 
4863	61 
4864	68 
4865	9 
4866	20 
4867	23 
4868	65 
4869	79 
4870	36 
4871	24 
4872	12 
4873	37 
4874	64 
4875	12 
4876	16 
4877	32 
4878	65 
4879	45 
4880	12 
4881	23 
4882	71 
4883	72 
4884	33 
4885	42 
4886	88 
4887	85 
4888	41 
4889	44 
4890	30 
4891	57 
4892	30 
4893	50 
4894	5 
4895	42 
4896	31 
4897	7 
4898	51 
4899	61 
4900	67 
4901	28 
4902	66 
4903	45 
4904	4 
4905	51 
4906	49 
4907	15 
4908	71 
4909	48 
4910	74 
4911	42 
4912	83 
4913	69 
4914	81 
4915	48 
4916	17 
4917	81 
4918	57 
4919	60 
4920	49 
4921	63 
4922	61 
4923	46 
4924	84 
4925	63 
4926	72 
4927	61 
4928	56 
4929	16 
4930	81 
4931	71 
4932	66 
4933	6 
4934	35 
4935	21 
4936	56 
4937	32 
4938	63 
4939	51 
4940	87 
4941	51 
4942	14 
4943	72 
4944	88 
4945	47 
4946	88 
4947	12 
4948	51 
4949	37 
4950	37 
4951	73 
4952	13 
4953	39 
4954	88 
4955	84 
4956	74 
4957	72 
4958	22 
4959	71 
4960	12 
4961	82 
4962	3 
4963	80 
4964	20 
4965	2 
4966	24 
4967	69 
4968	78 
4969	68 
4970	27 
4971	71 
4972	47 
4973	86 
4974	70 
4975	26 
4976	77 
4977	40 
4978	59 
4979	35 
4980	37 
4981	45 
4982	39 
4983	36 
4984	85 
4985	55 
4986	32 
4987	74 
4988	66 
4989	86 
4990	85 
4991	70 
4992	80 
4993	5 
4994	77 
4995	32 
4996	84 
4997	17 
4998	79 
4999	37 
5000	16 
5001	84 
5002	57 
5003	32 
5004	53 
5005	59 
5006	11 
5007	32 
5008	65 
5009	4 
5010	82 
5011	15 
5012	41 
5013	40 
5014	24 
5015	40 
5016	48 
5017	77 
5018	81 
5019	71 
5020	72 
5021	62 
5022	26 
5023	38 
5024	66 
5025	24 
5026	86 
5027	71 
5028	65 
5029	23 
5030	26 
5031	10 
5032	17 
5033	48 
5034	3 
5035	29 
5036	34 
5037	87 
5038	74 
5039	64 
5040	10 
5041	13 
5042	69 
5043	37 
5044	77 
5045	24 
5046	43 
5047	25 
5048	72 
5049	44 
5050	34 
5051	86 
5052	71 
5053	18 
5054	49 
5055	65 
5056	47 
5057	59 
5058	27 
5059	57 
5060	4 
5061	75 
5062	11 
5063	68 
5064	61 
5065	80 
5066	49 
5067	41 
5068	54 
5069	8 
5070	84 
5071	74 
5072	57 
5073	37 
5074	11 
5075	54 
5076	14 
5077	49 
5078	69 
5079	26 
5080	20 
5081	26 
5082	73 
5083	87 
5084	19 
5085	6 
5086	38 
5087	87 
5088	70 
5089	69 
5090	4 
5091	39 
5092	28 
5093	72 
5094	76 
5095	31 
5096	29 
5097	19 
5098	66 
5099	23 
5100	64 
5101	17 
5102	68 
5103	23 
5104	81 
5105	55 
5106	76 
5107	39 
5108	71 
5109	57 
5110	76 
5111	81 
5112	71 
5113	58 
5114	59 
5115	84 
5116	52 
5117	28 
5118	44 
5119	78 
5120	16 
5121	68 
5122	80 
5123	39 
5124	24 
5125	44 
5126	1 
5127	35 
5128	22 
5129	67 
5130	46 
5131	9 
5132	88 
5133	71 
5134	30 
5135	45 
5136	12 
5137	7 
5138	37 
5139	41 
5140	58 
5141	71 
5142	21 
5143	7 
5144	24 
5145	1 
5146	74 
5147	42 
5148	39 
5149	61 
5150	46 
5151	54 
5152	64 
5153	16 
5154	11 
5155	20 
5156	71 
5157	10 
5158	39 
5159	32 
5160	29 
5161	14 
5162	31 
5163	12 
5164	35 
5165	57 
5166	76 
5167	85 
5168	44 
5169	48 
5170	63 
5171	21 
5172	86 
5173	65 
5174	83 
5175	76 
5176	54 
5177	28 
5178	11 
5179	52 
5180	63 
5181	54 
5182	3 
5183	86 
5184	8 
5185	69 
5186	37 
5187	70 
5188	46 
5189	88 
5190	57 
5191	29 
5192	72 
5193	87 
5194	87 
5195	38 
5196	12 
5197	18 
5198	68 
5199	56 
5200	73 
5201	64 
5202	47 
5203	2 
5204	66 
5205	57 
5206	4 
5207	88 
5208	37 
5209	66 
5210	1 
5211	62 
5212	78 
5213	20 
5214	78 
5215	77 
5216	3 
5217	74 
5218	23 
5219	50 
5220	56 
5221	19 
5222	34 
5223	77 
5224	71 
5225	67 
5226	47 
5227	70 
5228	51 
5229	70 
5230	81 
5231	27 
5232	44 
5233	27 
5234	3 
5235	34 
5236	7 
5237	60 
5238	79 
5239	70 
5240	54 
5241	12 
5242	67 
5243	73 
5244	73 
5245	44 
5246	40 
5247	54 
5248	54 
5249	76 
5250	81 
5251	15 
5252	27 
5253	58 
5254	67 
5255	27 
5256	42 
5257	61 
5258	10 
5259	29 
5260	11 
5261	35 
5262	86 
5263	7 
5264	2 
5265	22 
5266	51 
5267	17 
5268	2 
5269	21 
5270	27 
5271	24 
5272	1 
5273	54 
5274	24 
5275	49 
5276	46 
5277	19 
5278	28 
5279	58 
5280	56 
5281	17 
5282	71 
5283	58 
5284	69 
5285	49 
5286	31 
5287	6 
5288	5 
5289	88 
5290	60 
5291	42 
5292	19 
5293	16 
5294	19 
5295	40 
5296	18 
5297	76 
5298	49 
5299	70 
5300	19 
5301	84 
5302	50 
5303	48 
5304	28 
5305	2 
5306	72 
5307	75 
5308	19 
5309	17 
5310	8 
5311	6 
5312	4 
5313	43 
5314	27 
5315	84 
5316	3 
5317	40 
5318	55 
5319	39 
5320	27 
5321	10 
5322	4 
5323	65 
5324	20 
5325	38 
5326	61 
5327	58 
5328	57 
5329	41 
5330	4 
5331	50 
5332	46 
5333	82 
5334	4 
5335	61 
5336	87 
5337	53 
5338	19 
5339	1 
5340	9 
5341	6 
5342	70 
5343	15 
5344	3 
5345	82 
5346	78 
5347	46 
5348	57 
5349	29 
5350	43 
5351	21 
5352	73 
5353	59 
5354	55 
5355	54 
5356	19 
5357	41 
5358	73 
5359	60 
5360	41 
5361	33 
5362	86 
5363	46 
5364	49 
5365	33 
5366	88 
5367	58 
5368	55 
5369	11 
5370	5 
5371	74 
5372	32 
5373	7 
5374	69 
5375	38 
5376	19 
5377	85 
5378	54 
5379	37 
5380	38 
5381	49 
5382	10 
5383	37 
5384	73 
5385	38 
5386	11 
5387	64 
5388	58 
5389	64 
5390	10 
5391	60 
5392	81 
5393	56 
5394	12 
5395	66 
5396	59 
5397	80 
5398	30 
5399	56 
5400	50 
5401	17 
5402	52 
5403	19 
5404	15 
5405	9 
5406	6 
5407	3 
5408	11 
5409	61 
5410	72 
5411	21 
5412	65 
5413	88 
5414	70 
5415	45 
5416	10 
5417	25 
5418	70 
5419	11 
5420	71 
5421	87 
5422	86 
5423	57 
5424	67 
5425	1 
5426	71 
5427	49 
5428	37 
5429	58 
5430	63 
5431	31 
5432	44 
5433	39 
5434	39 
5435	43 
5436	23 
5437	29 
5438	44 
5439	66 
5440	53 
5441	63 
5442	27 
5443	3 
5444	22 
5445	43 
5446	10 
5447	59 
5448	71 
5449	66 
5450	63 
5451	45 
5452	6 
5453	52 
5454	25 
5455	41 
5456	41 
5457	74 
5458	25 
5459	72 
5460	10 
5461	82 
5462	28 
5463	14 
5464	83 
5465	67 
5466	28 
5467	6 
5468	80 
5469	58 
5470	7 
5471	25 
5472	30 
5473	81 
5474	44 
5475	84 
5476	69 
5477	17 
5478	35 
5479	17 
5480	74 
5481	75 
5482	30 
5483	56 
5484	75 
5485	41 
5486	75 
5487	53 
5488	12 
5489	17 
5490	47 
5491	34 
5492	58 
5493	64 
5494	24 
5495	21 
5496	14 
5497	72 
5498	2 
5499	11 
5500	8 
5501	11 
5502	70 
5503	25 
5504	35 
5505	68 
5506	32 
5507	32 
5508	67 
5509	52 
5510	11 
5511	64 
5512	26 
5513	31 
5514	35 
5515	65 
5516	80 
5517	11 
5518	26 
5519	66 
5520	64 
5521	31 
5522	16 
5523	14 
5524	66 
5525	3 
5526	79 
5527	68 
5528	45 
5529	41 
5530	15 
5531	88 
5532	87 
5533	27 
5534	27 
5535	78 
5536	65 
5537	11 
5538	12 
5539	50 
5540	35 
5541	73 
5542	19 
5543	53 
5544	59 
5545	76 
5546	76 
5547	58 
5548	34 
5549	32 
5550	7 
5551	26 
5552	52 
5553	86 
5554	86 
5555	70 
5556	33 
5557	41 
5558	46 
5559	12 
5560	75 
5561	9 
5562	31 
5563	86 
5564	17 
5565	9 
5566	53 
5567	41 
5568	27 
5569	20 
5570	87 
5571	87 
5572	31 
5573	39 
5574	36 
5575	46 
5576	16 
5577	85 
5578	42 
5579	17 
5580	60 
5581	49 
5582	46 
5583	71 
5584	32 
5585	37 
5586	8 
5587	15 
5588	23 
5589	75 
5590	44 
5591	86 
5592	29 
5593	48 
5594	62 
5595	28 
5596	10 
5597	72 
5598	34 
5599	55 
5600	60 
5601	1 
5602	64 
5603	39 
5604	59 
5605	60 
5606	57 
5607	22 
5608	71 
5609	84 
5610	27 
5611	18 
5612	1 
5613	54 
5614	39 
5615	3 
5616	70 
5617	4 
5618	75 
5619	26 
5620	81 
5621	59 
5622	40 
5623	73 
5624	16 
5625	50 
5626	48 
5627	33 
5628	45 
5629	32 
5630	69 
5631	21 
5632	30 
5633	40 
5634	83 
5635	27 
5636	59 
5637	39 
5638	71 
5639	71 
5640	36 
5641	43 
5642	69 
5643	87 
5644	76 
5645	84 
5646	38 
5647	83 
5648	48 
5649	86 
5650	80 
5651	14 
5652	24 
5653	50 
5654	6 
5655	22 
5656	60 
5657	1 
5658	41 
5659	79 
5660	40 
5661	81 
5662	76 
5663	74 
5664	66 
5665	8 
5666	20 
5667	64 
5668	75 
5669	17 
5670	41 
5671	79 
5672	61 
5673	62 
5674	70 
5675	24 
5676	87 
5677	11 
5678	62 
5679	82 
5680	62 
5681	42 
5682	16 
5683	53 
5684	7 
5685	86 
5686	88 
5687	26 
5688	54 
5689	31 
5690	77 
5691	32 
5692	41 
5693	44 
5694	66 
5695	33 
5696	13 
5697	37 
5698	29 
5699	38 
5700	61 
5701	72 
5702	79 
5703	63 
5704	53 
5705	36 
5706	37 
5707	44 
5708	3 
5709	25 
5710	64 
5711	11 
5712	46 
5713	31 
5714	9 
5715	34 
5716	77 
5717	42 
5718	50 
5719	7 
5720	19 
5721	72 
5722	85 
5723	38 
5724	53 
5725	60 
5726	86 
5727	40 
5728	44 
5729	64 
5730	18 
5731	68 
5732	34 
5733	20 
5734	71 
5735	52 
5736	25 
5737	70 
5738	73 
5739	28 
5740	45 
5741	68 
5742	10 
5743	9 
5744	80 
5745	27 
5746	8 
5747	4 
5748	55 
5749	36 
5750	63 
5751	53 
5752	65 
5753	47 
5754	59 
5755	20 
5756	60 
5757	4 
5758	43 
5759	10 
5760	73 
5761	38 
5762	85 
5763	45 
5764	19 
5765	53 
5766	28 
5767	7 
5768	15 
5769	64 
5770	24 
5771	75 
5772	79 
5773	73 
5774	32 
5775	83 
5776	64 
5777	27 
5778	70 
5779	60 
5780	72 
5781	77 
5782	24 
5783	80 
5784	22 
5785	62 
5786	25 
5787	48 
5788	58 
5789	22 
5790	50 
5791	49 
5792	61 
5793	57 
5794	59 
5795	1 
5796	87 
5797	55 
5798	5 
5799	70 
5800	63 
5801	61 
5802	86 
5803	35 
5804	51 
5805	87 
5806	49 
5807	81 
5808	48 
5809	16 
5810	84 
5811	36 
5812	27 
5813	40 
5814	63 
5815	28 
5816	6 
5817	44 
5818	41 
5819	15 
5820	47 
5821	39 
5822	25 
5823	1 
5824	56 
5825	11 
5826	7 
5827	54 
5828	57 
5829	20 
5830	22 
5831	36 
5832	71 
5833	85 
5834	20 
5835	51 
5836	19 
5837	23 
5838	38 
5839	51 
5840	20 
5841	35 
5842	33 
5843	60 
5844	85 
5845	67 
5846	59 
5847	6 
5848	41 
5849	85 
5850	12 
5851	36 
5852	38 
5853	2 
5854	85 
5855	86 
5856	32 
5857	67 
5858	46 
5859	37 
5860	78 
5861	49 
5862	21 
5863	48 
5864	57 
5865	80 
5866	37 
5867	50 
5868	38 
5869	78 
5870	32 
5871	28 
5872	31 
5873	62 
5874	14 
5875	53 
5876	48 
5877	88 
5878	56 
5879	17 
5880	64 
5881	80 
5882	18 
5883	67 
5884	75 
5885	51 
5886	16 
5887	58 
5888	14 
5889	49 
5890	86 
5891	55 
5892	63 
5893	38 
5894	80 
5895	69 
5896	85 
5897	45 
5898	46 
5899	71 
5900	31 
5901	42 
5902	86 
5903	45 
5904	81 
5905	20 
5906	4 
5907	58 
5908	40 
5909	24 
5910	84 
5911	67 
5912	88 
5913	23 
5914	25 
5915	26 
5916	44 
5917	68 
5918	46 
5919	46 
5920	19 
5921	84 
5922	3 
5923	76 
5924	42 
5925	62 
5926	60 
5927	6 
5928	84 
5929	49 
5930	65 
5931	12 
5932	69 
5933	10 
5934	63 
5935	45 
5936	70 
5937	29 
5938	29 
5939	10 
5940	58 
5941	78 
5942	77 
5943	64 
5944	49 
5945	88 
5946	73 
5947	8 
5948	51 
5949	17 
5950	12 
5951	10 
5952	37 
5953	7 
5954	28 
5955	18 
5956	87 
5957	12 
5958	80 
5959	65 
5960	8 
5961	55 
5962	76 
5963	71 
5964	6 
5965	31 
5966	52 
5967	38 
5968	4 
5969	58 
5970	35 
5971	83 
5972	86 
5973	65 
5974	32 
5975	57 
5976	15 
5977	25 
5978	70 
5979	41 
5980	3 
5981	44 
5982	75 
5983	86 
5984	51 
5985	37 
5986	80 
5987	30 
5988	55 
5989	14 
5990	87 
5991	46 
5992	7 
5993	4 
5994	22 
5995	44 
5996	8 
5997	33 
5998	15 
5999	73 
6000	62 
6001	1 
6002	40 
6003	81 
6004	37 
6005	83 
6006	32 
6007	76 
6008	88 
6009	66 
6010	37 
6011	79 
6012	44 
6013	35 
6014	72 
6015	35 
6016	59 
6017	41 
6018	41 
6019	41 
6020	70 
6021	41 
6022	69 
6023	63 
6024	68 
6025	47 
6026	12 
6027	1 
6028	65 
6029	7 
6030	84 
6031	43 
6032	25 
6033	70 
6034	80 
6035	47 
6036	30 
6037	81 
6038	87 
6039	58 
6040	81 
6041	80 
6042	60 
6043	61 
6044	18 
6045	66 
6046	65 
6047	23 
6048	48 
6049	33 
6050	21 
6051	59 
6052	33 
6053	14 
6054	68 
6055	31 
6056	72 
6057	22 
6058	26 
6059	78 
6060	7 
6061	69 
6062	36 
6063	36 
6064	9 
6065	43 
6066	71 
6067	71 
6068	81 
6069	11 
6070	70 
6071	64 
6072	32 
6073	62 
6074	44 
6075	35 
6076	72 
6077	48 
6078	28 
6079	82 
6080	49 
6081	71 
6082	86 
6083	65 
6084	25 
6085	65 
6086	75 
6087	40 
6088	56 
6089	75 
6090	7 
6091	70 
6092	68 
6093	75 
6094	53 
6095	86 
6096	80 
6097	33 
6098	36 
6099	51 
6100	54 
6101	4 
6102	49 
6103	23 
6104	41 
6105	74 
6106	82 
6107	76 
6108	47 
6109	63 
6110	10 
6111	8 
6112	2 
6113	47 
6114	57 
6115	73 
6116	42 
6117	88 
6118	51 
6119	42 
6120	26 
6121	70 
6122	22 
6123	88 
6124	72 
6125	84 
6126	25 
6127	70 
6128	71 
6129	50 
6130	70 
6131	22 
6132	39 
6133	33 
6134	70 
6135	25 
6136	11 
6137	14 
6138	9 
6139	51 
6140	75 
6141	31 
6142	83 
6143	9 
6144	39 
6145	23 
6146	6 
6147	17 
6148	43 
6149	69 
6150	79 
6151	37 
6152	86 
6153	16 
6154	42 
6155	9 
6156	6 
6157	41 
6158	62 
6159	56 
6160	58 
6161	76 
6162	76 
6163	35 
6164	30 
6165	67 
6166	8 
6167	4 
6168	78 
6169	48 
6170	71 
6171	70 
6172	30 
6173	32 
6174	84 
6175	58 
6176	29 
6177	65 
6178	50 
6179	31 
6180	40 
6181	21 
6182	18 
6183	31 
6184	17 
6185	27 
6186	20 
6187	73 
6188	1 
6189	77 
6190	70 
6191	53 
6192	11 
6193	32 
6194	6 
6195	84 
6196	69 
6197	67 
6198	68 
6199	52 
6200	64 
6201	86 
6202	87 
6203	4 
6204	57 
6205	62 
6206	17 
6207	73 
6208	31 
6209	35 
6210	87 
6211	32 
6212	84 
6213	41 
6214	66 
6215	4 
6216	27 
6217	55 
6218	29 
6219	14 
6220	74 
6221	1 
6222	9 
6223	57 
6224	58 
6225	15 
6226	37 
6227	31 
6228	84 
6229	22 
6230	34 
6231	71 
6232	62 
6233	56 
6234	46 
6235	22 
6236	77 
6237	27 
6238	59 
6239	28 
6240	40 
6241	4 
6242	33 
6243	49 
6244	82 
6245	82 
6246	65 
6247	9 
6248	64 
6249	85 
6250	67 
6251	67 
6252	36 
6253	39 
6254	43 
6255	81 
6256	43 
6257	57 
6258	67 
6259	64 
6260	20 
6261	35 
6262	11 
6263	44 
6264	28 
6265	70 
6266	3 
6267	2 
6268	25 
6269	57 
6270	13 
6271	9 
6272	45 
6273	87 
6274	8 
6275	22 
6276	1 
6277	12 
6278	4 
6279	53 
6280	5 
6281	86 
6282	73 
6283	80 
6284	80 
6285	46 
6286	62 
6287	12 
6288	19 
6289	9 
6290	9 
6291	80 
6292	2 
6293	36 
6294	80 
6295	43 
6296	64 
6297	36 
6298	51 
6299	23 
6300	28 
6301	70 
6302	83 
6303	79 
6304	5 
6305	22 
6306	46 
6307	34 
6308	32 
6309	33 
6310	82 
6311	13 
6312	8 
6313	68 
6314	50 
6315	86 
6316	1 
6317	80 
6318	50 
6319	49 
6320	88 
6321	42 
6322	40 
6323	17 
6324	50 
6325	46 
6326	80 
6327	80 
6328	71 
6329	85 
6330	4 
6331	31 
6332	61 
6333	34 
6334	18 
6335	22 
6336	69 
6337	50 
6338	76 
6339	50 
6340	14 
6341	84 
6342	41 
6343	24 
6344	52 
6345	57 
6346	30 
6347	56 
6348	69 
6349	63 
6350	8 
6351	65 
6352	45 
6353	76 
6354	71 
6355	25 
6356	54 
6357	55 
6358	74 
6359	82 
6360	11 
6361	63 
6362	72 
6363	4 
6364	88 
6365	59 
6366	73 
6367	70 
6368	62 
6369	48 
6370	32 
6371	31 
6372	32 
6373	51 
6374	55 
6375	57 
6376	68 
6377	57 
6378	35 
6379	71 
6380	49 
6381	80 
6382	30 
6383	57 
6384	37 
6385	72 
6386	48 
6387	64 
6388	22 
6389	13 
6390	16 
6391	63 
6392	43 
6393	75 
6394	47 
6395	36 
6396	11 
6397	40 
6398	64 
6399	4 
6400	70 
6401	72 
6402	60 
6403	86 
6404	62 
6405	51 
6406	31 
6407	52 
6408	49 
6409	86 
6410	61 
6411	44 
6412	35 
6413	75 
6414	69 
6415	24 
6416	27 
6417	74 
6418	72 
6419	52 
6420	26 
6421	51 
6422	37 
6423	53 
6424	20 
6425	33 
6426	25 
6427	36 
6428	14 
6429	34 
6430	70 
6431	70 
6432	25 
6433	21 
6434	74 
6435	75 
6436	23 
6437	7 
6438	42 
6439	37 
6440	66 
6441	77 
6442	1 
6443	80 
6444	38 
6445	3 
6446	79 
6447	36 
6448	43 
6449	83 
6450	19 
6451	26 
6452	1 
6453	5 
6454	9 
6455	19 
6456	82 
6457	69 
6458	32 
6459	31 
6460	61 
6461	27 
6462	12 
6463	86 
6464	60 
6465	72 
6466	86 
6467	26 
6468	50 
6469	45 
6470	61 
6471	70 
6472	18 
6473	33 
6474	14 
6475	5 
6476	46 
6477	32 
6478	47 
6479	79 
6480	56 
6481	39 
6482	71 
6483	13 
6484	38 
6485	32 
6486	62 
6487	2 
6488	71 
6489	5 
6490	4 
6491	57 
6492	59 
6493	53 
6494	51 
6495	60 
6496	77 
6497	81 
6498	83 
6499	61 
6500	72 
6501	14 
6502	2 
6503	3 
6504	7 
6505	63 
6506	58 
6507	86 
6508	16 
6509	78 
6510	25 
6511	43 
6512	11 
6513	71 
6514	22 
6515	45 
6516	73 
6517	38 
6518	62 
6519	10 
6520	5 
6521	12 
6522	39 
6523	24 
6524	68 
6525	5 
6526	47 
6527	51 
6528	86 
6529	33 
6530	27 
6531	75 
6532	57 
6533	3 
6534	74 
6535	74 
6536	58 
6537	82 
6538	75 
6539	40 
6540	18 
6541	14 
6542	14 
6543	54 
6544	21 
6545	26 
6546	45 
6547	50 
6548	2 
6549	85 
6550	40 
6551	59 
6552	56 
6553	11 
6554	23 
6555	64 
6556	24 
6557	13 
6558	54 
6559	78 
6560	70 
6561	4 
6562	66 
6563	16 
6564	49 
6565	49 
6566	87 
6567	40 
6568	63 
6569	78 
6570	25 
6571	72 
6572	26 
6573	49 
6574	38 
6575	4 
6576	1 
6577	78 
6578	22 
6579	37 
6580	77 
6581	7 
6582	33 
6583	57 
6584	82 
6585	41 
6586	9 
6587	5 
6588	74 
6589	49 
6590	21 
6591	85 
6592	56 
6593	21 
6594	32 
6595	5 
6596	20 
6597	20 
6598	68 
6599	73 
6600	67 
6601	86 
6602	12 
6603	73 
6604	3 
6605	71 
6606	22 
6607	24 
6608	37 
6609	45 
6610	61 
6611	26 
6612	81 
6613	57 
6614	28 
6615	77 
6616	25 
6617	84 
6618	13 
6619	21 
6620	83 
6621	10 
6622	80 
6623	60 
6624	68 
6625	33 
6626	6 
6627	82 
6628	29 
6629	44 
6630	44 
6631	44 
6632	62 
6633	86 
6634	82 
6635	72 
6636	66 
6637	49 
6638	66 
6639	71 
6640	2 
6641	70 
6642	42 
6643	77 
6644	35 
6645	43 
6646	56 
6647	16 
6648	57 
6649	70 
6650	51 
6651	27 
6652	66 
6653	5 
6654	49 
6655	9 
6656	25 
6657	73 
6658	54 
6659	67 
6660	70 
6661	7 
6662	31 
6663	72 
6664	8 
6665	41 
6666	57 
6667	23 
6668	55 
6669	20 
6670	12 
6671	21 
6672	5 
6673	37 
6674	80 
6675	23 
6676	65 
6677	61 
6678	61 
6679	61 
6680	28 
6681	87 
6682	59 
6683	30 
6684	78 
6685	49 
6686	70 
6687	23 
6688	70 
6689	58 
6690	74 
6691	70 
6692	65 
6693	8 
6694	36 
6695	43 
6696	72 
6697	73 
6698	28 
6699	38 
6700	28 
6701	50 
6702	1 
6703	73 
6704	38 
6705	70 
6706	68 
6707	7 
6708	37 
6709	59 
6710	85 
6711	25 
6712	84 
6713	16 
6714	58 
6715	4 
6716	84 
6717	2 
6718	40 
6719	77 
6720	79 
6721	43 
6722	27 
6723	24 
6724	5 
6725	40 
6726	13 
6727	5 
6728	88 
6729	40 
6730	78 
6731	17 
6732	27 
6733	55 
6734	45 
6735	74 
6736	26 
6737	10 
6738	37 
6739	37 
6740	81 
6741	16 
6742	82 
6743	21 
6744	4 
6745	71 
6746	72 
6747	72 
6748	57 
6749	16 
6750	41 
6751	50 
6752	27 
6753	10 
6754	69 
6755	59 
6756	72 
6757	16 
6758	3 
6759	61 
6760	86 
6761	86 
6762	63 
6763	51 
6764	64 
6765	23 
6766	86 
6767	15 
6768	68 
6769	12 
6770	60 
6771	65 
6772	36 
6773	16 
6774	26 
6775	49 
6776	66 
6777	63 
6778	64 
6779	87 
6780	72 
6781	31 
6782	59 
6783	52 
6784	59 
6785	54 
6786	72 
6787	33 
6788	64 
6789	15 
6790	73 
6791	85 
6792	5 
6793	42 
6794	58 
6795	17 
6796	8 
6797	4 
6798	84 
6799	15 
6800	39 
6801	57 
6802	31 
6803	22 
6804	11 
6805	2 
6806	8 
6807	75 
6808	44 
6809	83 
6810	34 
6811	37 
6812	73 
6813	32 
6814	54 
6815	47 
6816	56 
6817	47 
6818	48 
6819	34 
6820	30 
6821	15 
6822	62 
6823	33 
6824	59 
6825	59 
6826	52 
6827	8 
6828	43 
6829	19 
6830	9 
6831	6 
6832	37 
6833	23 
6834	20 
6835	56 
6836	29 
6837	37 
6838	11 
6839	68 
6840	28 
6841	19 
6842	38 
6843	81 
6844	25 
6845	51 
6846	46 
6847	74 
6848	87 
6849	15 
6850	73 
6851	56 
6852	5 
6853	12 
6854	75 
6855	31 
6856	65 
6857	46 
6858	38 
6859	22 
6860	45 
6861	47 
6862	57 
6863	84 
6864	20 
6865	50 
6866	61 
6867	73 
6868	25 
6869	83 
6870	45 
6871	24 
6872	35 
6873	74 
6874	81 
6875	11 
6876	9 
6877	63 
6878	77 
6879	53 
6880	27 
6881	56 
6882	58 
6883	58 
6884	73 
6885	16 
6886	57 
6887	54 
6888	67 
6889	19 
6890	79 
6891	65 
6892	3 
6893	83 
6894	82 
6895	70 
6896	4 
6897	4 
6898	38 
6899	39 
6900	28 
6901	57 
6902	76 
6903	28 
6904	65 
6905	7 
6906	65 
6907	22 
6908	65 
6909	29 
6910	40 
6911	71 
6912	80 
6913	85 
6914	56 
6915	64 
6916	86 
6917	21 
6918	5 
6919	7 
6920	63 
6921	74 
6922	72 
6923	59 
6924	51 
6925	79 
6926	53 
6927	75 
6928	3 
6929	84 
6930	60 
6931	25 
6932	73 
6933	29 
6934	63 
6935	37 
6936	55 
6937	71 
6938	13 
6939	61 
6940	70 
6941	61 
6942	44 
6943	72 
6944	20 
6945	70 
6946	6 
6947	47 
6948	23 
6949	38 
6950	69 
6951	81 
6952	49 
6953	53 
6954	71 
6955	41 
6956	43 
6957	73 
6958	32 
6959	82 
6960	73 
6961	87 
6962	74 
6963	65 
6964	87 
6965	62 
6966	20 
6967	44 
6968	49 
6969	50 
6970	87 
6971	63 
6972	16 
6973	27 
6974	30 
6975	56 
6976	56 
6977	50 
6978	81 
6979	14 
6980	4 
6981	39 
6982	81 
6983	77 
6984	61 
6985	44 
6986	37 
6987	74 
6988	57 
6989	87 
6990	62 
6991	61 
6992	11 
6993	24 
6994	11 
6995	57 
6996	88 
6997	54 
6998	54 
6999	59 
7000	24 
7001	85 
7002	74 
7003	57 
7004	23 
7005	73 
7006	27 
7007	80 
7008	44 
7009	10 
7010	25 
7011	40 
7012	63 
7013	12 
7014	38 
7015	3 
7016	66 
7017	71 
7018	57 
7019	65 
7020	55 
7021	51 
7022	8 
7023	35 
7024	74 
7025	31 
7026	85 
7027	18 
7028	41 
7029	76 
7030	58 
7031	55 
7032	50 
7033	37 
7034	84 
7035	20 
7036	23 
7037	20 
7038	70 
7039	80 
7040	31 
7041	66 
7042	9 
7043	34 
7044	58 
7045	55 
7046	66 
7047	12 
7048	25 
7049	54 
7050	73 
7051	70 
7052	45 
7053	79 
7054	35 
7055	7 
7056	25 
7057	5 
7058	35 
7059	54 
7060	37 
7061	6 
7062	37 
7063	46 
7064	11 
7065	83 
7066	9 
7067	57 
7068	22 
7069	12 
7070	86 
7071	58 
7072	25 
7073	24 
7074	84 
7075	88 
7076	64 
7077	65 
7078	18 
7079	72 
7080	79 
7081	33 
7082	79 
7083	47 
7084	23 
7085	37 
7086	39 
7087	21 
7088	83 
7089	4 
7090	70 
7091	29 
7092	11 
7093	22 
7094	30 
7095	39 
7096	83 
7097	25 
7098	22 
7099	29 
7100	63 
7101	63 
7102	63 
7103	57 
7104	86 
7105	33 
7106	2 
7107	45 
7108	10 
7109	17 
7110	23 
7111	11 
7112	5 
7113	36 
7114	42 
7115	74 
7116	42 
7117	19 
7118	31 
7119	50 
7120	14 
7121	29 
7122	73 
7123	21 
7124	18 
7125	22 
7126	44 
7127	9 
7128	58 
7129	31 
7130	49 
7131	68 
7132	33 
7133	37 
7134	82 
7135	2 
7136	60 
7137	50 
7138	62 
7139	21 
7140	88 
7141	51 
7142	36 
7143	80 
7144	31 
7145	29 
7146	38 
7147	42 
7148	49 
7149	65 
7150	78 
7151	47 
7152	58 
7153	64 
7154	61 
7155	18 
7156	31 
7157	44 
7158	36 
7159	57 
7160	5 
7161	24 
7162	12 
7163	75 
7164	39 
7165	84 
7166	21 
7167	54 
7168	44 
7169	65 
7170	48 
7171	50 
7172	23 
7173	74 
7174	62 
7175	43 
7176	64 
7177	32 
7178	78 
7179	39 
7180	54 
7181	42 
7182	80 
7183	19 
7184	36 
7185	74 
7186	48 
7187	42 
7188	1 
7189	54 
7190	37 
7191	57 
7192	25 
7193	70 
7194	7 
7195	12 
7196	31 
7197	80 
7198	74 
7199	30 
7200	25 
7201	79 
7202	47 
7203	5 
7204	72 
7205	29 
7206	46 
7207	37 
7208	81 
7209	20 
7210	86 
7211	79 
7212	53 
7213	66 
7214	12 
7215	34 
7216	79 
7217	21 
7218	8 
7219	79 
7220	13 
7221	58 
7222	18 
7223	23 
7224	1 
7225	77 
7226	40 
7227	66 
7228	59 
7229	30 
7230	38 
7231	70 
7232	9 
7233	3 
7234	8 
7235	71 
7236	13 
7237	42 
7238	73 
7239	20 
7240	66 
7241	26 
7242	48 
7243	65 
7244	5 
7245	8 
7246	70 
7247	87 
7248	80 
7249	17 
7250	87 
7251	29 
7252	24 
7253	43 
7254	81 
7255	73 
7256	26 
7257	83 
7258	37 
7259	57 
7260	55 
7261	64 
7262	30 
7263	14 
7264	27 
7265	11 
7266	85 
7267	35 
7268	35 
7269	50 
7270	29 
7271	82 
7272	24 
7273	31 
7274	71 
7275	11 
7276	79 
7277	10 
7278	5 
7279	51 
7280	61 
7281	68 
7282	50 
7283	65 
7284	68 
7285	50 
7286	14 
7287	80 
7288	50 
7289	75 
7290	43 
7291	27 
7292	59 
7293	36 
7294	38 
7295	34 
7296	32 
7297	6 
7298	50 
7299	27 
7300	46 
7301	34 
7302	44 
7303	11 
7304	18 
7305	70 
7306	13 
7307	49 
7308	85 
7309	59 
7310	6 
7311	58 
7312	67 
7313	78 
7314	63 
7315	24 
7316	11 
7317	64 
7318	45 
7319	75 
7320	35 
7321	39 
7322	43 
7323	10 
7324	8 
7325	45 
7326	52 
7327	83 
7328	6 
7329	40 
7330	76 
7331	74 
7332	40 
7333	26 
7334	50 
7335	47 
7336	12 
7337	78 
7338	81 
7339	78 
7340	49 
7341	83 
7342	5 
7343	8 
7344	4 
7345	62 
7346	30 
7347	33 
7348	18 
7349	4 
7350	56 
7351	59 
7352	57 
7353	12 
7354	44 
7355	68 
7356	57 
7357	51 
7358	51 
7359	87 
7360	27 
7361	16 
7362	57 
7363	82 
7364	36 
7365	21 
7366	37 
7367	27 
7368	12 
7369	4 
7370	75 
7371	42 
7372	61 
7373	43 
7374	26 
7375	65 
7376	19 
7377	43 
7378	4 
7379	41 
7380	72 
7381	81 
7382	58 
7383	52 
7384	4 
7385	56 
7386	8 
7387	15 
7388	44 
7389	65 
7390	61 
7391	17 
7392	22 
7393	58 
7394	76 
7395	40 
7396	43 
7397	73 
7398	20 
7399	13 
7400	52 
7401	19 
7402	45 
7403	45 
7404	37 
7405	50 
7406	86 
7407	62 
7408	21 
7409	68 
7410	63 
7411	43 
7412	76 
7413	9 
7414	14 
7415	71 
7416	63 
7417	52 
7418	65 
7419	22 
7420	49 
7421	59 
7422	59 
7423	84 
7424	11 
7425	25 
7426	14 
7427	14 
7428	33 
7429	21 
7430	75 
7431	12 
7432	35 
7433	6 
7434	72 
7435	59 
7436	49 
7437	70 
7438	15 
7439	79 
7440	1 
7441	86 
7442	4 
7443	27 
7444	20 
7445	69 
7446	85 
7447	6 
7448	7 
7449	87 
7450	74 
7451	74 
7452	76 
7453	88 
7454	15 
7455	27 
7456	26 
7457	73 
7458	18 
7459	33 
7460	25 
7461	71 
7462	3 
7463	4 
7464	14 
7465	73 
7466	59 
7467	83 
7468	14 
7469	50 
7470	66 
7471	50 
7472	62 
7473	41 
7474	72 
7475	68 
7476	54 
7477	11 
7478	72 
7479	54 
7480	75 
7481	73 
7482	22 
7483	14 
7484	51 
7485	46 
7486	71 
7487	49 
7488	23 
7489	28 
7490	58 
7491	18 
7492	5 
7493	43 
7494	66 
7495	52 
7496	68 
7497	65 
7498	29 
7499	71 
7500	37 
7501	48 
7502	12 
7503	12 
7504	5 
7505	58 
7506	16 
7507	33 
7508	50 
7509	15 
7510	67 
7511	27 
7512	81 
7513	26 
7514	14 
7515	2 
7516	19 
7517	46 
7518	46 
7519	71 
7520	74 
7521	18 
7522	38 
7523	20 
7524	55 
7525	72 
7526	81 
7527	42 
7528	49 
7529	16 
7530	72 
7531	58 
7532	15 
7533	60 
7534	20 
7535	41 
7536	59 
7537	70 
7538	8 
7539	58 
7540	41 
7541	49 
7542	77 
7543	52 
7544	24 
7545	44 
7546	68 
7547	29 
7548	1 
7549	37 
7550	47 
7551	10 
7552	45 
7553	26 
7554	17 
7555	26 
7556	9 
7557	1 
7558	69 
7559	11 
7560	59 
7561	31 
7562	37 
7563	43 
7564	15 
7565	83 
7566	58 
7567	53 
7568	44 
7569	16 
7570	56 
7571	23 
7572	31 
7573	81 
7574	30 
7575	30 
7576	32 
7577	34 
7578	60 
7579	47 
7580	58 
7581	73 
7582	23 
7583	64 
7584	5 
7585	23 
7586	11 
7587	77 
7588	6 
7589	37 
7590	1 
7591	39 
7592	30 
7593	25 
7594	78 
7595	27 
7596	73 
7597	74 
7598	72 
7599	59 
7600	79 
7601	44 
7602	75 
7603	68 
7604	44 
7605	11 
7606	25 
7607	80 
7608	78 
7609	51 
7610	42 
7611	64 
7612	60 
7613	25 
7614	59 
7615	68 
7616	26 
7617	58 
7618	82 
7619	20 
7620	84 
7621	83 
7622	48 
7623	72 
7624	42 
7625	58 
7626	47 
7627	31 
7628	20 
7629	66 
7630	16 
7631	12 
7632	60 
7633	45 
7634	80 
7635	44 
7636	77 
7637	27 
7638	68 
7639	16 
7640	63 
7641	65 
7642	26 
7643	25 
7644	26 
7645	49 
7646	69 
7647	84 
7648	61 
7649	2 
7650	67 
7651	60 
7652	26 
7653	60 
7654	49 
7655	73 
7656	14 
7657	22 
7658	16 
7659	24 
7660	75 
7661	47 
7662	86 
7663	6 
7664	65 
7665	42 
7666	40 
7667	82 
7668	34 
7669	53 
7670	39 
7671	16 
7672	81 
7673	73 
7674	67 
7675	68 
7676	87 
7677	36 
7678	39 
7679	57 
7680	82 
7681	65 
7682	87 
7683	67 
7684	87 
7685	81 
7686	32 
7687	61 
7688	70 
7689	7 
7690	13 
7691	78 
7692	63 
7693	26 
7694	21 
7695	42 
7696	19 
7697	44 
7698	37 
7699	25 
7700	58 
7701	37 
7702	49 
7703	62 
7704	13 
7705	12 
7706	57 
7707	68 
7708	55 
7709	59 
7710	86 
7711	28 
7712	44 
7713	20 
7714	59 
7715	76 
7716	74 
7717	6 
7718	44 
7719	64 
7720	85 
7721	10 
7722	39 
7723	53 
7724	62 
7725	52 
7726	5 
7727	76 
7728	79 
7729	28 
7730	80 
7731	46 
7732	20 
7733	85 
7734	8 
7735	6 
7736	24 
7737	53 
7738	32 
7739	60 
7740	88 
7741	56 
7742	4 
7743	81 
7744	78 
7745	46 
7746	1 
7747	79 
7748	71 
7749	80 
7750	55 
7751	25 
7752	19 
7753	77 
7754	71 
7755	87 
7756	71 
7757	21 
7758	35 
7759	6 
7760	55 
7761	87 
7762	49 
7763	79 
7764	54 
7765	88 
7766	70 
7767	76 
7768	44 
7769	77 
7770	10 
7771	45 
7772	40 
7773	1 
7774	88 
7775	39 
7776	3 
7777	72 
7778	59 
7779	23 
7780	27 
7781	57 
7782	4 
7783	10 
7784	5 
7785	46 
7786	56 
7787	78 
7788	66 
7789	24 
7790	57 
7791	66 
7792	50 
7793	37 
7794	70 
7795	24 
7796	74 
7797	19 
7798	72 
7799	26 
7800	3 
7801	40 
7802	47 
7803	5 
7804	81 
7805	62 
7806	56 
7807	48 
7808	45 
7809	81 
7810	60 
7811	78 
7812	82 
7813	45 
7814	86 
7815	48 
7816	82 
7817	52 
7818	81 
7819	26 
7820	42 
7821	1 
7822	69 
7823	33 
7824	72 
7825	83 
7826	87 
7827	7 
7828	14 
7829	12 
7830	79 
7831	82 
7832	3 
7833	82 
7834	2 
7835	68 
7836	49 
7837	77 
7838	21 
7839	75 
7840	87 
7841	31 
7842	3 
7843	75 
7844	60 
7845	9 
7846	13 
7847	71 
7848	51 
7849	14 
7850	51 
7851	65 
7852	27 
7853	64 
7854	68 
7855	10 
7856	53 
7857	70 
7858	3 
7859	49 
7860	27 
7861	86 
7862	20 
7863	73 
7864	52 
7865	2 
7866	71 
7867	20 
7868	87 
7869	57 
7870	30 
7871	70 
7872	38 
7873	80 
7874	45 
7875	35 
7876	83 
7877	32 
7878	1 
7879	70 
7880	4 
7881	11 
7882	27 
7883	87 
7884	77 
7885	7 
7886	15 
7887	45 
7888	63 
7889	37 
7890	22 
7891	35 
7892	52 
7893	9 
7894	41 
7895	14 
7896	35 
7897	60 
7898	46 
7899	46 
7900	57 
7901	23 
7902	77 
7903	82 
7904	66 
7905	30 
7906	34 
7907	8 
7908	38 
7909	42 
7910	66 
7911	61 
7912	38 
7913	24 
7914	85 
7915	67 
7916	41 
7917	36 
7918	25 
7919	12 
7920	74 
7921	65 
7922	65 
7923	47 
7924	34 
7925	53 
7926	73 
7927	43 
7928	84 
7929	49 
7930	43 
7931	67 
7932	52 
7933	3 
7934	51 
7935	26 
7936	18 
7937	44 
7938	77 
7939	68 
7940	79 
7941	58 
7942	86 
7943	59 
7944	78 
7945	61 
7946	26 
7947	5 
7948	75 
7949	1 
7950	35 
7951	84 
7952	66 
7953	30 
7954	47 
7955	78 
7956	78 
7957	5 
7958	53 
7959	22 
7960	74 
7961	35 
7962	86 
7963	77 
7964	42 
7965	25 
7966	79 
7967	77 
7968	69 
7969	55 
7970	72 
7971	64 
7972	8 
7973	50 
7974	44 
7975	5 
7976	68 
7977	72 
7978	50 
7979	59 
7980	87 
7981	78 
7982	57 
7983	16 
7984	63 
7985	75 
7986	85 
7987	58 
7988	57 
7989	36 
7990	81 
7991	75 
7992	53 
7993	36 
7994	61 
7995	21 
7996	81 
7997	34 
7998	62 
7999	6 
8000	10 
8001	48 
8002	5 
8003	88 
8004	71 
8005	1 
8006	11 
8007	2 
8008	9 
8009	48 
8010	77 
8011	30 
8012	45 
8013	71 
8014	13 
8015	86 
8016	26 
8017	44 
8018	74 
8019	7 
8020	27 
8021	86 
8022	71 
8023	84 
8024	40 
8025	29 
8026	74 
8027	57 
8028	18 
8029	76 
8030	52 
8031	19 
8032	58 
8033	9 
8034	71 
8035	30 
8036	27 
8037	87 
8038	32 
8039	5 
8040	43 
8041	11 
8042	6 
8043	76 
8044	64 
8045	12 
8046	17 
8047	5 
8048	64 
8049	30 
8050	30 
8051	61 
8052	2 
8053	68 
8054	49 
8055	81 
8056	88 
8057	76 
8058	23 
8059	32 
8060	39 
8061	13 
8062	70 
8063	70 
8064	55 
8065	62 
8066	61 
8067	88 
8068	30 
8069	61 
8070	82 
8071	18 
8072	28 
8073	72 
8074	69 
8075	3 
8076	56 
8077	45 
8078	20 
8079	60 
8080	10 
8081	64 
8082	22 
8083	22 
8084	27 
8085	48 
8086	45 
8087	6 
8088	11 
8089	4 
8090	39 
8091	64 
8092	29 
8093	56 
8094	55 
8095	59 
8096	54 
8097	55 
8098	36 
8099	65 
8100	23 
8101	22 
8102	46 
8103	30 
8104	13 
8105	86 
8106	4 
8107	81 
8108	81 
8109	51 
8110	49 
8111	68 
8112	43 
8113	70 
8114	55 
8115	86 
8116	81 
8117	69 
8118	25 
8119	17 
8120	17 
8121	12 
8122	55 
8123	46 
8124	44 
8125	45 
8126	59 
8127	73 
8128	19 
8129	78 
8130	81 
8131	57 
8132	60 
8133	56 
8134	51 
8135	72 
8136	14 
8137	59 
8138	66 
8139	75 
8140	40 
8141	3 
8142	74 
8143	11 
8144	43 
8145	43 
8146	1 
8147	79 
8148	58 
8149	51 
8150	12 
8151	70 
8152	14 
8153	12 
8154	27 
8155	83 
8156	69 
8157	60 
8158	16 
8159	66 
8160	28 
8161	38 
8162	29 
8163	17 
8164	3 
8165	56 
8166	66 
8167	57 
8168	20 
8169	79 
8170	63 
8171	66 
8172	9 
8173	41 
8174	81 
8175	8 
8176	2 
8177	45 
8178	61 
8179	33 
8180	81 
8181	67 
8182	60 
8183	45 
8184	55 
8185	83 
8186	6 
8187	18 
8188	19 
8189	64 
8190	18 
8191	16 
8192	1 
8193	24 
8194	41 
8195	61 
8196	2 
8197	68 
8198	38 
8199	77 
8200	67 
8201	8 
8202	51 
8203	32 
8204	64 
8205	87 
8206	56 
8207	37 
8208	29 
8209	82 
8210	71 
8211	58 
8212	12 
8213	71 
8214	66 
8215	58 
8216	23 
8217	84 
8218	63 
8219	72 
8220	74 
8221	35 
8222	7 
8223	46 
8224	50 
8225	66 
8226	15 
8227	45 
8228	44 
8229	30 
8230	46 
8231	88 
8232	87 
8233	58 
8234	70 
8235	84 
8236	66 
8237	23 
8238	86 
8239	61 
8240	19 
8241	2 
8242	2 
8243	14 
8244	60 
8245	3 
8246	2 
8247	9 
8248	2 
8249	5 
8250	66 
8251	88 
8252	78 
8253	45 
8254	27 
8255	74 
8256	37 
8257	74 
8258	13 
8259	84 
8260	37 
8261	3 
8262	49 
8263	25 
8264	63 
8265	56 
8266	13 
8267	35 
8268	22 
8269	38 
8270	54 
8271	40 
8272	21 
8273	86 
8274	66 
8275	80 
8276	58 
8277	54 
8278	40 
8279	20 
8280	82 
8281	25 
8282	14 
8283	8 
8284	68 
8285	53 
8286	50 
8287	77 
8288	43 
8289	20 
8290	4 
8291	2 
8292	70 
8293	15 
8294	1 
8295	47 
8296	51 
8297	77 
8298	35 
8299	2 
8300	50 
8301	39 
8302	76 
8303	7 
8304	81 
8305	77 
8306	12 
8307	15 
8308	4 
8309	32 
8310	62 
8311	10 
8312	10 
8313	1 
8314	49 
8315	39 
8316	81 
8317	21 
8318	57 
8319	5 
8320	43 
8321	87 
8322	7 
8323	30 
8324	3 
8325	79 
8326	53 
8327	51 
8328	62 
8329	23 
8330	12 
8331	71 
8332	37 
8333	10 
8334	33 
8335	64 
8336	81 
8337	18 
8338	53 
8339	78 
8340	36 
8341	14 
8342	51 
8343	61 
8344	20 
8345	34 
8346	80 
8347	43 
8348	42 
8349	16 
8350	9 
8351	27 
8352	15 
8353	23 
8354	67 
8355	78 
8356	8 
8357	35 
8358	65 
8359	76 
8360	6 
8361	63 
8362	78 
8363	86 
8364	24 
8365	8 
8366	48 
8367	9 
8368	71 
8369	31 
8370	57 
8371	59 
8372	62 
8373	40 
8374	79 
8375	59 
8376	74 
8377	55 
8378	39 
8379	58 
8380	62 
8381	25 
8382	62 
8383	9 
8384	23 
8385	12 
8386	52 
8387	38 
8388	79 
8389	88 
8390	60 
8391	78 
8392	66 
8393	87 
8394	62 
8395	50 
8396	81 
8397	64 
8398	66 
8399	79 
8400	3 
8401	87 
8402	55 
8403	31 
8404	27 
8405	45 
8406	21 
8407	31 
8408	41 
8409	56 
8410	48 
8411	63 
8412	44 
8413	54 
8414	47 
8415	21 
8416	38 
8417	77 
8418	18 
8419	60 
8420	24 
8421	47 
8422	87 
8423	46 
8424	48 
8425	72 
8426	53 
8427	10 
8428	40 
8429	36 
8430	41 
8431	87 
8432	31 
8433	37 
8434	41 
8435	78 
8436	65 
8437	22 
8438	83 
8439	81 
8440	62 
8441	32 
8442	58 
8443	53 
8444	6 
8445	18 
8446	83 
8447	40 
8448	70 
8449	51 
8450	69 
8451	87 
8452	42 
8453	53 
8454	73 
8455	14 
8456	85 
8457	44 
8458	16 
8459	24 
8460	51 
8461	68 
8462	41 
8463	44 
8464	17 
8465	63 
8466	63 
8467	3 
8468	15 
8469	43 
8470	10 
8471	88 
8472	73 
8473	67 
8474	19 
8475	65 
8476	9 
8477	34 
8478	79 
8479	17 
8480	80 
8481	14 
8482	4 
8483	73 
8484	27 
8485	9 
8486	74 
8487	68 
8488	81 
8489	38 
8490	59 
8491	18 
8492	76 
8493	53 
8494	80 
8495	69 
8496	49 
8497	54 
8498	62 
8499	87 
8500	86 
8501	3 
8502	51 
8503	8 
8504	1 
8505	68 
8506	68 
8507	59 
8508	15 
8509	20 
8510	83 
8511	40 
8512	10 
8513	70 
8514	72 
8515	30 
8516	67 
8517	66 
8518	56 
8519	80 
8520	14 
8521	38 
8522	82 
8523	3 
8524	36 
8525	44 
8526	50 
8527	32 
8528	77 
8529	84 
8530	24 
8531	78 
8532	80 
8533	48 
8534	50 
8535	60 
8536	15 
8537	44 
8538	80 
8539	39 
8540	5 
8541	74 
8542	35 
8543	33 
8544	84 
8545	6 
8546	78 
8547	7 
8548	28 
8549	52 
8550	57 
8551	81 
8552	54 
8553	1 
8554	64 
8555	17 
8556	7 
8557	35 
8558	66 
8559	64 
8560	79 
8561	7 
8562	85 
8563	74 
8564	72 
8565	77 
8566	57 
8567	76 
8568	51 
8569	3 
8570	32 
8571	73 
8572	45 
8573	63 
8574	54 
8575	72 
8576	79 
8577	17 
8578	8 
8579	37 
8580	75 
8581	37 
8582	60 
8583	78 
8584	24 
8585	45 
8586	31 
8587	59 
8588	86 
8589	87 
8590	51 
8591	76 
8592	27 
8593	11 
8594	39 
8595	75 
8596	32 
8597	25 
8598	73 
8599	50 
8600	1 
8601	10 
8602	70 
8603	73 
8604	6 
8605	21 
8606	5 
8607	70 
8608	66 
8609	6 
8610	30 
8611	25 
8612	50 
8613	54 
8614	75 
8615	30 
8616	75 
8617	76 
8618	14 
8619	12 
8620	59 
8621	21 
8622	21 
8623	14 
8624	78 
8625	74 
8626	15 
8627	20 
8628	69 
8629	49 
8630	25 
8631	17 
8632	15 
8633	26 
8634	81 
8635	77 
8636	13 
8637	81 
8638	77 
8639	54 
8640	66 
8641	17 
8642	88 
8643	6 
8644	17 
8645	86 
8646	61 
8647	69 
8648	51 
8649	28 
8650	71 
8651	62 
8652	88 
8653	25 
8654	64 
8655	84 
8656	7 
8657	17 
8658	6 
8659	9 
8660	75 
8661	86 
8662	23 
8663	63 
8664	69 
8665	16 
8666	39 
8667	83 
8668	26 
8669	13 
8670	70 
8671	1 
8672	17 
8673	23 
8674	58 
8675	33 
8676	45 
8677	39 
8678	54 
8679	26 
8680	88 
8681	60 
8682	1 
8683	74 
8684	61 
8685	79 
8686	77 
8687	46 
8688	88 
8689	63 
8690	20 
8691	14 
8692	20 
8693	20 
8694	62 
8695	49 
8696	37 
8697	44 
8698	19 
8699	81 
8700	82 
8701	55 
8702	66 
8703	87 
8704	68 
8705	68 
8706	17 
8707	80 
8708	74 
8709	85 
8710	80 
8711	37 
8712	56 
8713	62 
8714	73 
8715	17 
8716	5 
8717	20 
8718	51 
8719	49 
8720	28 
8721	6 
8722	20 
8723	55 
8724	84 
8725	31 
8726	8 
8727	57 
8728	16 
8729	11 
8730	39 
8731	22 
8732	32 
8733	36 
8734	40 
8735	20 
8736	85 
8737	48 
8738	22 
8739	70 
8740	62 
8741	20 
8742	41 
8743	2 
8744	49 
8745	42 
8746	32 
8747	41 
8748	11 
8749	40 
8750	61 
8751	16 
8752	31 
8753	46 
8754	73 
8755	79 
8756	19 
8757	50 
8758	24 
8759	19 
8760	48 
8761	52 
8762	80 
8763	28 
8764	64 
8765	45 
8766	84 
8767	27 
8768	38 
8769	25 
8770	16 
8771	25 
8772	13 
8773	12 
8774	46 
8775	63 
8776	59 
8777	6 
8778	61 
8779	58 
8780	30 
8781	56 
8782	13 
8783	24 
8784	59 
8785	13 
8786	39 
8787	81 
8788	73 
8789	29 
8790	39 
8791	22 
8792	57 
8793	74 
8794	38 
8795	62 
8796	23 
8797	8 
8798	78 
8799	72 
8800	28 
8801	31 
8802	12 
8803	8 
8804	72 
8805	29 
8806	21 
8807	48 
8808	31 
8809	54 
8810	1 
8811	37 
8812	3 
8813	74 
8814	68 
8815	61 
8816	69 
8817	67 
8818	81 
8819	32 
8820	86 
8821	27 
8822	16 
8823	86 
8824	25 
8825	42 
8826	9 
8827	45 
8828	39 
8829	87 
8830	36 
8831	4 
8832	56 
8833	79 
8834	21 
8835	84 
8836	38 
8837	6 
8838	73 
8839	76 
8840	81 
8841	36 
8842	66 
8843	70 
8844	45 
8845	23 
8846	88 
8847	41 
8848	9 
8849	53 
8850	1 
8851	65 
8852	17 
8853	31 
8854	70 
8855	65 
8856	69 
8857	13 
8858	78 
8859	33 
8860	24 
8861	66 
8862	41 
8863	1 
8864	51 
8865	26 
8866	18 
8867	76 
8868	23 
8869	78 
8870	50 
8871	44 
8872	73 
8873	14 
8874	48 
8875	8 
8876	42 
8877	49 
8878	88 
8879	73 
8880	53 
8881	87 
8882	22 
8883	46 
8884	19 
8885	21 
8886	8 
8887	64 
8888	77 
8889	50 
8890	65 
8891	21 
8892	14 
8893	19 
8894	22 
8895	44 
8896	65 
8897	28 
8898	31 
8899	87 
8900	6 
8901	60 
8902	82 
8903	78 
8904	14 
8905	19 
8906	19 
8907	87 
8908	15 
8909	69 
8910	14 
8911	58 
8912	11 
8913	8 
8914	7 
8915	56 
8916	6 
8917	39 
8918	36 
8919	12 
8920	16 
8921	8 
8922	59 
8923	57 
8924	59 
8925	72 
8926	56 
8927	54 
8928	57 
8929	69 
8930	40 
8931	64 
8932	2 
8933	8 
8934	64 
8935	13 
8936	1 
8937	76 
8938	56 
8939	63 
8940	62 
8941	50 
8942	72 
8943	30 
8944	65 
8945	37 
8946	43 
8947	78 
8948	5 
8949	19 
8950	63 
8951	34 
8952	30 
8953	54 
8954	59 
8955	59 
8956	2 
8957	54 
8958	58 
8959	67 
8960	76 
8961	58 
8962	11 
8963	13 
8964	17 
8965	17 
8966	79 
8967	14 
8968	70 
8969	36 
8970	19 
8971	73 
8972	75 
8973	26 
8974	6 
8975	85 
8976	72 
8977	77 
8978	56 
8979	64 
8980	16 
8981	55 
8982	23 
8983	30 
8984	75 
8985	21 
8986	1 
8987	66 
8988	84 
8989	11 
8990	56 
8991	32 
8992	6 
8993	47 
8994	81 
8995	2 
8996	15 
8997	56 
8998	66 
8999	63 
9000	3 
9001	49 
9002	31 
9003	67 
9004	37 
9005	59 
9006	2 
9007	16 
9008	53 
9009	78 
9010	66 
9011	86 
9012	39 
9013	20 
9014	46 
9015	78 
9016	14 
9017	65 
9018	82 
9019	80 
9020	23 
9021	61 
9022	4 
9023	24 
9024	12 
9025	11 
9026	51 
9027	30 
9028	11 
9029	80 
9030	4 
9031	24 
9032	56 
9033	70 
9034	56 
9035	51 
9036	27 
9037	53 
9038	38 
9039	72 
9040	4 
9041	26 
9042	13 
9043	88 
9044	49 
9045	30 
9046	65 
9047	80 
9048	63 
9049	71 
9050	15 
9051	55 
9052	84 
9053	9 
9054	62 
9055	59 
9056	64 
9057	81 
9058	68 
9059	12 
9060	31 
9061	59 
9062	46 
9063	9 
9064	73 
9065	46 
9066	71 
9067	33 
9068	16 
9069	48 
9070	14 
9071	9 
9072	21 
9073	86 
9074	16 
9075	73 
9076	85 
9077	51 
9078	62 
9079	18 
9080	88 
9081	87 
9082	59 
9083	80 
9084	45 
9085	38 
9086	55 
9087	82 
9088	26 
9089	88 
9090	43 
9091	63 
9092	4 
9093	4 
9094	63 
9095	11 
9096	52 
9097	87 
9098	86 
9099	17 
9100	82 
9101	79 
9102	31 
9103	79 
9104	8 
9105	87 
9106	51 
9107	46 
9108	12 
9109	10 
9110	12 
9111	5 
9112	44 
9113	22 
9114	57 
9115	48 
9116	37 
9117	85 
9118	57 
9119	48 
9120	37 
9121	62 
9122	75 
9123	68 
9124	29 
9125	40 
9126	3 
9127	37 
9128	45 
9129	69 
9130	83 
9131	88 
9132	37 
9133	83 
9134	66 
9135	14 
9136	12 
9137	43 
9138	60 
9139	2 
9140	40 
9141	3 
9142	30 
9143	77 
9144	25 
9145	62 
9146	16 
9147	4 
9148	52 
9149	31 
9150	46 
9151	68 
9152	88 
9153	88 
9154	82 
9155	51 
9156	42 
9157	53 
9158	66 
9159	86 
9160	50 
9161	75 
9162	82 
9163	7 
9164	20 
9165	12 
9166	50 
9167	61 
9168	45 
9169	57 
9170	13 
9171	74 
9172	75 
9173	85 
9174	3 
9175	38 
9176	27 
9177	72 
9178	46 
9179	62 
9180	82 
9181	16 
9182	30 
9183	34 
9184	13 
9185	40 
9186	45 
9187	45 
9188	11 
9189	49 
9190	40 
9191	14 
9192	55 
9193	71 
9194	17 
9195	43 
9196	41 
9197	26 
9198	31 
9199	16 
9200	41 
9201	37 
9202	86 
9203	72 
9204	57 
9205	63 
9206	50 
9207	21 
9208	61 
9209	84 
9210	59 
9211	44 
9212	30 
9213	22 
9214	53 
9215	69 
9216	65 
9217	42 
9218	6 
9219	12 
9220	14 
9221	83 
9222	26 
9223	30 
9224	41 
9225	29 
9226	56 
9227	14 
9228	20 
9229	28 
9230	25 
9231	88 
9232	4 
9233	64 
9234	46 
9235	30 
9236	84 
9237	53 
9238	4 
9239	19 
9240	33 
9241	80 
9242	51 
9243	44 
9244	38 
9245	39 
9246	12 
9247	22 
9248	8 
9249	24 
9250	33 
9251	64 
9252	54 
9253	24 
9254	74 
9255	46 
9256	49 
9257	83 
9258	25 
9259	80 
9260	84 
9261	35 
9262	76 
9263	36 
9264	41 
9265	83 
9266	24 
9267	75 
9268	74 
9269	64 
9270	57 
9271	27 
9272	18 
9273	9 
9274	62 
9275	6 
9276	73 
9277	66 
9278	81 
9279	73 
9280	42 
9281	58 
9282	20 
9283	1 
9284	62 
9285	19 
9286	7 
9287	64 
9288	13 
9289	11 
9290	58 
9291	5 
9292	15 
9293	21 
9294	40 
9295	59 
9296	6 
9297	15 
9298	46 
9299	40 
9300	66 
9301	37 
9302	50 
9303	76 
9304	41 
9305	69 
9306	41 
9307	28 
9308	19 
9309	67 
9310	2 
9311	69 
9312	84 
9313	47 
9314	50 
9315	10 
9316	3 
9317	20 
9318	65 
9319	15 
9320	49 
9321	34 
9322	41 
9323	29 
9324	41 
9325	84 
9326	56 
9327	53 
9328	26 
9329	87 
9330	12 
9331	76 
9332	44 
9333	24 
9334	5 
9335	11 
9336	6 
9337	14 
9338	45 
9339	29 
9340	4 
9341	21 
9342	32 
9343	75 
9344	45 
9345	51 
9346	2 
9347	35 
9348	62 
9349	80 
9350	74 
9351	4 
9352	85 
9353	12 
9354	42 
9355	70 
9356	81 
9357	80 
9358	48 
9359	61 
9360	87 
9361	11 
9362	75 
9363	80 
9364	4 
9365	18 
9366	73 
9367	21 
9368	59 
9369	43 
9370	82 
9371	53 
9372	56 
9373	38 
9374	54 
9375	30 
9376	2 
9377	30 
9378	59 
9379	24 
9380	45 
9381	2 
9382	38 
9383	73 
9384	83 
9385	39 
9386	38 
9387	44 
9388	48 
9389	6 
9390	26 
9391	83 
9392	38 
9393	8 
9394	3 
9395	39 
9396	12 
9397	14 
9398	32 
9399	31 
9400	6 
9401	67 
9402	75 
9403	21 
9404	1 
9405	55 
9406	77 
9407	43 
9408	7 
9409	41 
9410	62 
9411	75 
9412	43 
9413	69 
9414	84 
9415	58 
9416	70 
9417	83 
9418	15 
9419	41 
9420	71 
9421	13 
9422	23 
9423	2 
9424	11 
9425	85 
9426	34 
9427	67 
9428	86 
9429	69 
9430	43 
9431	23 
9432	43 
9433	75 
9434	32 
9435	49 
9436	27 
9437	3 
9438	79 
9439	18 
9440	19 
9441	86 
9442	36 
9443	71 
9444	47 
9445	21 
9446	55 
9447	30 
9448	56 
9449	17 
9450	45 
9451	29 
9452	72 
9453	81 
9454	18 
9455	64 
9456	59 
9457	15 
9458	62 
9459	66 
9460	82 
9461	53 
9462	27 
9463	22 
9464	74 
9465	15 
9466	20 
9467	67 
9468	67 
9469	19 
9470	69 
9471	26 
9472	5 
9473	58 
9474	77 
9475	44 
9476	28 
9477	32 
9478	74 
9479	79 
9480	85 
9481	49 
9482	72 
9483	37 
9484	40 
9485	19 
9486	20 
9487	58 
9488	54 
9489	59 
9490	78 
9491	31 
9492	50 
9493	16 
9494	82 
9495	78 
9496	42 
9497	12 
9498	4 
9499	43 
9500	45 
9501	43 
9502	15 
9503	54 
9504	27 
9505	51 
9506	38 
9507	11 
9508	71 
9509	40 
9510	28 
9511	25 
9512	8 
9513	81 
9514	83 
9515	55 
9516	26 
9517	49 
9518	66 
9519	61 
9520	35 
9521	60 
9522	39 
9523	40 
9524	41 
9525	73 
9526	10 
9527	24 
9528	87 
9529	65 
9530	4 
9531	26 
9532	26 
9533	53 
9534	38 
9535	22 
9536	24 
9537	65 
9538	23 
9539	22 
9540	64 
9541	29 
9542	65 
9543	81 
9544	17 
9545	15 
9546	48 
9547	75 
9548	41 
9549	76 
9550	46 
9551	74 
9552	29 
9553	23 
9554	3 
9555	85 
9556	70 
9557	46 
9558	57 
9559	59 
9560	56 
9561	81 
9562	1 
9563	87 
9564	56 
9565	12 
9566	39 
9567	50 
9568	13 
9569	26 
9570	14 
9571	71 
9572	57 
9573	55 
9574	24 
9575	81 
9576	20 
9577	9 
9578	11 
9579	78 
9580	44 
9581	80 
9582	57 
9583	86 
9584	60 
9585	53 
9586	61 
9587	1 
9588	87 
9589	41 
9590	23 
9591	76 
9592	80 
9593	7 
9594	74 
9595	38 
9596	85 
9597	72 
9598	83 
9599	79 
9600	41 
9601	82 
9602	11 
9603	47 
9604	55 
9605	52 
9606	3 
9607	34 
9608	1 
9609	74 
9610	45 
9611	77 
9612	88 
9613	47 
9614	72 
9615	29 
9616	86 
9617	75 
9618	10 
9619	53 
9620	46 
9621	49 
9622	55 
9623	82 
9624	18 
9625	50 
9626	87 
9627	28 
9628	32 
9629	66 
9630	62 
9631	21 
9632	51 
9633	60 
9634	25 
9635	60 
9636	60 
9637	68 
9638	29 
9639	27 
9640	1 
9641	79 
9642	23 
9643	48 
9644	27 
9645	16 
9646	87 
9647	72 
9648	72 
9649	73 
9650	19 
9651	38 
9652	74 
9653	63 
9654	86 
9655	57 
9656	3 
9657	66 
9658	45 
9659	18 
9660	20 
9661	3 
9662	87 
9663	74 
9664	77 
9665	26 
9666	76 
9667	11 
9668	11 
9669	46 
9670	86 
9671	9 
9672	6 
9673	4 
9674	8 
9675	63 
9676	62 
9677	31 
9678	35 
9679	34 
9680	12 
9681	74 
9682	47 
9683	62 
9684	62 
9685	74 
9686	79 
9687	88 
9688	71 
9689	19 
9690	58 
9691	11 
9692	51 
9693	40 
9694	69 
9695	59 
9696	8 
9697	15 
9698	83 
9699	5 
9700	2 
9701	2 
9702	61 
9703	63 
9704	76 
9705	45 
9706	20 
9707	29 
9708	76 
9709	82 
9710	16 
9711	17 
9712	76 
9713	58 
9714	9 
9715	36 
9716	36 
9717	24 
9718	72 
9719	10 
9720	57 
9721	68 
9722	77 
9723	23 
9724	72 
9725	20 
9726	47 
9727	41 
9728	27 
9729	54 
9730	45 
9731	11 
9732	16 
9733	61 
9734	66 
9735	9 
9736	21 
9737	12 
9738	39 
9739	24 
9740	56 
9741	48 
9742	35 
9743	20 
9744	42 
9745	53 
9746	14 
9747	19 
9748	1 
9749	85 
9750	11 
9751	81 
9752	88 
9753	19 
9754	54 
9755	8 
9756	36 
9757	41 
9758	64 
9759	75 
9760	80 
9761	14 
9762	46 
9763	54 
9764	18 
9765	55 
9766	52 
9767	81 
9768	28 
9769	82 
9770	59 
9771	16 
9772	70 
9773	50 
9774	66 
9775	58 
9776	37 
9777	47 
9778	49 
9779	81 
9780	19 
9781	80 
9782	39 
9783	28 
9784	81 
9785	3 
9786	83 
9787	80 
9788	73 
9789	51 
9790	11 
9791	50 
9792	29 
9793	66 
9794	75 
9795	53 
9796	57 
9797	62 
9798	50 
9799	75 
9800	8 
9801	59 
9802	87 
9803	48 
9804	46 
9805	1 
9806	27 
9807	13 
9808	38 
9809	59 
9810	3 
9811	83 
9812	50 
9813	38 
9814	16 
9815	24 
9816	76 
9817	47 
9818	35 
9819	5 
9820	64 
9821	24 
9822	48 
9823	49 
9824	18 
9825	8 
9826	22 
9827	43 
9828	34 
9829	1 
9830	42 
9831	78 
9832	18 
9833	41 
9834	9 
9835	51 
9836	8 
9837	51 
9838	9 
9839	19 
9840	61 
9841	8 
9842	31 
9843	24 
9844	50 
9845	24 
9846	15 
9847	7 
9848	83 
9849	53 
9850	51 
9851	35 
9852	8 
9853	40 
9854	69 
9855	50 
9856	74 
9857	47 
9858	32 
9859	42 
9860	59 
9861	62 
9862	14 
9863	75 
9864	2 
9865	26 
9866	40 
9867	9 
9868	25 
9869	68 
9870	1 
9871	51 
9872	70 
9873	82 
9874	1 
9875	47 
9876	82 
9877	52 
9878	73 
9879	70 
9880	48 
9881	29 
9882	46 
9883	40 
9884	19 
9885	11 
9886	62 
9887	56 
9888	38 
9889	9 
9890	38 
9891	69 
9892	34 
9893	73 
9894	25 
9895	12 
9896	24 
9897	32 
9898	45 
9899	26 
9900	9 
9901	71 
9902	71 
9903	61 
9904	13 
9905	85 
9906	65 
9907	54 
9908	3 
9909	50 
9910	81 
9911	56 
9912	69 
9913	50 
9914	2 
9915	14 
9916	10 
9917	45 
9918	26 
9919	53 
9920	49 
9921	72 
9922	84 
9923	11 
9924	13 
9925	71 
9926	46 
9927	75 
9928	36 
9929	50 
9930	50 
9931	70 
9932	41 
9933	39 
9934	36 
9935	29 
9936	62 
9937	56 
9938	8 
9939	13 
9940	16 
9941	43 
9942	30 
9943	21 
9944	44 
9945	56 
9946	88 
9947	66 
9948	77 
9949	7 
9950	22 
9951	33 
9952	57 
9953	85 
9954	75 
9955	41 
9956	28 
9957	70 
9958	7 
9959	77 
9960	36 
9961	58 
9962	42 
9963	48 
9964	46 
9965	77 
9966	55 
9967	21 
9968	68 
9969	20 
9970	49 
9971	40 
9972	66 
9973	9 
9974	17 
9975	66 
9976	66 
9977	68 
9978	78 
9979	70 
9980	57 
9981	55 
9982	21 
9983	12 
9984	14 
9985	27 
9986	58 
9987	64 
9988	20 
9989	47 
9990	51 
9991	88 
9992	9 
9993	21 
9994	73 
9995	10 
9996	47 
9997	82 
9998	19 
9999	51 
10000	60 
