1	2 
2	12 
3	9 
4	12 
5	5 
6	4 
7	9 
8	2 
9	7 
10	1 
11	4 
12	2 
13	11 
14	4 
15	9 
16	9 
17	4 
18	12 
19	1 
20	2 
21	11 
22	9 
23	9 
24	1 
25	12 
26	1 
27	10 
28	7 
29	3 
30	4 
31	8 
32	7 
33	12 
34	3 
35	10 
36	9 
37	5 
38	11 
39	2 
40	7 
41	7 
42	5 
43	11 
44	6 
45	11 
46	2 
47	5 
48	4 
49	2 
50	1 
51	4 
52	9 
53	2 
54	11 
55	11 
56	9 
57	1 
58	11 
59	4 
60	9 
61	11 
62	8 
63	2 
64	9 
65	11 
66	11 
67	12 
68	4 
69	4 
70	8 
71	12 
72	2 
73	12 
74	7 
75	3 
76	2 
77	9 
78	8 
79	9 
80	3 
81	10 
82	12 
83	1 
84	4 
85	12 
86	1 
87	5 
88	9 
89	4 
90	9 
91	6 
92	2 
93	1 
94	12 
95	6 
96	12 
97	4 
98	2 
99	12 
100	9 
101	9 
102	8 
103	8 
104	1 
105	7 
106	4 
107	1 
108	7 
109	7 
110	11 
111	12 
112	5 
113	1 
114	11 
115	7 
116	9 
117	5 
118	8 
119	1 
120	7 
121	2 
122	11 
123	6 
124	2 
125	1 
126	4 
127	11 
128	2 
129	2 
130	1 
131	10 
132	9 
133	3 
134	1 
135	8 
136	12 
137	1 
138	4 
139	8 
140	9 
141	11 
142	7 
143	12 
144	11 
145	11 
146	9 
147	7 
148	4 
149	10 
150	11 
151	11 
152	5 
153	11 
154	12 
155	8 
156	7 
157	5 
158	4 
159	2 
160	6 
161	10 
162	7 
163	3 
164	12 
165	12 
166	3 
167	7 
168	1 
169	9 
170	4 
171	3 
172	4 
173	7 
174	2 
175	12 
176	8 
177	7 
178	4 
179	8 
180	8 
181	12 
182	4 
183	5 
184	8 
185	10 
186	12 
187	12 
188	12 
189	7 
190	4 
191	6 
192	9 
193	1 
194	6 
195	10 
196	6 
197	8 
198	10 
199	4 
200	1 
201	4 
202	2 
203	6 
204	6 
205	10 
206	6 
207	11 
208	5 
209	1 
210	6 
211	10 
212	11 
213	11 
214	12 
215	7 
216	7 
217	10 
218	5 
219	8 
220	8 
221	9 
222	7 
223	11 
224	9 
225	12 
226	12 
227	5 
228	10 
229	7 
230	7 
231	10 
232	11 
233	5 
234	12 
235	1 
236	12 
237	9 
238	8 
239	1 
240	10 
241	9 
242	4 
243	8 
244	2 
245	2 
246	11 
247	8 
248	6 
249	4 
250	3 
251	9 
252	12 
253	8 
254	12 
255	11 
256	12 
257	6 
258	2 
259	8 
260	9 
261	11 
262	4 
263	1 
264	3 
265	4 
266	8 
267	9 
268	8 
269	4 
270	11 
271	11 
272	5 
273	11 
274	9 
275	12 
276	4 
277	4 
278	1 
279	2 
280	12 
281	11 
282	9 
283	9 
284	4 
285	1 
286	2 
287	10 
288	11 
289	12 
290	2 
291	3 
292	2 
293	3 
294	2 
295	2 
296	4 
297	5 
298	9 
299	7 
300	2 
301	4 
302	8 
303	8 
304	5 
305	4 
306	9 
307	12 
308	5 
309	1 
310	8 
311	2 
312	9 
313	12 
314	5 
315	9 
316	11 
317	8 
318	9 
319	9 
320	10 
321	8 
322	6 
323	11 
324	4 
325	7 
326	2 
327	6 
328	11 
329	11 
330	4 
331	11 
332	4 
333	1 
334	5 
335	10 
336	9 
337	8 
338	3 
339	3 
340	5 
341	10 
342	9 
343	8 
344	12 
345	7 
346	8 
347	11 
348	4 
349	12 
350	9 
351	11 
352	1 
353	1 
354	10 
355	9 
356	8 
357	8 
358	7 
359	12 
360	8 
361	6 
362	11 
363	3 
364	11 
365	12 
366	9 
367	6 
368	9 
369	2 
370	8 
371	5 
372	4 
373	8 
374	6 
375	10 
376	2 
377	11 
378	2 
379	1 
380	12 
381	10 
382	2 
383	7 
384	3 
385	4 
386	5 
387	11 
388	2 
389	11 
390	6 
391	11 
392	3 
393	6 
394	1 
395	4 
396	8 
397	12 
398	1 
399	9 
400	10 
401	7 
402	8 
403	2 
404	6 
405	9 
406	1 
407	8 
408	9 
409	4 
410	12 
411	5 
412	8 
413	9 
414	7 
415	4 
416	3 
417	7 
418	1 
419	9 
420	3 
421	4 
422	11 
423	8 
424	2 
425	2 
426	5 
427	12 
428	1 
429	4 
430	11 
431	2 
432	2 
433	9 
434	1 
435	3 
436	12 
437	12 
438	7 
439	11 
440	10 
441	5 
442	8 
443	1 
444	1 
445	1 
446	3 
447	6 
448	11 
449	9 
450	8 
451	4 
452	9 
453	6 
454	12 
455	8 
456	12 
457	8 
458	4 
459	12 
460	8 
461	8 
462	10 
463	12 
464	11 
465	5 
466	4 
467	9 
468	11 
469	7 
470	10 
471	3 
472	9 
473	4 
474	9 
475	9 
476	5 
477	5 
478	1 
479	11 
480	8 
481	5 
482	3 
483	7 
484	6 
485	9 
486	10 
487	4 
488	11 
489	8 
490	5 
491	11 
492	1 
493	12 
494	11 
495	6 
496	4 
497	9 
498	11 
499	5 
500	1 
501	3 
502	1 
503	6 
504	1 
505	11 
506	2 
507	7 
508	1 
509	6 
510	9 
511	11 
512	4 
513	1 
514	10 
515	6 
516	8 
517	4 
518	12 
519	8 
520	11 
521	7 
522	6 
523	10 
524	3 
525	1 
526	3 
527	9 
528	11 
529	5 
530	1 
531	8 
532	1 
533	12 
534	12 
535	12 
536	2 
537	5 
538	8 
539	4 
540	3 
541	4 
542	1 
543	8 
544	10 
545	4 
546	2 
547	9 
548	1 
549	1 
550	3 
551	1 
552	12 
553	8 
554	7 
555	4 
556	8 
557	8 
558	4 
559	8 
560	11 
561	1 
562	12 
563	4 
564	11 
565	11 
566	8 
567	7 
568	5 
569	10 
570	9 
571	9 
572	9 
573	9 
574	12 
575	4 
576	12 
577	12 
578	11 
579	5 
580	12 
581	3 
582	9 
583	9 
584	12 
585	10 
586	1 
587	7 
588	7 
589	9 
590	4 
591	9 
592	4 
593	12 
594	1 
595	1 
596	7 
597	5 
598	12 
599	10 
600	2 
601	10 
602	5 
603	2 
604	3 
605	9 
606	11 
607	6 
608	7 
609	2 
610	12 
611	2 
612	2 
613	4 
614	8 
615	4 
616	9 
617	1 
618	1 
619	5 
620	9 
621	11 
622	8 
623	2 
624	3 
625	8 
626	12 
627	9 
628	3 
629	11 
630	10 
631	7 
632	8 
633	3 
634	4 
635	5 
636	10 
637	11 
638	8 
639	10 
640	7 
641	8 
642	4 
643	6 
644	4 
645	9 
646	4 
647	4 
648	10 
649	9 
650	2 
651	12 
652	4 
653	5 
654	12 
655	7 
656	1 
657	12 
658	7 
659	10 
660	12 
661	8 
662	8 
663	10 
664	12 
665	9 
666	9 
667	1 
668	12 
669	4 
670	11 
671	12 
672	1 
673	9 
674	8 
675	12 
676	10 
677	2 
678	7 
679	7 
680	2 
681	3 
682	5 
683	2 
684	7 
685	12 
686	6 
687	10 
688	3 
689	6 
690	11 
691	11 
692	10 
693	12 
694	9 
695	10 
696	10 
697	9 
698	12 
699	12 
700	12 
701	1 
702	7 
703	5 
704	12 
705	10 
706	10 
707	2 
708	5 
709	10 
710	11 
711	4 
712	11 
713	7 
714	11 
715	1 
716	1 
717	8 
718	12 
719	5 
720	2 
721	10 
722	12 
723	11 
724	6 
725	4 
726	10 
727	7 
728	12 
729	9 
730	8 
731	8 
732	8 
733	5 
734	6 
735	1 
736	12 
737	6 
738	8 
739	9 
740	7 
741	4 
742	5 
743	10 
744	10 
745	1 
746	1 
747	12 
748	2 
749	4 
750	8 
751	9 
752	8 
753	10 
754	4 
755	9 
756	12 
757	4 
758	4 
759	11 
760	2 
761	8 
762	8 
763	10 
764	1 
765	2 
766	8 
767	8 
768	12 
769	7 
770	11 
771	9 
772	4 
773	12 
774	11 
775	3 
776	3 
777	8 
778	12 
779	4 
780	1 
781	11 
782	11 
783	4 
784	9 
785	11 
786	5 
787	12 
788	5 
789	10 
790	4 
791	9 
792	4 
793	12 
794	8 
795	11 
796	1 
797	1 
798	3 
799	3 
800	4 
801	3 
802	1 
803	12 
804	6 
805	12 
806	10 
807	3 
808	8 
809	1 
810	8 
811	9 
812	4 
813	5 
814	4 
815	11 
816	11 
817	2 
818	6 
819	10 
820	2 
821	11 
822	4 
823	2 
824	12 
825	1 
826	8 
827	2 
828	9 
829	4 
830	8 
831	11 
832	4 
833	1 
834	3 
835	3 
836	7 
837	12 
838	3 
839	7 
840	5 
841	1 
842	3 
843	10 
844	1 
845	5 
846	2 
847	12 
848	4 
849	11 
850	11 
851	11 
852	12 
853	12 
854	9 
855	5 
856	11 
857	9 
858	2 
859	5 
860	12 
861	12 
862	4 
863	7 
864	8 
865	11 
866	9 
867	10 
868	2 
869	8 
870	11 
871	2 
872	10 
873	1 
874	1 
875	5 
876	3 
877	6 
878	2 
879	11 
880	2 
881	8 
882	1 
883	5 
884	7 
885	2 
886	10 
887	2 
888	4 
889	6 
890	1 
891	11 
892	7 
893	3 
894	5 
895	11 
896	9 
897	6 
898	8 
899	6 
900	4 
901	2 
902	4 
903	10 
904	12 
905	6 
906	9 
907	11 
908	11 
909	12 
910	3 
911	9 
912	1 
913	1 
914	7 
915	11 
916	6 
917	7 
918	8 
919	2 
920	11 
921	10 
922	8 
923	12 
924	5 
925	9 
926	4 
927	5 
928	9 
929	9 
930	11 
931	12 
932	1 
933	4 
934	4 
935	1 
936	12 
937	6 
938	1 
939	11 
940	7 
941	9 
942	6 
943	4 
944	11 
945	2 
946	5 
947	2 
948	7 
949	9 
950	3 
951	2 
952	12 
953	10 
954	9 
955	12 
956	1 
957	12 
958	11 
959	11 
960	1 
961	11 
962	11 
963	7 
964	7 
965	2 
966	2 
967	8 
968	4 
969	5 
970	11 
971	4 
972	3 
973	11 
974	8 
975	7 
976	9 
977	10 
978	8 
979	2 
980	5 
981	5 
982	4 
983	4 
984	6 
985	1 
986	8 
987	12 
988	7 
989	3 
990	10 
991	3 
992	1 
993	7 
994	6 
995	2 
996	1 
997	11 
998	6 
999	5 
1000	10 
