1	13 
2	14 
3	4 
4	3 
5	8 
6	5 
7	14 
8	2 
9	5 
10	8 
11	14 
12	8 
13	12 
14	9 
15	11 
16	11 
17	11 
18	5 
19	10 
20	12 
21	11 
22	11 
23	6 
24	11 
25	8 
26	12 
27	8 
28	3 
29	11 
30	1 
31	12 
32	9 
33	4 
34	5 
35	2 
36	2 
37	13 
38	13 
39	2 
40	7 
41	11 
42	5 
43	2 
44	12 
45	12 
46	7 
47	8 
48	1 
49	9 
50	8 
51	9 
52	12 
53	10 
54	10 
55	12 
56	14 
57	13 
58	2 
59	8 
60	2 
61	1 
62	9 
63	14 
64	14 
65	3 
66	10 
67	5 
68	8 
69	5 
70	8 
71	9 
72	12 
73	6 
74	9 
75	1 
76	4 
77	14 
78	1 
79	5 
80	11 
81	13 
82	10 
83	12 
84	11 
85	2 
86	5 
87	5 
88	13 
89	8 
90	14 
91	9 
92	6 
93	11 
94	13 
95	10 
96	4 
97	5 
98	1 
99	9 
100	2 
101	10 
102	6 
103	4 
104	1 
105	9 
106	6 
107	5 
108	5 
109	10 
110	10 
111	8 
112	11 
113	6 
114	11 
115	6 
116	3 
117	9 
118	12 
119	2 
120	11 
121	14 
122	9 
123	11 
124	8 
125	2 
126	12 
127	5 
128	14 
129	14 
130	10 
131	12 
132	2 
133	9 
134	2 
135	8 
136	8 
137	13 
138	9 
139	1 
140	6 
141	4 
142	5 
143	7 
144	12 
145	5 
146	7 
147	7 
148	2 
149	2 
150	11 
151	5 
152	10 
153	9 
154	10 
155	9 
156	10 
157	6 
158	8 
159	10 
160	4 
161	5 
162	6 
163	5 
164	7 
165	8 
166	14 
167	13 
168	8 
169	6 
170	11 
171	12 
172	11 
173	9 
174	14 
175	5 
176	5 
177	8 
178	3 
179	7 
180	8 
181	3 
182	2 
183	8 
184	11 
185	7 
186	7 
187	2 
188	10 
189	9 
190	12 
191	11 
192	9 
193	7 
194	5 
195	5 
196	8 
197	5 
198	1 
199	10 
200	13 
201	1 
202	5 
203	14 
204	3 
205	13 
206	3 
207	5 
208	13 
209	11 
210	1 
211	1 
212	12 
213	9 
214	2 
215	14 
216	9 
217	11 
218	13 
219	3 
220	4 
221	9 
222	8 
223	1 
224	10 
225	6 
226	11 
227	9 
228	6 
229	10 
230	9 
231	2 
232	3 
233	14 
234	6 
235	3 
236	14 
237	6 
238	1 
239	8 
240	8 
241	10 
242	9 
243	1 
244	5 
245	3 
246	14 
247	1 
248	10 
249	3 
250	1 
251	11 
252	2 
253	6 
254	12 
255	10 
256	3 
257	8 
258	14 
259	1 
260	13 
261	10 
262	7 
263	8 
264	3 
265	4 
266	2 
267	11 
268	12 
269	1 
270	5 
271	10 
272	12 
273	4 
274	12 
275	9 
276	5 
277	11 
278	12 
279	5 
280	12 
281	11 
282	9 
283	14 
284	6 
285	6 
286	7 
287	2 
288	1 
289	1 
290	14 
291	7 
292	8 
293	2 
294	5 
295	12 
296	11 
297	5 
298	10 
299	1 
300	9 
301	1 
302	5 
303	9 
304	12 
305	10 
306	12 
307	5 
308	9 
309	1 
310	5 
311	5 
312	7 
313	4 
314	13 
315	2 
316	5 
317	13 
318	4 
319	11 
320	8 
321	5 
322	11 
323	8 
324	2 
325	10 
326	9 
327	2 
328	2 
329	8 
330	9 
331	2 
332	13 
333	2 
334	1 
335	9 
336	14 
337	9 
338	10 
339	9 
340	14 
341	9 
342	13 
343	10 
344	11 
345	10 
346	2 
347	1 
348	2 
349	9 
350	3 
351	5 
352	11 
353	10 
354	7 
355	10 
356	12 
357	8 
358	7 
359	7 
360	8 
361	11 
362	10 
363	12 
364	5 
365	6 
366	3 
367	3 
368	9 
369	7 
370	6 
371	5 
372	7 
373	11 
374	2 
375	12 
376	3 
377	10 
378	9 
379	4 
380	12 
381	5 
382	11 
383	9 
384	8 
385	2 
386	3 
387	12 
388	2 
389	14 
390	9 
391	14 
392	5 
393	10 
394	10 
395	5 
396	6 
397	4 
398	8 
399	2 
400	14 
401	12 
402	11 
403	11 
404	11 
405	9 
406	4 
407	11 
408	11 
409	8 
410	10 
411	11 
412	1 
413	11 
414	2 
415	12 
416	7 
417	12 
418	10 
419	1 
420	5 
421	1 
422	5 
423	12 
424	13 
425	9 
426	2 
427	3 
428	9 
429	10 
430	5 
431	12 
432	8 
433	10 
434	5 
435	2 
436	14 
437	2 
438	11 
439	5 
440	11 
441	11 
442	1 
443	10 
444	12 
445	2 
446	1 
447	13 
448	10 
449	10 
450	14 
451	10 
452	9 
453	13 
454	1 
455	5 
456	9 
457	5 
458	4 
459	8 
460	12 
461	10 
462	8 
463	13 
464	1 
465	14 
466	2 
467	5 
468	4 
469	7 
470	10 
471	13 
472	1 
473	4 
474	6 
475	10 
476	12 
477	1 
478	1 
479	13 
480	9 
481	4 
482	6 
483	8 
484	11 
485	5 
486	5 
487	8 
488	4 
489	2 
490	1 
491	4 
492	2 
493	9 
494	2 
495	11 
496	1 
497	12 
498	2 
499	10 
500	5 
501	8 
502	14 
503	8 
504	2 
505	6 
506	10 
507	10 
508	10 
509	3 
510	1 
511	12 
512	9 
513	1 
514	1 
515	5 
516	11 
517	5 
518	5 
519	2 
520	1 
521	1 
522	8 
523	11 
524	2 
525	10 
526	8 
527	3 
528	5 
529	11 
530	1 
531	11 
532	3 
533	9 
534	3 
535	5 
536	12 
537	7 
538	6 
539	3 
540	2 
541	1 
542	9 
543	2 
544	11 
545	8 
546	11 
547	5 
548	8 
549	5 
550	6 
551	8 
552	2 
553	10 
554	6 
555	14 
556	1 
557	12 
558	2 
559	2 
560	12 
561	2 
562	9 
563	11 
564	14 
565	5 
566	10 
567	2 
568	10 
569	3 
570	3 
571	10 
572	8 
573	3 
574	10 
575	8 
576	2 
577	1 
578	7 
579	2 
580	2 
581	14 
582	5 
583	13 
584	11 
585	12 
586	8 
587	6 
588	12 
589	9 
590	3 
591	12 
592	5 
593	11 
594	1 
595	14 
596	7 
597	7 
598	12 
599	7 
600	5 
601	7 
602	11 
603	14 
604	2 
605	13 
606	2 
607	5 
608	5 
609	12 
610	1 
611	12 
612	12 
613	2 
614	11 
615	2 
616	10 
617	2 
618	11 
619	10 
620	5 
621	11 
622	12 
623	13 
624	4 
625	7 
626	13 
627	13 
628	10 
629	10 
630	14 
631	5 
632	2 
633	5 
634	11 
635	2 
636	4 
637	6 
638	5 
639	5 
640	1 
641	6 
642	2 
643	5 
644	8 
645	1 
646	9 
647	9 
648	4 
649	9 
650	9 
651	14 
652	2 
653	6 
654	3 
655	10 
656	8 
657	7 
658	11 
659	9 
660	13 
661	9 
662	5 
663	11 
664	5 
665	11 
666	12 
667	3 
668	10 
669	12 
670	12 
671	1 
672	12 
673	8 
674	8 
675	5 
676	3 
677	10 
678	4 
679	8 
680	11 
681	8 
682	5 
683	3 
684	12 
685	5 
686	3 
687	4 
688	2 
689	14 
690	11 
691	12 
692	6 
693	14 
694	2 
695	5 
696	14 
697	8 
698	5 
699	14 
700	5 
701	14 
702	12 
703	7 
704	2 
705	3 
706	9 
707	13 
708	12 
709	8 
710	11 
711	12 
712	1 
713	11 
714	8 
715	5 
716	11 
717	9 
718	5 
719	13 
720	14 
721	11 
722	1 
723	5 
724	5 
725	11 
726	5 
727	1 
728	2 
729	9 
730	9 
731	2 
732	1 
733	10 
734	9 
735	7 
736	13 
737	3 
738	6 
739	14 
740	1 
741	6 
742	12 
743	10 
744	8 
745	5 
746	9 
747	12 
748	5 
749	6 
750	13 
751	9 
752	5 
753	9 
754	12 
755	11 
756	2 
757	14 
758	2 
759	5 
760	12 
761	11 
762	9 
763	9 
764	10 
765	6 
766	10 
767	14 
768	12 
769	9 
770	4 
771	1 
772	5 
773	1 
774	8 
775	14 
776	7 
777	7 
778	12 
779	8 
780	12 
781	7 
782	5 
783	10 
784	13 
785	5 
786	8 
787	9 
788	8 
789	8 
790	6 
791	10 
792	3 
793	8 
794	11 
795	7 
796	10 
797	8 
798	10 
799	10 
800	8 
801	11 
802	10 
803	9 
804	8 
805	12 
806	7 
807	9 
808	2 
809	1 
810	9 
811	7 
812	5 
813	4 
814	3 
815	12 
816	7 
817	11 
818	5 
819	14 
820	14 
821	1 
822	12 
823	12 
824	6 
825	9 
826	10 
827	11 
828	2 
829	4 
830	2 
831	13 
832	9 
833	1 
834	9 
835	3 
836	8 
837	9 
838	14 
839	3 
840	14 
841	5 
842	2 
843	14 
844	11 
845	5 
846	13 
847	6 
848	10 
849	11 
850	10 
851	8 
852	4 
853	3 
854	11 
855	2 
856	14 
857	8 
858	12 
859	6 
860	10 
861	9 
862	5 
863	14 
864	1 
865	9 
866	9 
867	10 
868	3 
869	7 
870	3 
871	8 
872	9 
873	1 
874	12 
875	14 
876	1 
877	1 
878	13 
879	8 
880	3 
881	11 
882	10 
883	10 
884	2 
885	7 
886	10 
887	11 
888	11 
889	1 
890	9 
891	1 
892	13 
893	9 
894	6 
895	12 
896	14 
897	5 
898	3 
899	3 
900	1 
901	1 
902	7 
903	2 
904	11 
905	12 
906	2 
907	14 
908	8 
909	1 
910	1 
911	8 
912	9 
913	14 
914	5 
915	10 
916	6 
917	12 
918	9 
919	8 
920	5 
921	1 
922	6 
923	10 
924	12 
925	4 
926	9 
927	10 
928	6 
929	5 
930	2 
931	13 
932	12 
933	12 
934	13 
935	13 
936	6 
937	9 
938	14 
939	12 
940	11 
941	8 
942	13 
943	14 
944	14 
945	5 
946	8 
947	5 
948	2 
949	2 
950	6 
951	1 
952	11 
953	9 
954	6 
955	9 
956	13 
957	11 
958	3 
959	4 
960	1 
961	5 
962	9 
963	8 
964	5 
965	5 
966	7 
967	13 
968	10 
969	6 
970	13 
971	9 
972	2 
973	11 
974	8 
975	10 
976	4 
977	5 
978	1 
979	6 
980	12 
981	7 
982	12 
983	8 
984	11 
985	12 
986	1 
987	1 
988	5 
989	4 
990	8 
991	14 
992	6 
993	11 
994	2 
995	5 
996	2 
997	13 
998	5 
999	2 
1000	11 
